0.025230899000234785
0.08235788499996488
0.10003887499988195
0.13616028599972196
0.23741906699979154
0.3955618170002708
0.06281916200032356
0.07615575399995578
0.09185400500018659
0.04180985999983022
0.2358570179999333
0.3899730250000175
0.08576780999965194
0.08199774699960471
0.09074062199988475
0.1398358010001175
0.21439227100017888
0.3847478389998287
0.012468370000078721
0.05522110099991551
0.08339309599978151
0.13289093299999877
0.21745808799960287
0.38215823900009127
0.012830483000016102
0.07592169999998077
0.08227859699991313
0.14194397800019942
0.21904592600003525
0.40700900699994236
0.0600620989998788
0.08506601599992791
0.08937000099967918
0.13816463800003476
0.22015210700010357
0.39743022699985886
0.026433773000007932
0.08103761199981818
0.10046712899975319
0.1428190300002825
0.22384105499986617
0.38952896800037706
0.011221899999782181
0.0841248829997312
0.08834566399991672
0.13743658199973652
0.2073608549999335
0.3948746609999034
0.05246022200026346
0.07167183899991869
0.08279796200031342
0.12795167900003435
0.20328657800018846
0.3811741519998577
0.046886331000223436
0.08682096700022157
0.09658110300006228
0.13016779999998107
0.2114287399999739
0.3822347450000052
0.07387047300017002
0.06843273100002989
0.0823534539999855
0.12306784399970638
0.21238738900001408
0.3918927489999078
0.05065724999985832
0.08582207300014488
0.08253974800027208
0.125037097999666
0.2071700649999002
0.3845156280003721
0.06375087799960966
0.0801237530004073
0.08254578200012475
0.12693831600017802
0.21142226399979336
0.38366564300031314
0.02798578900001303
0.07526999599986084
0.08693536400005542
0.1325812830000359
0.22546823499988022
0.3907505930001207
0.05518173399968873
0.08090870100022585
0.07989872300004208
0.1272509089999403
0.2225021360000028
0.3761027870000362
0.05333164500007115
0.08090125500029899
0.08739501299987751
0.12821289900011834
0.23748642400005338
0.39079237299984015
0.06707905500024935
0.04757173599955422
0.08379611899999873
0.1385741440003585
0.2248341699996672
0.39969758200004435
0.0371758419996695
0.07576823499994134
0.09518770000022414
0.13600324800017916
0.21468374200003382
0.3820852610001566
0.02096383700018123
0.028433422000034625
0.08298681299993405
0.14829037799972866
0.22159770500002196
0.37022329100000206
0.07548542499989708
0.08323262599969894
0.09303585900033795
0.1338307050000367
0.22236724599997615
0.3847858479998649
0.06791126100006295
0.07123139199984507
0.09650336899994727
0.1351848469998913
0.2258199859998058
0.3830108060001294
0.0508969249999609
0.0808594869999979
0.09877928300011263
0.12913222499992116
0.20734142499986774
0.3684204309997767
0.018079282000144303
0.08792965200018443
0.09492548400021406
0.13848789900021075
0.2144372799998564
0.3792334889999438
0.07745573599959243
0.08875506499998664
0.08843156100010674
0.13020602699998562
0.20904304599980605
0.38010892800002694
0.06722994899973855
0.08401852900033191
0.09081803800017951
0.1324167610000586
0.21155362600029548
0.3916915899999367
0.05729140699986601
0.08190926299994317
0.09343338400003631
0.13445397299983597
0.21312120399988999
0.3882083710000188
0.08042264999994586
0.08061708900004305
0.08283699599996908
0.12680833100012023
0.21003479199998765
0.39636142200015456
0.0737899529999595
0.08256920199983142
0.09141444800025056
0.13119723799991334
0.21728704999986803
0.4019444270002168
0.022884037000039825
0.022442633000082424
0.08370135299992398
0.1321321360001093
0.2272054999998545
0.4060004799998751
0.028040099000008922
0.0340491120000479
0.08414293800024097
0.13229064400002244
0.2136167500002557
0.402036599999974
0.02621993399998246
0.08301150399984181
0.08969154099986554
0.12597737199985204
0.22254644699978599
0.39085040999998455
0.02636123599995699
0.08423432200015668
0.09092551999992793
0.13552191500002664
0.2248504320000393
0.39263171399989005
0.02504264700019121
0.08316810099995564
0.09293606399978671
0.13214753299962467
0.20989014499991754
0.38912719900008597
0.022723261000010098
0.08348867499989865
0.09099049800033754
0.13303146699990975
0.22276035799995952
0.3889214959999663
0.05247497000027579
0.08289694999984931
0.09842536399992241
0.13062540400005673
0.23262743600025715
0.3914862040001026
0.033627863000219804
0.0851478570002655
0.10723660900021059
0.13040605100013636
0.2230370409997704
0.3863745310000013
0.022599935000016558
0.08271084300031362
0.09329875700041157
0.09416816300017672
0.2325511560002269
0.39632834599979105
0.07658676099981676
0.08394127499968818
0.09007283099981578
0.14537246800000503
0.21423193999999057
0.3799413619999541
0.021989819999816973
0.0863304600002266
0.09078444199985825
0.14247077199979685
0.21074177199989208
0.39460687300015707
0.021729023999796482
0.06862942499992641
0.0920433100000082
0.16171895900015443
0.212179634000222
0.3854982799998652
0.06314594900004522
0.08230249199959871
0.09508658999993713
0.12845656099989355
0.20917738300022393
0.3884168280001177
0.07924120100005894
0.08251681699994151
0.08814992999987226
0.1340323700001136
0.2092655599999489
0.39641438599983303
0.023531652000201575
0.09357488599971475
0.08830104399976335
0.12873111699991568
0.22010134199990716
0.39206319499999154
0.09112351500016302
0.08211300300035873
0.08642994500041823
0.13219306200016945
0.2172296510002525
0.38855519899971114
0.01906390999965879
0.08032242199988104
0.08314978899989
0.1285651319999488
0.22816411900021194
0.3940188719998332
