0.12202380952380952
0.11607142857142858
0.12202380952380952
0.125
0.1130952380952381
0.11904761904761904
0.125
0.11904761904761904
0.13392857142857142
0.125
0.13690476190476192
0.13690476190476192
0.1488095238095238
0.1130952380952381
0.125
0.125
0.13095238095238096
0.11607142857142858
0.12202380952380952
0.13095238095238096
0.125
0.12202380952380952
0.15773809523809523
0.10714285714285714
0.125
0.13690476190476192
0.1130952380952381
0.125
0.12797619047619047
0.20238095238095238
0.15178571428571427
0.125
0.12797619047619047
0.13392857142857142
0.12797619047619047
0.14285714285714285
0.08630952380952381
0.12797619047619047
0.15178571428571427
0.125
0.125
0.15476190476190477
0.125
0.125
0.125
0.125
0.12202380952380952
0.13392857142857142
0.12202380952380952
0.17261904761904762
0.11904761904761904
0.125
0.125
0.11904761904761904
0.12797619047619047
0.11904761904761904
0.11904761904761904
0.125
0.13392857142857142
0.125
0.1130952380952381
0.125
0.125
0.12202380952380952
0.11904761904761904
0.11607142857142858
0.125
0.11904761904761904
0.09523809523809523
0.125
0.14583333333333334
0.16666666666666666
0.11904761904761904
0.125
0.125
0.125
0.12797619047619047
0.13690476190476192
0.13095238095238096
0.12797619047619047
0.125
0.125
0.125
0.12202380952380952
0.12202380952380952
0.08928571428571429
0.13690476190476192
0.125
0.11607142857142858
0.12202380952380952
0.13988095238095238
0.14285714285714285
0.11011904761904762
0.125
0.125
0.09226190476190477
0.1130952380952381
0.12797619047619047
0.12797619047619047
0.125
0.125
0.13095238095238096
0.13095238095238096
0.12202380952380952
0.125
0.12797619047619047
0.12202380952380952
0.11607142857142858
0.10416666666666667
0.12797619047619047
0.125
0.1130952380952381
0.11011904761904762
0.15178571428571427
0.11904761904761904
0.125
0.12202380952380952
0.125
0.125
0.10119047619047619
0.125
0.1488095238095238
0.125
0.10714285714285714
0.1488095238095238
0.11011904761904762
0.125
0.14285714285714285
0.1130952380952381
0.12202380952380952
0.125
0.17857142857142858
0.11607142857142858
0.10416666666666667
0.13392857142857142
0.125
0.125
0.125
0.125
0.125
0.1130952380952381
0.125
0.1636904761904762
0.13690476190476192
0.11904761904761904
0.125
0.14583333333333334
0.10714285714285714
0.125
0.13988095238095238
0.125
0.125
0.10714285714285714
0.125
0.13095238095238096
0.15178571428571427
0.12797619047619047
0.13690476190476192
0.12202380952380952
0.125
0.125
0.12797619047619047
0.13095238095238096
0.13690476190476192
0.125
0.125
0.12202380952380952
0.12797619047619047
0.13095238095238096
0.09523809523809523
0.125
0.13690476190476192
0.12797619047619047
0.125
0.125
0.11011904761904762
0.1130952380952381
0.14285714285714285
0.13690476190476192
0.15773809523809523
0.125
0.125
0.1130952380952381
0.16666666666666666
0.12202380952380952
0.13988095238095238
0.12797619047619047
0.11607142857142858
0.13095238095238096
0.125
0.1875
0.12202380952380952
0.12202380952380952
0.12202380952380952
0.13988095238095238
0.12202380952380952
0.13392857142857142
0.12202380952380952
0.13690476190476192
0.12202380952380952
0.12202380952380952
0.125
0.13095238095238096
0.14285714285714285
0.12797619047619047
0.125
0.1130952380952381
0.125
0.12202380952380952
0.19940476190476192
0.11607142857142858
0.1130952380952381
0.11607142857142858
0.12797619047619047
0.12202380952380952
0.13392857142857142
0.12797619047619047
0.125
0.10416666666666667
0.13095238095238096
0.12202380952380952
0.19047619047619047
0.12797619047619047
0.12202380952380952
0.10714285714285714
0.125
0.1488095238095238
0.1130952380952381
0.125
0.11607142857142858
0.07738095238095238
0.12797619047619047
0.11011904761904762
0.125
0.1130952380952381
0.12202380952380952
0.12202380952380952
0.125
0.125
0.13392857142857142
0.11904761904761904
0.12797619047619047
0.12797619047619047
0.125
0.12202380952380952
0.1488095238095238
0.11904761904761904
0.125
0.11904761904761904
0.125
0.12202380952380952
0.125
0.11904761904761904
0.13392857142857142
0.12797619047619047
0.125
0.12202380952380952
0.11904761904761904
0.125
0.12797619047619047
0.13392857142857142
0.16071428571428573
0.10119047619047619
0.15178571428571427
0.14583333333333334
0.12202380952380952
0.12202380952380952
0.125
0.125
0.12797619047619047
