0.14610321800000747
0.24117012099986823
0.3622449209997285
0.5509953750001841
0.9136430100002144
1.690623878000224
0.06189201499955743
0.044873675999951956
0.35849796499996955
0.5480461199999809
0.9393482799996491
1.5144091400002253
0.16148933499971463
0.19347661999972843
0.05030531400007021
0.5492951840001297
0.9183243219999895
1.707104142999924
0.13781690599989815
0.07856988000003184
0.3655160570001499
0.5442333330001929
0.9132616450001478
1.7012533649999568
0.06698148599980414
0.05447506699965743
0.04976342999998451
0.5415773290001198
0.9340721409998878
1.715351757999997
0.044564806000380486
0.24676657500003785
0.36862611200012907
0.5368570040000122
0.9169544010001118
1.6903859819999525
0.10826621900014288
0.25144407900006627
0.36644669999986945
0.5411417519999304
0.9202739249999468
1.708531055000094
0.04316978299993934
0.07336396499977127
0.3637458129996958
0.5345609110004261
0.9271996200000103
1.693995196999822
0.06760301800022717
0.15921955699968748
0.3796960399999989
0.5367401799999243
0.9287866790000407
1.419719989999976
0.05536878600014461
0.07300795899982404
0.36558253399971363
0.5501503640002738
0.9231557260000045
1.7169942350001293
0.1101230970002689
0.045746126000267395
0.047179701999993995
0.5392806170002586
0.9213702480001302
1.5865330700003142
0.05655085999978837
0.2453203099998973
0.35667856299960476
0.5461852339999496
0.9367347819998031
1.7073131789998115
0.14787878400011323
0.25519631599991044
0.37175376300001517
0.5396967659999063
0.9214092259999234
1.7025164880001284
0.18020994600010454
0.30940503200008607
0.049222716000258515
0.5383130190002703
0.9371188109998911
1.7003493189999972
0.10094962700031829
0.2002722110000832
0.3813647049996689
0.529898373999913
0.9242209379999622
1.703954307999993
0.04516510699977516
0.04456794699990496
0.24952270399990084
0.5551342409999052
0.9271541409998463
1.700560549000329
0.058742566000091756
0.04469850299983591
0.35826559199995245
0.5458018640001683
0.9158961349999117
1.0773920159999761
0.04488463899997441
0.04622184700019716
0.3560659599997962
0.532720552000228
0.9146978680000757
1.6844868719999795
0.05683132200010732
0.33829158099979395
0.356509468999775
0.5382175040003858
0.9134558679998008
1.7058964689999812
0.06513446200006001
0.08916567599999325
0.37218662400027824
0.45712968800035014
0.9314045470000565
1.7206852220001565
0.059098429000187025
0.04503627199983384
0.3577386820002175
0.5435701700002937
0.9307807050004158
1.6986471410000377
0.05132472200011762
0.04497298500018587
0.09113832699995328
0.5560115969997241
0.910668294000061
1.6731563959997402
0.0513779699999759
0.0443313699997816
0.3202131759999247
0.5544099030003053
0.9288373710000997
1.7021095640002386
0.0694467270000132
0.05569885900013105
0.3678390599998238
0.5518317700002626
0.9272621209997851
1.704971149999892
0.0697589159999552
0.24104379700020218
0.35511682100013786
0.5409259970001585
0.9305020070000865
1.7226388029998816
0.09502205899980254
0.20923679900033676
0.10911299999997937
0.5511207399999876
0.9494905869996728
1.6988086840001415
0.06391319800013662
0.22545911399993201
0.3593037559999175
0.5502158660001442
0.91805891399963
1.582854903000225
0.09064931500006423
0.07266221899999437
0.07643476100020052
0.536955732000024
0.9045391099998596
1.7017685850000817
0.04401612599986038
0.058179385000130424
0.36864766700000473
0.5326601349997873
0.9189604759999384
1.7026116600000023
0.044301210999947216
0.04461160099981498
0.3623164179998639
0.5376015580000058
0.9117555489997358
1.7045574250000755
0.04428498800007219
0.04479611400029171
0.35602514800029894
0.5412616369999341
0.9302854990000924
1.6987268670000049
0.06727813899988178
0.0783891180003593
0.365699140000288
0.5459119779998218
0.9368832469999688
1.7017491740002697
0.04512411400037308
0.32439463199989405
0.3732572590001837
0.53857529600009
0.9290867549998438
1.702449586000057
0.1962939559998631
0.057303521999983786
0.3699604180001188
0.53807782199965
0.8828622720002386
1.7036859239997284
0.06694036499993672
0.05638681099981113
0.3716696009996667
0.5363019740002528
0.9167271139999684
1.5439000639998994
0.06743153899969911
0.05992052000010517
0.3738444000000527
0.5427146970000649
0.9223090739997133
1.691476085999966
0.09152820600002087
0.1023030880000988
0.05234199999995326
0.5593177189998642
0.9320278069999404
1.7180054180003026
0.1466158089997407
0.07934461300010298
0.3689932760003103
0.5343530760001158
0.9177295849999609
1.6924052569997912
0.09598457300035079
0.2623162689997116
0.3717189740000322
0.5337637809998341
0.9229324859998087
1.7039956519997759
0.04618686200001321
0.07784736400026304
0.06276152999998885
0.5479064579999431
0.9140374889998384
1.7005764670002463
0.1061658520002311
0.06867837800018606
0.37066981800035137
0.5396854370001165
0.9331036860003223
1.7116674999997485
0.053490798999973777
0.056281857999692875
0.36214929099969595
0.5420918169998004
0.9287692630000492
1.6869615700002214
0.04732039900000018
0.04634774399983144
0.36313848899999357
0.5329532509999808
0.9174706860003425
1.5986360050001167
0.11920452499998646
0.0568307809999169
0.3923073280002427
0.5320639549995576
0.9168044259999988
1.7038942829999542
0.04539679600020463
0.3646393740000349
0.056322743999771774
0.41518763100020806
0.8408301589997791
1.6939470729998902
