0.4126238999999714
0.42314669999996113
0.531866300000047
0.7872899999999845
1.3233483000001343
2.4798011000000315
0.3946333000001232
0.42276280000010047
0.5251783999999589
0.7849189999999453
1.325873799999954
2.478451899999982
0.3702942999998413
0.42002839999986463
0.531907799999999
0.786178800000016
1.32390149999992
2.4791619000000082
0.05319600000007085
0.41887960000008206
0.5277086999999483
0.7852961999999479
1.326168800000005
2.47527429999991
0.3934853999999177
0.4157081000000744
0.5297199999999975
0.7878180999998676
1.3222240000000056
2.481223099999852
0.3962757000001602
0.05667930000004162
0.5249268000000029
0.7903148999998848
1.3232081999999536
2.4773967999999513
0.39177909999989424
0.4179277999999158
0.5257217000000765
0.7905602000000727
1.3275321999999505
2.4773958999999195
0.3915176000000429
0.4163115999999718
0.527336699999978
0.7869799000000057
1.3241047999999864
2.4774706999999125
0.39343159999998534
0.42273980000004485
0.5239874999999756
0.787802499999998
1.3241994999998496
2.4779677000001357
0.3929540999999972
0.41957669999987957
0.5288318000000345
0.7856111000000965
1.3246907000000192
2.47903650000012
0.39594060000013087
0.4167523999999503
0.5274743999998464
0.7843030000001363
1.3239944000001742
2.476739799999905
0.3929997000000185
0.41719060000013997
0.5287316000001283
0.7882594000000154
1.3222109000000728
2.477268399999957
0.052746000000070126
0.415917699999909
0.5248023999999987
0.7875713000000815
1.3246424000001298
2.4785082999999304
0.3928230999999869
0.22162820000016836
0.5267424999999548
0.7862734000000273
1.326171899999963
2.4774230999998963
0.3974428999999873
0.4202001000001019
0.5257684000000609
0.7894267000001491
1.3263692000000447
2.478393399999959
0.3922627999997985
0.4200398000000405
0.5266651999997976
0.7853889000000436
1.3229882999999063
2.4773936000001413
0.3934414000000288
0.42192439999985254
0.5273790999999619
0.7849963000001026
1.324280999999928
2.4752447000000757
0.39578789999995934
0.4177240999999867
0.5250525999999809
0.787262599999849
1.3225492999999915
2.4782950999999684
0.3951293000000078
0.4230910000001131
0.52424730000007
0.7880995000000439
1.3231653999998798
2.4803320999999414
0.40107309999984864
0.42176150000000234
0.5259078999999929
0.7883730999999443
1.3224949999998898
2.4766303999999764
0.39251360000002933
0.41874860000007175
0.5241527000000588
0.7855079999999361
1.322150499999907
2.4775677000000087
0.39466970000012225
0.4187460000000556
0.5264303999999811
0.7855320999999549
1.325433700000076
2.4749779000001126
0.3927753999998913
0.417743800000153
0.5261523000001489
0.7870303000001968
1.3231811000000562
2.47772800000007
0.3938947999999982
0.4232612999999219
0.532478699999956
0.7865628000001834
1.3232040000000325
2.475826599999891
0.3965261000000737
0.056042500000103246
0.5281574999999066
0.7889711999998781
1.3245054999999866
2.475992700000006
0.22264780000000428
0.41569989999993595
0.5250727000000097
0.7891518999999789
1.321512900000016
2.478474600000027
0.20870679999984532
0.4220139999999901
0.5265388999998777
0.7861513000000286
1.3229989999999816
2.477617799999962
0.3360377999999855
0.41657280000003993
0.5264879999999721
0.7852480999999898
1.323361499999919
2.47544280000011
0.3918719000000692
0.418905999999879
0.5251811000000544
0.7928417999999056
1.3220393999999942
2.4761581000000206
0.39236929999992753
0.4217478000000483
0.5252835999999661
0.7864481999999953
1.3242259000001013
2.476482100000112
0.15837899999996807
0.41838320000010754
0.5244769000000815
0.7889204999999038
1.324148900000182
2.476529100000107
0.3934999999999036
0.4234551999998075
0.5260776000000078
0.7854692999999315
1.3226492999999664
2.478106499999967
0.3950176000000738
0.41793280000001687
0.5286581000000297
0.7870170999999573
1.3233964000000924
2.477700000000141
0.3923480999999356
0.40337240000008023
0.5251209000000472
0.7883561999999529
1.3232484000000113
2.488589400000137
0.3941170000000511
0.42424449999998615
0.5278806000001168
0.7901871999999912
1.3211080999999467
2.477583500000037
0.3842253000000255
0.4242632999998932
0.5245956999999635
0.7902243999999428
1.323621699999876
2.476842799999986
0.39347129999987374
0.41921819999993204
0.5266504000001078
0.7855217999999695
1.3240218999999342
2.475303699999813
0.23488159999988056
0.4187626000000364
0.5260219000001598
0.7885043000001133
1.3231187999999747
2.4759478999999374
0.39768910000020696
0.41730119999988347
0.530610999999908
0.7882662999998047
1.324814399999923
2.476528599999938
0.3049272999999175
0.41735719999996945
0.5274391000000378
0.7844230000000607
1.324517700000115
2.4804266999999527
0.19627239999999802
0.41962050000006457
0.5263155000000097
0.7852883000000475
1.3225933999999597
2.476691399999936
0.39395859999990535
0.4191646000001583
0.524734700000181
0.7874450999997862
1.321874600000001
2.479129000000057
0.3139435999999023
0.41788130000009005
0.5298580000001039
0.7876357000000098
1.323185599999988
2.477243099999896
0.3967081999999209
0.4199616999999307
0.5256151999999474
0.789216000000124
1.3232963999998901
2.4778833999998824
0.3920928999998523
0.41911610000011024
0.5261959999997998
0.7867750999998862
1.3266095999999834
2.4753063999999085
