0.2261904761904762
0.40476190476190477
0.36904761904761907
0.34523809523809523
0.6130952380952381
0.7440476190476191
0.22023809523809523
0.16666666666666666
0.30654761904761907
0.43154761904761907
0.6071428571428571
0.8214285714285714
0.24702380952380953
0.2708333333333333
0.2113095238095238
0.39285714285714285
0.5714285714285714
0.6934523809523809
0.11904761904761904
0.20238095238095238
0.21726190476190477
0.41964285714285715
0.5535714285714286
0.7589285714285714
0.16964285714285715
0.21726190476190477
0.33035714285714285
0.375
0.48214285714285715
0.6875
0.23214285714285715
0.09226190476190477
0.22916666666666666
0.30952380952380953
0.47619047619047616
0.6636904761904762
0.2857142857142857
0.26785714285714285
0.32142857142857145
0.34523809523809523
0.6220238095238095
0.8095238095238095
0.23809523809523808
0.23511904761904762
0.32142857142857145
0.4494047619047619
0.5952380952380952
0.7827380952380952
0.125
0.1636904761904762
0.15773809523809523
0.4375
0.5714285714285714
0.7470238095238095
0.24404761904761904
0.21428571428571427
0.30654761904761907
0.34226190476190477
0.6041666666666666
0.7142857142857143
0.20833333333333334
0.22023809523809523
0.20535714285714285
0.4494047619047619
0.6666666666666666
0.7589285714285714
0.2857142857142857
0.20833333333333334
0.32142857142857145
0.41369047619047616
0.5505952380952381
0.6726190476190477
0.16666666666666666
0.23214285714285715
0.2619047619047619
0.4494047619047619
0.6041666666666666
0.6785714285714286
0.20833333333333334
0.14583333333333334
0.3630952380952381
0.375
0.5148809523809523
0.6577380952380952
0.25
0.3125
0.41369047619047616
0.4226190476190476
0.6309523809523809
0.7678571428571429
0.21726190476190477
0.20535714285714285
0.2648809523809524
0.4166666666666667
0.6726190476190477
0.7886904761904762
0.17261904761904762
0.31845238095238093
0.33035714285714285
0.3958333333333333
0.5386904761904762
0.7023809523809523
0.24404761904761904
0.3005952380952381
0.2767857142857143
0.41964285714285715
0.5863095238095238
0.7202380952380952
0.24107142857142858
0.3005952380952381
0.2708333333333333
0.3482142857142857
0.5863095238095238
0.7232142857142857
0.21726190476190477
0.27380952380952384
0.3541666666666667
0.40773809523809523
0.6696428571428571
0.7589285714285714
0.21428571428571427
0.3392857142857143
0.38095238095238093
0.3958333333333333
0.6220238095238095
0.7113095238095238
0.30952380952380953
0.27380952380952384
0.23809523809523808
0.37797619047619047
0.6369047619047619
0.7886904761904762
0.20833333333333334
0.26785714285714285
0.21428571428571427
0.4017857142857143
0.5505952380952381
0.7023809523809523
0.17857142857142858
0.17559523809523808
0.37797619047619047
0.3333333333333333
0.5833333333333334
0.6666666666666666
0.1875
0.125
0.2261904761904762
0.36607142857142855
0.5654761904761905
0.6815476190476191
0.15773809523809523
0.3392857142857143
0.34226190476190477
0.33035714285714285
0.6220238095238095
0.7976190476190477
0.13392857142857142
0.31845238095238093
0.3244047619047619
0.3898809523809524
0.6577380952380952
0.7589285714285714
0.25595238095238093
0.2708333333333333
0.39880952380952384
0.3869047619047619
0.6011904761904762
0.7202380952380952
0.3005952380952381
0.19642857142857142
0.30654761904761907
0.41369047619047616
0.6488095238095238
0.8154761904761905
0.2113095238095238
0.20535714285714285
0.3244047619047619
0.4494047619047619
0.5595238095238095
0.7857142857142857
0.20535714285714285
0.34523809523809523
0.22916666666666666
0.47619047619047616
0.5714285714285714
0.7559523809523809
0.30952380952380953
0.24404761904761904
0.2916666666666667
0.3333333333333333
0.5625
0.6875
0.33630952380952384
0.27380952380952384
0.35119047619047616
0.4226190476190476
0.6577380952380952
0.7232142857142857
0.15773809523809523
0.22916666666666666
0.38392857142857145
0.30952380952380953
0.5773809523809523
0.7678571428571429
0.24702380952380953
0.22023809523809523
0.3392857142857143
0.4226190476190476
0.5625
0.7291666666666666
0.22321428571428573
0.2708333333333333
0.3125
0.41369047619047616
0.6130952380952381
0.7976190476190477
0.25892857142857145
0.29464285714285715
0.2767857142857143
0.40773809523809523
0.5744047619047619
0.7589285714285714
0.28869047619047616
0.19940476190476192
0.27380952380952384
0.41369047619047616
0.6011904761904762
0.7113095238095238
0.21428571428571427
0.35119047619047616
0.2619047619047619
0.3125
0.5148809523809523
0.6994047619047619
0.21726190476190477
0.15178571428571427
0.25
0.41369047619047616
0.5119047619047619
0.6547619047619048
0.21428571428571427
0.23511904761904762
0.36904761904761907
0.39285714285714285
0.6101190476190477
0.7470238095238095
0.31845238095238093
0.30654761904761907
0.3005952380952381
0.4166666666666667
0.5327380952380952
0.7142857142857143
0.125
0.2916666666666667
0.21428571428571427
0.4166666666666667
0.5863095238095238
0.6636904761904762
0.2648809523809524
0.2261904761904762
0.3601190476190476
0.4166666666666667
0.5416666666666666
0.7559523809523809
0.23809523809523808
0.3005952380952381
0.28869047619047616
0.43154761904761907
0.5773809523809523
0.7440476190476191
