0.17857142857142858
0.10714285714285714
0.1488095238095238
0.20535714285714285
0.34523809523809523
0.5089285714285714
0.25297619047619047
0.125
0.12202380952380952
0.12797619047619047
0.44047619047619047
0.5446428571428571
0.20238095238095238
0.20833333333333334
0.13095238095238096
0.25297619047619047
0.15476190476190477
0.5357142857142857
0.1636904761904762
0.10714285714285714
0.27380952380952384
0.17559523809523808
0.44047619047619047
0.6130952380952381
0.125
0.19345238095238096
0.20238095238095238
0.27976190476190477
0.4642857142857143
0.5803571428571429
0.15773809523809523
0.13988095238095238
0.17261904761904762
0.125
0.39880952380952384
0.5178571428571429
0.13988095238095238
0.15178571428571427
0.19642857142857142
0.125
0.15178571428571427
0.49107142857142855
0.10416666666666667
0.14285714285714285
0.13690476190476192
0.14285714285714285
0.19047619047619047
0.4880952380952381
0.1488095238095238
0.17261904761904762
0.23511904761904762
0.11904761904761904
0.2113095238095238
0.5267857142857143
0.12202380952380952
0.19642857142857142
0.13690476190476192
0.11904761904761904
0.4375
0.6339285714285714
0.13690476190476192
0.22023809523809523
0.11011904761904762
0.1636904761904762
0.4107142857142857
0.49107142857142855
0.13095238095238096
0.2619047619047619
0.25892857142857145
0.14285714285714285
0.24702380952380953
0.2708333333333333
0.16071428571428573
0.15178571428571427
0.14285714285714285
0.16964285714285715
0.4255952380952381
0.5446428571428571
0.16071428571428573
0.18154761904761904
0.23809523809523808
0.15476190476190477
0.18452380952380953
0.31547619047619047
0.24107142857142858
0.20535714285714285
0.14583333333333334
0.14285714285714285
0.16964285714285715
0.2857142857142857
0.19047619047619047
0.12797619047619047
0.22321428571428573
0.11607142857142858
0.4226190476190476
0.5446428571428571
0.19345238095238096
0.18452380952380953
0.16071428571428573
0.17857142857142858
0.17857142857142858
0.5148809523809523
0.16964285714285715
0.20535714285714285
0.24702380952380953
0.18154761904761904
0.4375
0.4732142857142857
0.17857142857142858
0.16071428571428573
0.21726190476190477
0.16666666666666666
0.1875
0.30654761904761907
0.11607142857142858
0.19642857142857142
0.14285714285714285
0.17559523809523808
0.375
0.5327380952380952
0.20833333333333334
0.1636904761904762
0.16666666666666666
0.12797619047619047
0.17559523809523808
0.5565476190476191
0.16666666666666666
0.16071428571428573
0.1488095238095238
0.13392857142857142
0.3869047619047619
0.5119047619047619
0.18154761904761904
0.15476190476190477
0.15178571428571427
0.14583333333333334
0.10714285714285714
0.5089285714285714
0.1130952380952381
0.20833333333333334
0.125
0.15476190476190477
0.19345238095238096
0.5744047619047619
0.1488095238095238
0.13988095238095238
0.17261904761904762
0.15773809523809523
0.19345238095238096
0.3273809523809524
0.13095238095238096
0.15476190476190477
0.1636904761904762
0.13095238095238096
0.3392857142857143
0.3005952380952381
0.125
0.14583333333333334
0.21428571428571427
0.11904761904761904
0.4255952380952381
0.5714285714285714
0.11904761904761904
0.1875
0.14285714285714285
0.1636904761904762
0.41964285714285715
0.4494047619047619
0.15178571428571427
0.19047619047619047
0.13690476190476192
0.16964285714285715
0.34523809523809523
0.48214285714285715
0.12797619047619047
0.14583333333333334
0.22916666666666666
0.1488095238095238
0.13690476190476192
0.21428571428571427
0.11607142857142858
0.13392857142857142
0.1636904761904762
0.20238095238095238
0.26785714285714285
0.5773809523809523
0.15773809523809523
0.125
0.16964285714285715
0.125
0.4107142857142857
0.5476190476190477
0.13988095238095238
0.20833333333333334
0.22916666666666666
0.19047619047619047
0.2113095238095238
0.5327380952380952
0.14285714285714285
0.23214285714285715
0.11011904761904762
0.13988095238095238
0.16071428571428573
0.49404761904761907
0.15773809523809523
0.16964285714285715
0.125
0.20535714285714285
0.2261904761904762
0.49404761904761907
0.12797619047619047
0.17559523809523808
0.08630952380952381
0.17261904761904762
0.37797619047619047
0.5684523809523809
0.14285714285714285
0.125
0.12202380952380952
0.12202380952380952
0.2113095238095238
0.49702380952380953
0.1636904761904762
0.10714285714285714
0.15178571428571427
0.1488095238095238
0.4226190476190476
0.49702380952380953
0.15773809523809523
0.1488095238095238
0.1488095238095238
0.13988095238095238
0.35714285714285715
0.5238095238095238
0.13095238095238096
0.16666666666666666
0.23511904761904762
0.19642857142857142
0.22321428571428573
0.6160714285714286
0.14583333333333334
0.1636904761904762
0.13392857142857142
0.125
0.15773809523809523
0.4375
0.14285714285714285
0.1488095238095238
0.23511904761904762
0.10119047619047619
0.25
0.5089285714285714
0.15178571428571427
0.15773809523809523
0.16071428571428573
0.14583333333333334
0.3273809523809524
0.5357142857142857
0.08630952380952381
0.15178571428571427
0.15178571428571427
0.14285714285714285
0.15178571428571427
0.34523809523809523
0.1636904761904762
0.125
0.13095238095238096
0.1636904761904762
0.34523809523809523
0.27976190476190477
