0.23125
0.30416666666666664
0.46875
0.6083333333333333
0.7395833333333334
0.8375
0.2708333333333333
0.32083333333333336
0.47291666666666665
0.6791666666666667
0.7479166666666667
0.85
0.21458333333333332
0.26666666666666666
0.39791666666666664
0.5270833333333333
0.7708333333333334
0.8020833333333334
0.25
0.34791666666666665
0.44166666666666665
0.6020833333333333
0.7270833333333333
0.8604166666666667
0.225
0.34375
0.44375
0.575
0.6958333333333333
0.7979166666666667
0.27708333333333335
0.3333333333333333
0.42916666666666664
0.6041666666666666
0.7270833333333333
0.8145833333333333
0.225
0.35208333333333336
0.49375
0.55625
0.7791666666666667
0.8479166666666667
0.19375
0.3229166666666667
0.4270833333333333
0.5354166666666667
0.6625
0.8145833333333333
0.18125
0.30833333333333335
0.43333333333333335
0.5875
0.7104166666666667
0.7854166666666667
0.23333333333333334
0.3416666666666667
0.4479166666666667
0.7166666666666667
0.7354166666666667
0.80625
0.21041666666666667
0.3145833333333333
0.3854166666666667
0.6145833333333334
0.7020833333333333
0.825
0.2375
0.39375
0.45
0.5916666666666667
0.66875
0.775
0.23958333333333334
0.36875
0.42916666666666664
0.6395833333333333
0.7083333333333334
0.825
0.18125
0.25833333333333336
0.42291666666666666
0.5666666666666667
0.675
0.8541666666666666
0.24375
0.32708333333333334
0.47708333333333336
0.6125
0.6979166666666666
0.7791666666666667
0.25625
0.3020833333333333
0.5229166666666667
0.6854166666666667
0.78125
0.8458333333333333
0.22916666666666666
0.3458333333333333
0.49166666666666664
0.55625
0.6916666666666667
0.8145833333333333
0.23333333333333334
0.3333333333333333
0.45416666666666666
0.60625
0.7041666666666667
0.8208333333333333
0.20416666666666666
0.35
0.45625
0.5145833333333333
0.7208333333333333
0.8083333333333333
0.1875
0.33541666666666664
0.42916666666666664
0.6229166666666667
0.69375
0.7729166666666667
0.2625
0.32916666666666666
0.5
0.5625
0.7041666666666667
0.8104166666666667
0.1625
0.3729166666666667
0.47291666666666665
0.61875
0.6979166666666666
0.8083333333333333
0.25
0.29583333333333334
0.45
0.6708333333333333
0.7354166666666667
0.7770833333333333
0.25
0.35625
0.49583333333333335
0.6729166666666667
0.6895833333333333
0.8479166666666667
0.22708333333333333
0.39375
0.42916666666666664
0.5854166666666667
0.6895833333333333
0.8
0.28125
0.3729166666666667
0.4354166666666667
0.5916666666666667
0.7166666666666667
0.7916666666666666
0.23541666666666666
0.28958333333333336
0.45
0.6416666666666667
0.6333333333333333
0.79375
0.275
0.3020833333333333
0.5125
0.5770833333333333
0.7729166666666667
0.8020833333333334
0.16041666666666668
0.31666666666666665
0.47708333333333336
0.6541666666666667
0.74375
0.8333333333333334
0.16875
0.2791666666666667
0.43333333333333335
0.6020833333333333
0.7895833333333333
0.7958333333333333
0.2375
0.33541666666666664
0.54375
0.6291666666666667
0.7875
0.8125
0.23541666666666666
0.24583333333333332
0.3625
0.6979166666666666
0.7729166666666667
0.8125
0.21458333333333332
0.2833333333333333
0.5166666666666667
0.6479166666666667
0.675
0.8354166666666667
0.1625
0.3729166666666667
0.39791666666666664
0.5770833333333333
0.70625
0.8020833333333334
0.2375
0.33541666666666664
0.45416666666666666
0.6604166666666667
0.6895833333333333
0.8354166666666667
0.23958333333333334
0.3229166666666667
0.45625
0.6854166666666667
0.65625
0.8104166666666667
0.20208333333333334
0.30416666666666664
0.475
0.59375
0.73125
0.8
0.20208333333333334
0.32916666666666666
0.45208333333333334
0.5729166666666666
0.69375
0.7375
0.24583333333333332
0.375
0.42083333333333334
0.48541666666666666
0.7104166666666667
0.8395833333333333
0.16666666666666666
0.3854166666666667
0.48125
0.625
0.7208333333333333
0.79375
0.20208333333333334
0.3020833333333333
0.43125
0.5895833333333333
0.7520833333333333
0.7875
0.26875
0.3375
0.4395833333333333
0.5833333333333334
0.7020833333333333
0.7979166666666667
0.1875
0.325
0.42916666666666664
0.6020833333333333
0.6541666666666667
0.8208333333333333
0.2520833333333333
0.275
0.4625
0.6208333333333333
0.6875
0.8041666666666667
0.23125
0.2875
0.49583333333333335
0.5895833333333333
0.725
0.7604166666666666
