0.254998205999982
0.2468612520001443
0.24734978799961027
0.3472777980000501
0.45978458200033856
0.7502484780002305
0.24758691200031535
0.2511551719999261
0.25134484500040344
0.35194491899983404
0.4468091270000514
0.7507919080003376
0.2587586409999858
0.25128217800011043
0.25834040100016864
0.35393711699998676
0.4483771469999738
0.7490458890001719
0.25307501899987983
0.24728400399999373
0.24667955499990057
0.35196906900000613
0.45878295600005004
0.7606503990000419
0.24699398499978997
0.25643216399976154
0.24686702400003924
0.3490763480003807
0.4483929539997007
0.7498340130000543
0.24651893199961705
0.25109804600015195
0.24925518500003818
0.3508161160002601
0.4530420740002228
0.7504180539999652
0.24615476100007072
0.2469390100000055
0.24799110600042695
0.36057345700010046
0.4571302879999166
0.7524432860000161
0.2534671419998631
0.24990437500036933
0.24873251000008167
0.3481444660001216
0.4498831790001532
0.7528026599998157
0.2479232610003237
0.25588601599974936
0.24772941699984585
0.3484504940001898
0.45013884399986637
0.749249632000101
0.24906616499993106
0.25598015300010957
0.24714528899994548
0.35329064699999435
0.4529327960003684
0.7508009149996724
0.2481624639999609
0.24745004099986545
0.25047043199992913
0.3496573479997096
0.45089302299993506
0.7503283879996161
0.2539657389997956
0.24841617700030838
0.24911290800037023
0.35115394600006766
0.4716306649997932
0.7483947390001049
0.2477173339998444
0.24925835999965784
0.25251573199966515
0.3489996829998745
0.4497936140001002
0.7481737520001843
0.24879703500027972
0.24695398299991211
0.2577826390001974
0.34981435300005614
0.4474941779999426
0.7487518990001263
0.2481809739997516
0.24869699700002457
0.2481903240000065
0.3489929160000429
0.4480268659999638
0.7528411039997991
0.25435902199978955
0.25041887500037774
0.2480876409999837
0.3573781190002592
0.4522089910001341
0.7493038200000228
0.2596820009998737
0.24707330599994748
0.2540420640002594
0.34884280100004617
0.449343723000311
0.7579851199998302
0.24792893200037724
0.2474797770000805
0.24815181299982214
0.3638054079997346
0.44726887900014844
0.7608672480000678
0.2508146219997798
0.24906268000040654
0.24674032799975976
0.3523300910001126
0.448391428999912
0.7564097439999387
0.24997538000025088
0.25133664099985253
0.2465810590001638
0.3478084370003671
0.45002073500018014
0.7525866910000332
0.24953231000017695
0.2576162540003679
0.2520628989996112
0.34798299299973223
0.4488495810001041
0.7551098979997732
0.24590626600001997
0.24687222400007158
0.2461057340001389
0.34702797599993573
0.44833492499992644
0.750904078000076
0.2577079089996914
0.24852065300001414
0.24874438799997733
0.3487627640001847
0.45093004899990774
0.7505500239999492
0.2496832199999517
0.24759923200008416
0.24933306499997343
0.34815668100009134
0.4484312869999485
0.7491416339998977
0.2482672679998359
0.2500526140001966
0.2509571779996804
0.36108402200034106
0.4486234800001512
0.7488671510000131
0.24627292300010595
0.2485763660001794
0.24784311899975364
0.34942494400002033
0.4480901060001088
0.7612076740001612
0.24866494100024283
0.2516337100000783
0.24690819599982206
0.3476728750001712
0.44970624799998404
0.7522114230000625
0.24919165199980853
0.2479953709998881
0.2469621029999871
0.36060224299990296
0.4518503799999962
0.7492526510000062
0.24788021099993784
0.24866000100018937
0.24792191300002742
0.3475490689997969
0.4472008839998125
0.7486656149999362
0.24711760399986815
0.2514427629998863
0.24814855800013902
0.34745824899982836
0.4547026960003677
0.7493987030002245
0.24804363600014767
0.25426332200004254
0.2521599619999506
0.34857775899990884
0.44789930600018124
0.7508878529997673
0.2464592729998003
0.24742553500027498
0.25263670899994395
0.35050995800020246
0.45370076800008974
0.750358659000085
0.24824354100019264
0.24643568800001958
0.24712490799993247
0.3484781100000873
0.4572633810003026
0.7489519030000338
0.24933887599991067
0.24722828599988134
0.2495257630002925
0.34810959700007515
0.4525236260001293
0.7483101030002217
0.2480966799998896
0.24828156900002796
0.2482372470003611
0.3481045099997573
0.44940188500004297
0.7502528959998926
0.24698633300022266
0.24587178000001586
0.24608519100002013
0.34892943300019397
0.4498745290002262
0.751512262000233
0.25806766799996694
0.24784130100033508
0.2482166690001577
0.3481030739999369
0.44706652900003974
0.7507988759998625
0.24772439899970777
0.2494303339999533
0.24842047299989645
0.36271051599987914
0.44887346299992714
0.7584817090000797
0.24777080800004114
0.246914826000193
0.3522961500002566
0.3546301379997203
0.4538542469999811
0.7503429680000409
0.2522377659997801
0.24814834799963137
0.2520266739998078
0.34925484799987316
0.44755627199992887
0.7479723939995893
0.2477458920002391
0.24902631900022243
0.24981353199973455
0.3528146460002972
0.44870803899993916
0.7572330009998041
0.2575487679996513
0.24928986099985195
0.24712759399972128
0.3474087250001503
0.44961999799988916
0.7544734199996128
0.24742997800012745
0.25233425599981274
0.2478762559999268
0.34922066499984794
0.4479492919999757
0.7488802859998032
0.24678620599979695
0.24692766199996186
0.2457513909998852
0.35272957200004385
0.45882630899996
0.7501932969998961
0.2479480090000834
0.24812833899977704
0.24826356899984603
0.3486159819999557
0.44721451199984585
0.749361200000294
