0.13988095238095238
0.19940476190476192
0.18452380952380953
0.23214285714285715
0.22916666666666666
0.30654761904761907
0.14285714285714285
0.18452380952380953
0.1488095238095238
0.15773809523809523
0.20535714285714285
0.28869047619047616
0.17559523809523808
0.17261904761904762
0.18452380952380953
0.18154761904761904
0.22321428571428573
0.28273809523809523
0.16071428571428573
0.14285714285714285
0.13690476190476192
0.17559523809523808
0.2113095238095238
0.30952380952380953
0.125
0.13690476190476192
0.17559523809523808
0.18154761904761904
0.19642857142857142
0.29464285714285715
0.11904761904761904
0.17261904761904762
0.17857142857142858
0.18452380952380953
0.23511904761904762
0.2916666666666667
0.19940476190476192
0.19047619047619047
0.18154761904761904
0.20238095238095238
0.23214285714285715
0.27976190476190477
0.16071428571428573
0.17559523809523808
0.17857142857142858
0.19047619047619047
0.25297619047619047
0.3273809523809524
0.16071428571428573
0.1636904761904762
0.13392857142857142
0.19940476190476192
0.2113095238095238
0.24404761904761904
0.14285714285714285
0.18452380952380953
0.15178571428571427
0.22916666666666666
0.23809523809523808
0.30357142857142855
0.13095238095238096
0.13690476190476192
0.1488095238095238
0.17857142857142858
0.23214285714285715
0.2976190476190476
0.13392857142857142
0.1488095238095238
0.2113095238095238
0.19940476190476192
0.30357142857142855
0.2767857142857143
0.1488095238095238
0.13988095238095238
0.17261904761904762
0.23809523809523808
0.25
0.3244047619047619
0.12202380952380952
0.20238095238095238
0.19047619047619047
0.25
0.22321428571428573
0.30654761904761907
0.13988095238095238
0.21428571428571427
0.15476190476190477
0.20238095238095238
0.25
0.32142857142857145
0.125
0.1488095238095238
0.16666666666666666
0.2261904761904762
0.25297619047619047
0.3333333333333333
0.14583333333333334
0.19047619047619047
0.15178571428571427
0.18452380952380953
0.24404761904761904
0.33035714285714285
0.16071428571428573
0.18452380952380953
0.19345238095238096
0.15773809523809523
0.27380952380952384
0.28273809523809523
0.17261904761904762
0.13690476190476192
0.16071428571428573
0.19345238095238096
0.22023809523809523
0.25595238095238093
0.14285714285714285
0.15178571428571427
0.17261904761904762
0.13988095238095238
0.25892857142857145
0.34523809523809523
0.18452380952380953
0.17559523809523808
0.19642857142857142
0.22023809523809523
0.23214285714285715
0.34523809523809523
0.14583333333333334
0.20833333333333334
0.19642857142857142
0.23214285714285715
0.24107142857142858
0.30357142857142855
0.16964285714285715
0.1636904761904762
0.14285714285714285
0.20238095238095238
0.24107142857142858
0.2619047619047619
0.16071428571428573
0.21428571428571427
0.15773809523809523
0.2261904761904762
0.24107142857142858
0.3005952380952381
0.14583333333333334
0.16964285714285715
0.15476190476190477
0.20833333333333334
0.25
0.31547619047619047
0.16666666666666666
0.16666666666666666
0.14583333333333334
0.17857142857142858
0.22916666666666666
0.30357142857142855
0.15773809523809523
0.16666666666666666
0.16666666666666666
0.20238095238095238
0.24702380952380953
0.30952380952380953
0.15476190476190477
0.19940476190476192
0.21428571428571427
0.18154761904761904
0.20833333333333334
0.29464285714285715
0.13095238095238096
0.16964285714285715
0.18154761904761904
0.1636904761904762
0.22916666666666666
0.2916666666666667
0.125
0.10714285714285714
0.13988095238095238
0.23214285714285715
0.2767857142857143
0.2708333333333333
0.17559523809523808
0.13392857142857142
0.19940476190476192
0.19940476190476192
0.25595238095238093
0.25
0.17857142857142858
0.13988095238095238
0.18154761904761904
0.19047619047619047
0.22321428571428573
0.2767857142857143
0.15476190476190477
0.15178571428571427
0.13095238095238096
0.17261904761904762
0.25892857142857145
0.32142857142857145
0.15476190476190477
0.14583333333333334
0.18452380952380953
0.22916666666666666
0.21428571428571427
0.29464285714285715
0.14285714285714285
0.16666666666666666
0.16071428571428573
0.18154761904761904
0.20535714285714285
0.3244047619047619
0.14285714285714285
0.1130952380952381
0.13690476190476192
0.24404761904761904
0.2619047619047619
0.2976190476190476
0.13392857142857142
0.15178571428571427
0.1875
0.18452380952380953
0.23809523809523808
0.27380952380952384
0.19345238095238096
0.19345238095238096
0.19345238095238096
0.19940476190476192
0.19940476190476192
0.27976190476190477
0.13690476190476192
0.16071428571428573
0.15476190476190477
0.17261904761904762
0.24404761904761904
0.2857142857142857
0.11011904761904762
0.13095238095238096
0.17857142857142858
0.21428571428571427
0.19345238095238096
0.29464285714285715
0.125
0.19642857142857142
0.11904761904761904
0.18452380952380953
0.26785714285714285
0.30654761904761907
0.15773809523809523
0.17857142857142858
0.16964285714285715
0.19642857142857142
0.2261904761904762
0.2619047619047619
0.12202380952380952
0.19345238095238096
0.18154761904761904
0.22321428571428573
0.22916666666666666
0.30357142857142855
0.12202380952380952
0.17261904761904762
0.19345238095238096
0.19345238095238096
0.24404761904761904
0.29464285714285715
0.14583333333333334
0.17857142857142858
0.16964285714285715
0.19047619047619047
0.23809523809523808
0.3005952380952381
