0.22254453799996554
0.23221573000000717
0.5083849470001951
0.3801278780001667
0.6280735070004084
0.8210294840000643
0.24068025599990506
0.2327422570001545
0.36260933499988823
0.4562754359999417
0.5210388830000738
0.8077384640000673
0.28443823099996735
0.23356957400028477
0.22949566100032825
0.31061893899959614
0.7834549450003578
0.9899589800002104
0.20608184799993978
0.3114047069998378
0.40072966799971255
0.41987639000035415
0.8165469040000062
0.9904858459999559
0.1360250529996847
0.16300033799961966
0.3316832189998422
0.3089946280001641
0.44236196599968025
0.8285820380001496
0.14731992899987745
0.3479234169999472
0.330393498000376
0.3873769249998986
0.5284999999998945
0.8071156660002998
0.2419125750002422
0.31994801000018924
0.20388715199987928
0.5191816260003179
0.709752299000229
0.8082481179999377
0.2741981770000166
0.5508523309999873
0.30580233699993187
0.41741408200005026
0.5353744939998251
0.8082961989998694
0.18317228400019303
0.1562211729997216
0.2725054980001005
0.3519565980000152
0.4302186919999258
0.9755285299997922
0.16934562100004769
0.49287333900019803
0.4168307330000971
0.2605679250000321
0.4433180880000691
0.6531297569999879
0.17134594500021194
0.31721662500012826
0.27015207699969324
0.4694328239997958
0.6263943789999757
0.9666686420000588
0.20844769199993607
0.23965203600027962
0.4291465579999567
0.3128094530002272
0.4387423950001903
0.8186387840000862
0.2486848399998962
0.3906811510000807
0.17242314299983263
0.3095551930000511
0.5271162580002056
0.81839313699993
0.2449865140001748
0.15699962899998354
0.37025072899996303
0.36763746599990554
0.6094311329998163
0.8091767470000377
0.21251154300034614
0.1928930100002617
0.4066290860000663
0.36724874999981694
0.4413912579998396
0.8143022149997705
0.1789721019999888
0.42023332200005825
0.16397819299982075
0.36291108099976555
0.344853601000068
0.9701087590001407
0.2892889089998789
0.34620415900008084
0.43550952899977347
0.3597734690001744
0.4438204590001078
0.9717024999999921
0.13990193800009365
0.15213532899997517
0.13611038599992753
0.3244343750002372
0.44856457300011243
0.9798988829998052
0.17905046399982893
0.23302069500005018
0.23239460200011308
0.5161420009999347
0.6207942559999537
0.9727780250000251
0.17269096299969533
0.4682074580000517
0.37288657900035105
0.4178471090003768
0.5303477570000723
0.9874630350000189
0.24002563800013377
0.3120650359996944
0.3810261450003054
0.5284135490001063
0.44173767700021926
1.1631419569998798
0.2412068819999149
0.4672532320000755
0.44826241399960054
0.4111975780001558
0.4426203880002504
0.6459831429997394
0.2864171010000973
0.15312116599989167
0.3045606190003127
0.42038094600002296
0.35538306199987346
0.8162164800000937
0.21297129200002018
0.35097346700013077
0.3357782840002983
0.41015757900004246
0.5291425189998336
0.8099428770001396
0.17718435699998736
0.24065064900014477
0.29830602399988493
0.3073521940000319
0.5368546179997793
0.9792879010001343
0.1352104790003068
0.3183126890003223
0.472362209000039
0.47341772099980517
0.6126688030003606
0.8159922670001833
0.28187918799994804
0.38547768699982043
0.3719433649998791
0.4673540349999712
0.5560716800000591
0.9782217150000179
0.24107002399978228
0.22972191899998506
0.4750858299998981
0.3561000449999483
0.6988935559998026
0.9728264899999886
0.3265875470001447
0.31264212399992175
0.3607421670003532
0.36222121099990545
0.46973666799976854
1.1442574630000308
0.14087626400032605
0.5195676890002687
0.1382661000002372
0.3121401500002321
0.3495516670000143
0.985530228999778
0.13474384599976474
0.23025306099998488
0.23629197699983706
0.31596368900000016
0.6166430809998928
0.9780300219999845
0.279125925000244
0.1580230469999151
0.3707573249998859
0.4206896649998271
0.7937451519997012
0.8210759160001544
0.2098467350001556
0.3125808939998933
0.14620315399997708
0.5700148790001549
0.6098540789998879
0.9804565489998822
0.14650788100016143
0.15628619900007834
0.3716032459997223
0.41597615399996357
0.697027824000088
0.8042426770002749
0.24749946800011458
0.4638367630000175
0.4020711390003271
0.36059109500001796
0.7094277950000105
0.8158848409998427
0.27948448799998005
0.38778606599998966
0.4010498729999199
0.25912233399958495
0.6246280350001143
1.138626911999836
0.14032594000036624
0.28106053900000916
0.3657935789997282
0.5158462869999312
0.35086965800019243
0.9689744860002065
0.2093900439999743
0.3502648200001204
0.500308571000005
0.5834167099997103
0.6352209859996947
0.9689681479999308
0.23593536999987919
0.47456617900024867
0.3712410450002608
0.36978102600005514
0.4334825229998387
0.8116073569999571
0.24666236900020522
0.20016564600018683
0.30353400899957705
0.36607746800018504
0.7110611749999407
1.0017284730001847
0.17412459399974978
0.39120667199995296
0.4298651029998837
0.3557378020000215
0.6153111509997871
0.9769762599999012
0.171601740999904
0.34960212399982993
0.5115505230000963
0.5389755389996935
0.4424916529997063
0.8103664959999151
0.24587232500016398
0.3558089419998396
0.44532747099992775
0.3683357849999993
0.5330780719996255
0.973365859000296
0.24160703799998373
0.35557524700016074
0.3050692749998234
0.519565455999782
0.6960869710001134
0.8184497039997041
0.21390460700013136
0.39376798300008886
0.4578616819999297
0.3143359329997111
0.44313689099999465
0.9756290069999523
