0.13958333333333334
0.19375
0.2375
0.21875
0.30625
0.35833333333333334
0.13333333333333333
0.125
0.18333333333333332
0.24375
0.3416666666666667
0.3125
0.13541666666666666
0.14375
0.21458333333333332
0.24791666666666667
0.30416666666666664
0.40625
0.15416666666666667
0.17708333333333334
0.1875
0.23333333333333334
0.3125
0.3854166666666667
0.15416666666666667
0.1375
0.17708333333333334
0.2604166666666667
0.36875
0.33125
0.13333333333333333
0.14166666666666666
0.24583333333333332
0.2708333333333333
0.3541666666666667
0.39166666666666666
0.15833333333333333
0.1875
0.2125
0.2375
0.31666666666666665
0.325
0.15625
0.14791666666666667
0.16875
0.21041666666666667
0.30833333333333335
0.3333333333333333
0.12708333333333333
0.21458333333333332
0.15208333333333332
0.27708333333333335
0.3145833333333333
0.37083333333333335
0.13541666666666666
0.13333333333333333
0.19791666666666666
0.3125
0.28125
0.32708333333333334
0.12708333333333333
0.11875
0.19375
0.24166666666666667
0.34791666666666665
0.36041666666666666
0.13541666666666666
0.14583333333333334
0.18333333333333332
0.22291666666666668
0.3333333333333333
0.34375
0.15833333333333333
0.15416666666666667
0.19375
0.24166666666666667
0.23958333333333334
0.32083333333333336
0.15
0.15416666666666667
0.15208333333333332
0.23125
0.3145833333333333
0.36666666666666664
0.15416666666666667
0.175
0.17083333333333334
0.19791666666666666
0.30625
0.35833333333333334
0.14583333333333334
0.11458333333333333
0.17916666666666667
0.23958333333333334
0.275
0.35208333333333336
0.14166666666666666
0.20208333333333334
0.20208333333333334
0.26875
0.33541666666666664
0.45
0.14791666666666667
0.15625
0.17916666666666667
0.26666666666666666
0.3125
0.3625
0.13541666666666666
0.13125
0.19791666666666666
0.27708333333333335
0.4
0.41458333333333336
0.13333333333333333
0.13125
0.16875
0.2375
0.27291666666666664
0.36041666666666666
0.13333333333333333
0.13333333333333333
0.1875
0.24791666666666667
0.33125
0.34791666666666665
0.14791666666666667
0.15416666666666667
0.16458333333333333
0.1875
0.2604166666666667
0.35625
0.17291666666666666
0.15
0.15625
0.25625
0.39791666666666664
0.38333333333333336
0.1375
0.12291666666666666
0.18333333333333332
0.22083333333333333
0.325
0.3229166666666667
0.11875
0.18958333333333333
0.22916666666666666
0.2604166666666667
0.3
0.37083333333333335
0.15
0.20833333333333334
0.19166666666666668
0.20208333333333334
0.3020833333333333
0.34791666666666665
0.125
0.15
0.15
0.20208333333333334
0.32708333333333334
0.37916666666666665
0.11666666666666667
0.14583333333333334
0.19791666666666666
0.25416666666666665
0.28541666666666665
0.37083333333333335
0.15625
0.15625
0.21875
0.2520833333333333
0.3020833333333333
0.3645833333333333
0.13541666666666666
0.20833333333333334
0.18958333333333333
0.21666666666666667
0.26875
0.35208333333333336
0.10833333333333334
0.11666666666666667
0.18333333333333332
0.19375
0.2875
0.3729166666666667
0.15208333333333332
0.1375
0.18333333333333332
0.33541666666666664
0.28958333333333336
0.3729166666666667
0.12291666666666666
0.15208333333333332
0.18958333333333333
0.19583333333333333
0.3125
0.33958333333333335
0.15
0.175
0.1625
0.24166666666666667
0.2520833333333333
0.375
0.11041666666666666
0.13125
0.20416666666666666
0.275
0.3333333333333333
0.3770833333333333
0.13333333333333333
0.17916666666666667
0.19583333333333333
0.22083333333333333
0.2791666666666667
0.3729166666666667
0.13541666666666666
0.14375
0.18125
0.25833333333333336
0.32708333333333334
0.36875
0.15416666666666667
0.17916666666666667
0.18958333333333333
0.22291666666666668
0.3229166666666667
0.39791666666666664
0.13958333333333334
0.13541666666666666
0.21041666666666667
0.25625
0.25416666666666665
0.375
0.12708333333333333
0.15
0.22708333333333333
0.3375
0.32083333333333336
0.3729166666666667
0.12291666666666666
0.17291666666666666
0.2
0.2833333333333333
0.2916666666666667
0.375
0.13125
0.15
0.14166666666666666
0.18125
0.2625
0.3729166666666667
0.12916666666666668
0.19583333333333333
0.17916666666666667
0.23958333333333334
0.3458333333333333
0.36875
0.1375
0.13958333333333334
0.22916666666666666
0.20625
0.3229166666666667
0.34791666666666665
0.14375
0.125
0.18125
0.23125
0.2916666666666667
0.4125
