0.0012897159999738506
0.0021869470001547597
0.006704120999984298
0.02480994199959241
0.0997123490001286
0.32094325299976845
0.0010562719999143155
0.0020983769995837065
0.006318568000097002
0.023856728999817278
0.08955131800030358
0.3210154980001789
0.001049230999797146
0.0020532569997158134
0.0068462899998849025
0.024363808000089193
0.0975290420001329
0.3344322140001168
0.0011207170000488986
0.0021998739998707606
0.006564306000200304
0.023801261000244267
0.09601333999989947
0.30705978500009223
0.0011279609998382512
0.0022353320000547683
0.006696497000120871
0.024720380999951885
0.09182033199977013
0.30442897800003266
0.001151214999936201
0.0018927020000774064
0.006455757999901834
0.02440158200033693
0.09325353600024755
0.31613187999982983
0.0010679920001166465
0.0019563509999898088
0.006491716999789787
0.026094880000073317
0.09399564200020905
0.3136822490000668
0.0010391439996055851
0.001980676000130188
0.006636704999891663
0.024388100000123814
0.09507022500019957
0.3119102919999932
0.0010599389997878461
0.002119665000009263
0.0066267570000491105
0.02525501100035399
0.09091655299971535
0.33106021200001123
0.001021483999920747
0.001851953999903344
0.0064856909998525225
0.02334117400005198
0.093482584999947
0.3044906989998708
0.0009870379999483703
0.002019208000092476
0.00624335800011977
0.0246385180003017
0.09480763700003081
0.31279538099988713
0.0010925320002570515
0.002001729999847157
0.006406417000107467
0.02523264299998118
0.09362607699995351
0.32064456599982805
0.0011374079999768583
0.0021212719998402463
0.006596373999855132
0.025417391999781103
0.09256297499996435
0.33280132299978504
0.0010939479998341994
0.002085241999793652
0.006622257000344689
0.02470187100016119
0.09155232000011893
0.302432976000091
0.0010897429997385188
0.002377158000399504
0.006538116999763588
0.02454616100021667
0.09263997299967741
0.2997318460002134
0.0010970560001624108
0.0019822980002572876
0.006417297000098188
0.02481739800032301
0.09193621999975221
0.30975144500007445
0.001036646000102337
0.002916385999924387
0.006435237000005145
0.024984439000036218
0.09668120399965119
0.3205243860002156
0.0011762859999180364
0.0027212559998588404
0.0064096539999809465
0.024016827000195917
0.09261115700019218
0.32510046200013676
0.0011080780000156665
0.002110219000314828
0.006484939000074519
0.02402573500012295
0.09402657900000122
0.3058127700001023
0.0012553500000649365
0.002117246999659983
0.006402599000011833
0.024331075999725726
0.09325331900026868
0.3104287989999648
0.0010390350003035564
0.0020009599998047634
0.006515820999993593
0.02445818700016389
0.09895622000021831
0.318837338999856
0.0010575930000413791
0.0020078060001651465
0.006634815000325034
0.02398654299986447
0.10117417799983741
0.31387172199993074
0.0010402029997749196
0.001970147000065481
0.0065588539996497275
0.024530464000235952
0.09544751699968401
0.3359628020002674
0.0010226339995824674
0.0020598579999386857
0.006554017999860662
0.025544323999838525
0.09387067499983459
0.3231344299997545
0.0010321550003027369
0.0020833939997828566
0.0065376910001759825
0.026214084000002913
0.09538614499979303
0.29964948099996036
0.0010624500000631087
0.002101948000017728
0.00660652399983519
0.02492198300024029
0.09419105500001024
0.32181371700016825
0.0012305960003686778
0.002192679000017961
0.006701539000005141
0.02443881199997122
0.09608728100010921
0.3068989979997241
0.0010966849999931583
0.0021144359998288564
0.0067620849999912025
0.02382371800013061
0.0937752019999607
0.3090010109999639
0.001111985000079585
0.001985824999792385
0.006775980999918829
0.024469840999699954
0.09508651599981022
0.3304930490003244
0.001111593000132416
0.0020736040000883804
0.006410324999706063
0.023588388999996823
0.09320482700013599
0.3148444839998774
0.001073304999863467
0.002181003000259807
0.00661640799989982
0.0241081510002914
0.09883213199964302
0.33284100299988495
0.0010003949996644224
0.0021062380001239944
0.0066223539997736225
0.023860791000061
0.09577583600002981
0.314689233000081
0.0010790310002448678
0.0020290110001042194
0.006456889000219235
0.023955866000051174
0.09184864999997444
0.3091368820000753
0.0011109090000900324
0.0019890190001206065
0.006501722999928461
0.024443116999918857
0.09544738900012817
0.30412211100019704
0.0009910740000123042
0.002115030999902956
0.006204760999935388
0.024480582999785838
0.09577159199989183
0.3333073560002049
0.0010730080002758768
0.002268520000143326
0.006600894999792217
0.024248092000107135
0.09288973999991867
0.3068999920001261
0.0010363199999119388
0.0020582590000230994
0.006412271000044711
0.024062415000116744
0.09251982200021303
0.3068262850001702
0.000985356999990472
0.002189232000091579
0.006260909000047832
0.024436030000288156
0.09308121200001551
0.3190889590000552
0.0011259820003033383
0.0021404409999377094
0.006479382999714289
0.02439064899999721
0.09540983199985931
0.33160738400010814
0.0010998200000358338
0.0020704519997707393
0.006615925999994943
0.024566272000356548
0.0967170310000256
0.31537526800002524
0.0010395210001661326
0.0021631190002153744
0.006421640999633382
0.0241715860001932
0.09617522899998221
0.3184424979999676
0.0011742940000658564
0.0021477380000760604
0.0065217320002375345
0.02483541099991271
0.09731715499992788
0.31925038200006384
0.0011527200003911275
0.002010078000239446
0.00690895499974431
0.02478594600006545
0.0984002390000569
0.3246530880001046
0.001120078999974794
0.002025493000019196
0.00637314100004005
0.024765560000105324
0.09630967900011456
0.3208878049999839
0.001107415999740624
0.0021885450000809215
0.0065185140001631225
0.023826236000331846
0.09244886799979213
0.3153041900000062
