0.013968253968253968
0.011428571428571429
0.010317460317460317
0.02761904761904762
0.07603174603174603
0.1138095238095238
0.1411111111111111
0.1973015873015873
0.009206349206349206
0.009365079365079364
0.01253968253968254
0.03222222222222222
0.06
0.10063492063492063
0.1461904761904762
0.1892063492063492
0.01253968253968254
0.009365079365079364
0.014761904761904763
0.031746031746031744
0.0680952380952381
0.10761904761904761
0.1280952380952381
0.18666666666666668
0.010634920634920634
0.01126984126984127
0.010952380952380953
0.027142857142857142
0.07777777777777778
0.0992063492063492
0.1346031746031746
0.17476190476190476
0.011111111111111112
0.016031746031746032
0.017936507936507938
0.035555555555555556
0.053492063492063494
0.09968253968253968
0.12523809523809523
0.1907936507936508
0.010158730158730159
0.008571428571428572
0.012063492063492064
0.029365079365079365
0.07285714285714286
0.09380952380952381
0.1226984126984127
0.19396825396825396
0.012222222222222223
0.010793650793650795
0.017777777777777778
0.02746031746031746
0.09650793650793651
0.10412698412698412
0.1465079365079365
0.18714285714285714
0.01126984126984127
0.012380952380952381
0.013015873015873015
0.026984126984126985
0.07317460317460317
0.09476190476190476
0.12714285714285714
0.19634920634920636
0.01126984126984127
0.01650793650793651
0.012698412698412698
0.014761904761904763
0.07333333333333333
0.09968253968253968
0.13285714285714287
0.17587301587301588
0.010634920634920634
0.010158730158730159
0.010952380952380953
0.020793650793650795
0.06333333333333334
0.09793650793650793
0.1365079365079365
0.17507936507936508
0.011587301587301587
0.011587301587301587
0.02142857142857143
0.024761904761904763
0.06523809523809523
0.10666666666666667
0.13365079365079366
0.16634920634920636
0.013333333333333334
0.007142857142857143
0.013650793650793651
0.020793650793650795
0.060476190476190475
0.0973015873015873
0.1334920634920635
0.1895238095238095
0.013333333333333334
0.011587301587301587
0.018095238095238095
0.02492063492063492
0.07476190476190477
0.09634920634920635
0.1353968253968254
0.19
0.009523809523809525
0.01126984126984127
0.012222222222222223
0.027142857142857142
0.06793650793650793
0.1007936507936508
0.14317460317460318
0.18253968253968253
0.01253968253968254
0.016031746031746032
0.01619047619047619
0.029206349206349208
0.06190476190476191
0.10396825396825397
0.1280952380952381
0.18063492063492065
0.012380952380952381
0.01126984126984127
0.010317460317460317
0.024603174603174603
0.06142857142857143
0.10571428571428572
0.14095238095238094
0.1949206349206349
0.014126984126984127
0.008412698412698413
0.013333333333333334
0.013650793650793651
0.0646031746031746
0.11047619047619048
0.15063492063492062
0.18619047619047618
0.012222222222222223
0.009047619047619047
0.01126984126984127
0.013174603174603174
0.06349206349206349
0.10507936507936508
0.13444444444444445
0.19634920634920636
0.011746031746031746
0.015396825396825397
0.012222222222222223
0.022063492063492063
0.06984126984126984
0.1073015873015873
0.1361904761904762
0.18428571428571427
0.010793650793650795
0.011904761904761904
0.01650793650793651
0.029682539682539682
0.0653968253968254
0.1019047619047619
0.12158730158730159
0.19555555555555557
0.011111111111111112
0.011428571428571429
0.010317460317460317
0.025396825396825397
0.08047619047619048
0.10301587301587302
0.13111111111111112
0.18968253968253967
0.010793650793650795
0.011587301587301587
0.013650793650793651
0.030952380952380953
0.05952380952380952
0.1046031746031746
0.11936507936507937
0.1688888888888889
0.01380952380952381
0.01380952380952381
0.01253968253968254
0.016825396825396827
0.07317460317460317
0.10492063492063491
0.12349206349206349
0.19507936507936507
0.01126984126984127
0.010158730158730159
0.012380952380952381
0.020317460317460317
0.0673015873015873
0.09936507936507936
0.14253968253968255
0.1873015873015873
0.007936507936507936
0.013015873015873015
0.013174603174603174
0.029047619047619048
0.07238095238095238
0.09253968253968253
0.14682539682539683
0.19682539682539682
0.012063492063492064
0.010158730158730159
0.011904761904761904
0.01634920634920635
0.06714285714285714
0.09428571428571429
0.14809523809523809
0.1922222222222222
0.015555555555555555
0.012857142857142857
0.009841269841269842
0.028888888888888888
0.07428571428571429
0.09015873015873016
0.14888888888888888
0.18317460317460318
0.01
0.007619047619047619
0.01650793650793651
0.023333333333333334
0.07142857142857142
0.10761904761904761
0.14396825396825397
0.18063492063492065
0.01253968253968254
0.010952380952380953
0.014126984126984127
0.021904761904761906
0.057777777777777775
0.09714285714285714
0.13380952380952382
0.2057142857142857
0.010476190476190476
0.010952380952380953
0.014126984126984127
0.030317460317460316
0.060793650793650796
0.09888888888888889
0.1303174603174603
0.2003174603174603
0.013968253968253968
0.005555555555555556
0.015238095238095238
0.03
0.07952380952380952
0.0946031746031746
0.1442857142857143
0.19301587301587303
0.010634920634920634
0.010793650793650795
0.012222222222222223
0.030793650793650793
0.062380952380952384
0.09936507936507936
0.15015873015873016
0.1949206349206349
0.014920634920634921
0.012063492063492064
0.012222222222222223
0.02396825396825397
0.0707936507936508
0.10015873015873016
0.14682539682539683
0.20222222222222222
0.014444444444444444
0.016031746031746032
0.011587301587301587
0.012380952380952381
0.06142857142857143
0.0946031746031746
0.14412698412698413
0.1949206349206349
0.012063492063492064
0.012857142857142857
0.018095238095238095
0.024285714285714285
0.05634920634920635
0.10777777777777778
0.1438095238095238
0.1957142857142857
0.014126984126984127
0.012698412698412698
0.015238095238095238
0.021111111111111112
0.07523809523809524
0.09984126984126984
0.13238095238095238
0.18507936507936507
0.013174603174603174
0.011904761904761904
0.01380952380952381
0.02396825396825397
0.0707936507936508
0.10095238095238095
0.1446031746031746
0.18825396825396826
0.011428571428571429
0.008571428571428572
0.014761904761904763
0.03873015873015873
0.06904761904761905
0.10126984126984127
0.14285714285714285
0.18158730158730158
0.012063492063492064
0.009682539682539683
0.014761904761904763
0.01888888888888889
0.0626984126984127
0.0973015873015873
0.1357142857142857
0.1811111111111111
0.009523809523809525
0.012698412698412698
0.012857142857142857
0.023809523809523808
0.07222222222222222
0.09857142857142857
0.13476190476190475
0.18984126984126984
0.0074603174603174605
0.011111111111111112
0.008571428571428572
0.028888888888888888
0.06476190476190476
0.10634920634920635
0.1392063492063492
0.18206349206349207
0.009682539682539683
0.01126984126984127
0.015555555555555555
0.02603174603174603
0.04476190476190476
0.10063492063492063
0.12603174603174602
0.18888888888888888
0.010317460317460317
0.009523809523809525
0.010793650793650795
0.025396825396825397
0.047142857142857146
0.10365079365079365
0.1292063492063492
0.18333333333333332
0.010476190476190476
0.013174603174603174
0.008253968253968255
0.03222222222222222
0.07476190476190477
0.10269841269841269
0.13142857142857142
0.18936507936507938
0.009523809523809525
0.009047619047619047
0.014126984126984127
0.029365079365079365
0.0761904761904762
0.10174603174603175
0.13126984126984126
0.20015873015873015
