0.021111111111111112
0.07047619047619047
0.08682539682539682
0.1268253968253968
0.17142857142857143
0.20444444444444446
0.28555555555555556
0.3333333333333333
0.021111111111111112
0.05015873015873016
0.08571428571428572
0.1261904761904762
0.16523809523809524
0.2315873015873016
0.2811111111111111
0.3404761904761905
0.012857142857142857
0.057301587301587305
0.08888888888888889
0.13333333333333333
0.1657142857142857
0.22555555555555556
0.28825396825396826
0.34634920634920635
0.02349206349206349
0.06317460317460317
0.09142857142857143
0.12603174603174602
0.17
0.2096825396825397
0.2698412698412698
0.34174603174603174
0.010952380952380953
0.056984126984126984
0.0784126984126984
0.13380952380952382
0.1738095238095238
0.21603174603174602
0.26634920634920634
0.33380952380952383
0.013492063492063493
0.05238095238095238
0.07904761904761905
0.12111111111111111
0.1726984126984127
0.2388888888888889
0.2715873015873016
0.3423809523809524
0.02396825396825397
0.060793650793650796
0.0761904761904762
0.12396825396825396
0.15571428571428572
0.21746031746031746
0.2665079365079365
0.3493650793650794
0.012698412698412698
0.06285714285714286
0.08714285714285715
0.12063492063492064
0.17746031746031746
0.2173015873015873
0.28174603174603174
0.3492063492063492
0.012698412698412698
0.05984126984126984
0.08952380952380952
0.12603174603174602
0.1719047619047619
0.2173015873015873
0.2773015873015873
0.3473015873015873
0.012698412698412698
0.06428571428571428
0.08888888888888889
0.11825396825396825
0.17476190476190476
0.22238095238095237
0.2846031746031746
0.3549206349206349
0.015396825396825397
0.05825396825396825
0.08428571428571428
0.12523809523809523
0.1719047619047619
0.21349206349206348
0.2788888888888889
0.3601587301587302
0.017619047619047618
0.055714285714285716
0.08603174603174603
0.1226984126984127
0.1692063492063492
0.2284126984126984
0.2893650793650794
0.34365079365079365
0.014761904761904763
0.06349206349206349
0.08126984126984127
0.13238095238095238
0.17587301587301588
0.2234920634920635
0.2903174603174603
0.3407936507936508
0.02349206349206349
0.058095238095238096
0.0892063492063492
0.12063492063492064
0.1553968253968254
0.21777777777777776
0.28015873015873016
0.3484126984126984
0.012698412698412698
0.05857142857142857
0.09047619047619047
0.12253968253968255
0.16158730158730158
0.22365079365079366
0.27285714285714285
0.35
0.024285714285714285
0.04968253968253968
0.09095238095238095
0.13682539682539682
0.17174603174603176
0.22412698412698412
0.2965079365079365
0.3619047619047619
0.01888888888888889
0.057777777777777775
0.09238095238095238
0.12174603174603174
0.1703174603174603
0.24365079365079365
0.27396825396825397
0.3565079365079365
0.012222222222222223
0.06174603174603174
0.08873015873015873
0.11904761904761904
0.1719047619047619
0.22777777777777777
0.29079365079365077
0.35079365079365077
0.014761904761904763
0.06841269841269841
0.08904761904761904
0.1357142857142857
0.1684126984126984
0.22396825396825396
0.26301587301587304
0.3403174603174603
0.021111111111111112
0.058095238095238096
0.0746031746031746
0.12857142857142856
0.17285714285714285
0.20936507936507937
0.2644444444444444
0.3403174603174603
0.024285714285714285
0.05650793650793651
0.09317460317460317
0.12126984126984126
0.17444444444444446
0.22873015873015873
0.2884126984126984
0.3512698412698413
0.019365079365079366
0.05492063492063492
0.07206349206349207
0.12206349206349207
0.17555555555555555
0.21904761904761905
0.27714285714285714
0.3457142857142857
0.015555555555555555
0.05476190476190476
0.0865079365079365
0.12031746031746032
0.17365079365079364
0.20523809523809525
0.2807936507936508
0.3361904761904762
0.02396825396825397
0.049206349206349205
0.07714285714285714
0.12126984126984126
0.1553968253968254
0.20777777777777778
0.2866666666666667
0.3450793650793651
0.011587301587301587
0.06031746031746032
0.0853968253968254
0.13158730158730159
0.19174603174603175
0.22587301587301586
0.29063492063492063
0.3531746031746032
0.025714285714285714
0.057777777777777775
0.08492063492063492
0.12714285714285714
0.1738095238095238
0.2234920634920635
0.29634920634920636
0.3473015873015873
0.013174603174603174
0.05857142857142857
0.08412698412698413
0.1295238095238095
0.1661904761904762
0.22063492063492063
0.27174603174603174
0.3458730158730159
0.020317460317460317
0.05857142857142857
0.08936507936507937
0.11746031746031746
0.1673015873015873
0.22158730158730158
0.2806349206349206
0.3441269841269841
0.022063492063492063
0.06126984126984127
0.0734920634920635
0.12825396825396826
0.17904761904761904
0.22301587301587303
0.2796825396825397
0.3350793650793651
0.016825396825396827
0.05952380952380952
0.09158730158730159
0.12412698412698413
0.17095238095238094
0.21365079365079365
0.2723809523809524
0.3414285714285714
0.013968253968253968
0.04857142857142857
0.08841269841269842
0.1253968253968254
0.18174603174603174
0.22428571428571428
0.2822222222222222
0.3593650793650794
0.015714285714285715
0.05507936507936508
0.08873015873015873
0.13698412698412699
0.16428571428571428
0.21587301587301588
0.2722222222222222
0.3457142857142857
0.03
0.05904761904761905
0.08301587301587302
0.12714285714285714
0.17587301587301588
0.22603174603174603
0.29444444444444445
0.36428571428571427
0.013650793650793651
0.05619047619047619
0.0892063492063492
0.12698412698412698
0.1661904761904762
0.2249206349206349
0.2765079365079365
0.3280952380952381
0.020793650793650795
0.05714285714285714
0.08238095238095237
0.12936507936507938
0.1738095238095238
0.22666666666666666
0.2750793650793651
0.3496825396825397
0.02095238095238095
0.057777777777777775
0.08952380952380952
0.13365079365079366
0.17777777777777778
0.22650793650793652
0.28555555555555556
0.34174603174603174
0.03
0.04873015873015873
0.09095238095238095
0.13111111111111112
0.1657142857142857
0.21285714285714286
0.2838095238095238
0.36
0.014285714285714285
0.06111111111111111
0.08603174603174603
0.12142857142857143
0.18142857142857144
0.22428571428571428
0.28793650793650793
0.35555555555555557
0.013015873015873015
0.053492063492063494
0.0865079365079365
0.13285714285714287
0.16285714285714287
0.21634920634920635
0.2761904761904762
0.3449206349206349
0.009047619047619047
0.058095238095238096
0.0838095238095238
0.12380952380952381
0.1711111111111111
0.21682539682539684
0.27126984126984127
0.34793650793650793
0.016031746031746032
0.06523809523809523
0.08238095238095237
0.12317460317460317
0.17682539682539683
0.23333333333333334
0.27936507936507937
0.33920634920634923
0.026825396825396825
0.04777777777777778
0.08936507936507937
0.11968253968253968
0.16111111111111112
0.22142857142857142
0.2606349206349206
0.35095238095238096
0.013968253968253968
0.054603174603174605
0.08619047619047619
0.12666666666666668
0.1792063492063492
0.22253968253968254
0.2746031746031746
0.343015873015873
0.026507936507936508
0.050793650793650794
0.0865079365079365
0.1207936507936508
0.18095238095238095
0.2219047619047619
0.27396825396825397
0.33015873015873015
0.01873015873015873
0.05396825396825397
0.08825396825396825
0.12492063492063492
0.17238095238095238
0.22634920634920636
0.28444444444444444
0.33650793650793653
0.0173015873015873
0.05047619047619047
0.0838095238095238
0.11793650793650794
0.1853968253968254
0.20761904761904762
0.27825396825396825
0.3504761904761905
