4.926233949983725
3.630478180013597
6.6628198469989
3.856929180008592
17.067899382993346
19.557612142001744
22.58644133701455
36.32685404701624
3.1534039289981592
2.6263119369978085
3.554492640978424
5.863329885003623
20.306472911004676
23.569104096997762
30.868397177982843
48.421031783975195
3.578812232008204
4.014778703014599
3.7117888880020473
2.8456525249930564
17.121979136019945
19.530754280014662
20.96252040800755
47.822913905984024
2.6816956540278625
3.182547644013539
3.78527900899644
3.333115250978153
16.979730402992573
19.659160451992648
20.891000253002858
33.3520181030035
3.565920542983804
3.1072115459828638
6.20426608301932
4.342559687996982
17.207292204984697
19.68244780402165
22.63332372001605
31.87951086802059
3.5322063690109644
3.1651301349920686
7.162555903982138
15.869348198990338
17.088692335004453
19.58647884099628
22.75559220899595
47.55204329302069
3.597186581027927
2.6723467810079455
4.730623580981046
5.352953435009113
5.13896140299039
19.44523541300441
20.922423304989934
41.51926480801194
4.0219147840107325
3.560757447994547
2.7845750270062126
3.3998385770246387
17.022171893011546
19.62814495601924
21.886674042005325
36.50988989599864
3.5527393619995564
3.0858930670074187
2.8009057290037163
4.358485172007931
9.470179217983969
19.610549513978185
22.709961168991867
47.95290686498629
4.506389342015609
3.1157509179902263
5.196285216981778
3.3067724670108873
4.631651355972281
19.472448733984493
19.341832238977076
31.97026400899631
5.845463812001981
3.996212699013995
3.269699895987287
2.8825949690071866
17.0384085039841
19.52511592602241
20.02319921599701
39.811940475017764
4.504556019004667
2.7036123529833276
3.30870220597717
5.358873439981835
17.1522260470083
19.753209497983335
20.401182670000708
42.99913576099789
3.9747264710022137
2.6345726860163268
3.797317524004029
3.3329064329736866
5.1357470999937505
19.530358569987584
22.78918050599168
48.023725159000605
4.9609966940188315
7.194332517974544
2.7939564829866868
6.335372431989526
20.220323597983224
23.437813698023092
23.06774199201027
54.499060722009744
4.022446310991654
4.916821961000096
3.775053596997168
2.832323709008051
17.00749308799277
19.664170535979792
22.64995463300147
38.18542497200542
4.074260185996536
3.148382405983284
4.703327231982257
3.865054727997631
17.11814089200925
19.654569035978056
22.815797592978925
33.32016099701286
4.440927624993492
2.6541525299835484
3.7649113239895087
5.860845685994718
17.04809069901239
19.537429207004607
21.787109099997906
38.49818612099625
2.654090488998918
5.356717413000297
3.775847725017229
2.8710849760100245
17.07006387101137
19.575092090002727
21.75882235300378
41.09467512299307
6.3592731860117055
2.6698247239983175
6.639266835991293
2.825246791006066
17.08322355299606
19.561463354999432
24.365388132981025
44.15303934397525
2.6294993850169703
2.724279582995223
4.2144670319976285
3.8302043350122403
16.942705195979215
19.519256024999777
25.221357418980915
45.81724594600382
2.662956789979944
4.492038183991099
7.68884478698601
5.79089527099859
3.5194582759868354
19.602614788978826
20.830443657992873
36.343122922000475
3.5731515210063662
3.0762978570128325
4.208150072983699
14.349527096987003
17.176162661984563
19.53030580698396
21.78385992301628
36.78017788598663
3.123536461003823
5.780412924999837
6.248105963022681
5.878406514995731
17.145624836994102
19.663214497995796
23.465709584997967
41.29154260200448
3.1701713790243957
3.601370258984389
2.8351409359893296
2.918056364986114
17.206373585999245
19.848867711989442
20.81254297698615
39.56418291598675
5.907937790005235
4.906983193999622
4.034970089996932
4.098653240012936
20.606223998998757
23.450004025013186
20.316076810995582
44.464871878997656
3.5620308220095467
3.591406071005622
3.8170687089732382
10.949905703018885
17.18680940498598
19.599671367992414
22.658303731004708
44.30964443899575
4.9801197249908
3.1383632280048914
3.809083334985189
3.8646200970106293
4.073129627999151
19.62495346099604
23.635327812982723
42.89209282401134
6.735037635022309
4.984425450995332
3.308153731020866
6.880803859996377
17.265611580980476
19.652509478997672
20.90016664500581
47.23304684800678
5.33727753299172
3.5353333280072547
4.283176301018102
8.944529912987491
17.185064624994993
19.757128650002414
22.695497215987416
36.5251473679964
2.647735028003808
6.276532486983342
3.3256093140225857
2.900770357984584
17.076803017000202
19.612135984003544
20.94581933997688
42.77432433899958
4.930851287004771
4.045163870003307
6.265455412998563
3.8940594989981037
17.14288398801
19.683521108003333
23.617243690998293
34.997538099996746
2.6568329889851157
5.369737041997723
5.250814997009002
15.953598115011118
4.1532340820122045
19.62515379098477
22.658715816010954
38.07448649601429
3.167946491012117
2.674740197020583
3.3281794709910173
16.03782371399575
17.11664765799651
19.60740715599968
20.938809831015533
39.42740012399736
2.6633656329941005
4.475561839004513
4.817996648984263
15.921633968973765
17.085457845998462
19.65892050601542
22.664407358010067
36.95707136299461
4.116381959000137
3.608271667995723
2.8365186319861095
5.882670045015402
17.094832303002477
19.51869183900999
22.759524763998343
47.54199104299187
2.687092504987959
3.577772696997272
2.793324354017386
8.254719010990812
20.23885343997972
23.74366119899787
26.712107536994154
61.11125100200297
4.8574212710082065
2.6863676499924622
4.78521928601549
3.324958296987461
17.098687434976455
19.600565856992034
19.20729135698639
36.775192889006576
3.206834048003657
2.680967012012843
3.4136424000025727
5.412669604993425
17.27815788600128
19.767196801985847
21.923975410987623
47.585008405003464
3.167600049986504
4.932213232998038
4.349481263983762
6.425934334023623
17.199065799009986
19.67174805601826
22.613540323014604
42.72448390701902
6.3474635089805815
6.781605313997716
3.297006106993649
2.8427444129774813
17.135262263007462
19.563126904016826
19.258952892007073
45.819831291999435
3.1330334189988207
4.060516571014887
2.839209424011642
6.907952943001874
17.10940359099186
19.563201824988937
23.562833689007675
47.32593512299354
4.010850783000933
3.535132880002493
4.269195355009288
2.840379875007784
17.081331699009752
19.736095473985188
18.310645296995062
33.417207063990645
2.643774733005557
4.029981206986122
4.301432704000035
4.333341458986979
17.039223509986186
19.562788645998808
21.97171178800636
38.0192129269999
4.044930751988431
3.5866488690080587
4.75807829000405
5.42908142899978
17.077965325996047
19.647211900999537
23.559092493989738
43.98751057399204
4.495434115000535
6.749740943982033
4.257868751010392
3.870959772000788
17.21654601499904
19.770392059988808
23.48601548699662
36.53502309200121
5.3864991089794785
4.508713670016732
4.3434077790006995
3.9077370719751343
6.854542225017212
18.860274505015695
19.215135300997645
43.19474084398826
