5.164625225006603
2.9834150499955285
14.968240546993911
11.887090376985725
11.675571301981108
13.349807586986572
23.200387552991742
34.092301678989315
3.094258892000653
4.161050410009921
13.954665124998428
10.47423591601546
13.161011788004544
12.726141758990707
16.634989290992962
28.637886281998362
4.792919175000861
2.6035468579793815
15.1578635199985
11.844538301986177
11.169861626025522
10.932278024003608
15.119613832997857
30.194544666999718
3.457287052005995
4.293732040998293
15.00501904799603
13.886374596011592
12.133966558001703
10.940316897002049
14.100379768002313
28.632900505996076
5.681252356996993
4.714146629004972
14.018383474991424
13.402873668004759
11.575223760999506
10.903162013011752
13.194887979014311
28.600856208009645
3.8909345749998465
3.869092652981635
14.50889916101005
11.39903674001107
12.023073418007698
10.350825447007082
15.000758482987294
33.10538998001721
3.4330224900040776
2.5793163060152438
14.935101618000772
12.85669093899196
12.569115724007133
10.934883956011618
14.961153851996642
28.827167481998913
3.008597019012086
3.896651730989106
3.201855470018927
11.873799340013647
11.530032948008738
10.918866605003132
14.100205805996666
25.79925562898279
4.8105833690206055
3.8849993140029255
15.049315053998725
11.442327881988604
12.052301559975604
10.932619677012553
14.974223084980622
27.0266086240008
2.5332642270077486
3.8903771830082405
15.028737086016918
14.840100481989793
13.632997915992746
10.91128943298827
14.108797979017254
28.681343131000176
3.905701747018611
2.555056484998204
15.076877801999217
11.43379304499831
11.604479535017163
11.485962578997714
13.31566921499325
24.311909147974802
2.9575675800151657
2.981274018995464
5.560969689016929
11.924326717009535
13.044194585003424
12.249559463001788
16.518410107993986
31.516346730990335
2.5900802410033066
6.953059023973765
18.111216518998845
15.881082117004553
15.203420889010886
16.289241408987436
18.430545257986523
24.60913465198246
4.801925615000073
3.4563151259790175
15.030049515975406
11.883962596999481
12.090803914004937
10.941821154003264
16.5424539570231
24.173831191001227
3.473559436009964
2.9597930160234682
15.041407943994273
12.417938551021507
12.120788081985665
10.848865618987475
14.119431928003905
24.19670747598866
2.538626588007901
2.5528796070138924
5.0290863509872
15.311916167003801
10.967214726988459
10.385769351996714
14.890568482980598
28.654653319972567
4.338960622990271
2.5668545970111154
15.03249438200146
14.232008071994642
10.681205324013717
10.932175433001248
17.32646962799481
27.18594636200578
3.0132888960069977
3.893002073979005
15.193782283982728
13.361449037009152
12.06680743501056
12.19811710799695
17.56080918997759
27.11432424301165
3.843659275007667
5.235462158976588
15.027270466001937
10.887409717019182
11.596315000992035
10.456970378989354
15.880150200013304
28.633123853011057
4.794301714980975
2.541171802993631
15.011480009998195
10.419592499005375
11.584854520013323
10.875396524992539
14.110875532001955
24.193657846015412
2.539449339004932
3.4386684209748637
5.463380912988214
12.750683855992975
11.581342125980882
9.081066632003058
15.71666361199459
25.807577917992603
3.4926334169867914
2.556303381017642
14.995309602993075
13.817038752982626
12.154944642999908
10.872077409992926
15.672509231022559
31.587597851001192
2.5483682039775886
3.4059133999980986
15.07927308199578
12.43094926897902
11.108386200998211
10.999528708023718
15.106410175008932
31.697701800003415
2.5597655799938366
4.79669392798678
15.025102155981585
12.866707620996749
11.06193636500393
11.48685641400516
14.140247394010657
25.745171577989822
2.9949750720115844
3.8694146780180745
14.956869956979062
14.428922188002616
15.955059583007824
13.230572953005321
22.161047110013897
37.78521567498683
3.0039164850022644
3.917239795002388
14.090864977013553
14.96374059401569
12.062159196997527
11.519303405017126
16.7024597460113
27.34355937098735
2.9669682199892122
2.593517592002172
14.544171034998726
12.330451254994841
13.171452151989797
10.901500459003728
15.772085659991717
27.08641427900875
3.4309412100119516
4.764377143001184
3.0926554730103817
11.43385257900809
12.128770695999265
10.447763333009789
17.58653862401843
27.197916836012155
2.5606390020111576
3.014001189992996
15.110980650992133
10.9990541379957
12.017997957998887
11.441381914017256
15.717177066981094
30.02966606800328
5.256584451999515
2.541025899001397
15.08025814499706
15.555269853997743
11.688332557998365
11.040904991008574
15.9611475970014
27.59344835099182
2.550704766996205
3.426980263000587
13.085437328001717
12.860974976996658
11.011948402010603
11.59021230097278
17.54707761798636
25.83941051599686
3.008189054991817
4.390161592018558
2.7047732649953105
11.841730180021841
12.65193492200342
9.743073682009708
15.758415424003033
27.216503205010667
3.426568367984146
3.4604126720223576
13.126516566000646
9.99740098498296
12.0716014750069
12.063398389000213
16.601482862024568
24.22443838501931
2.572908093017759
2.999947547999909
15.10023156402167
12.42272791400319
10.437256481993245
10.960182908980642
14.0923957110208
24.461554123990936
3.8722706570115406
2.9951307190058287
14.074173599976348
11.911194151995005
11.529009368998231
9.128339585004142
12.53133040398825
28.592295857000863
3.0123188520083204
2.576160594006069
15.084857734997058
13.454547631001333
15.835841438005446
12.613806203997228
18.779525948979426
37.56147760900785
5.78192019398557
2.984395686973585
2.656112574011786
12.826363740983652
11.024658268986968
12.110937452001963
14.130109652003739
25.885078690975206
4.322371718997601
3.4694872419931926
15.151258437981596
11.415045364003163
11.05657629299094
12.77990820701234
15.04044813400833
25.709495731978677
2.552973543002736
3.892289268987952
14.564537590020336
11.425065588991856
11.565694611985236
10.86149532799027
16.594976552994922
28.644915642013075
3.917941794003127
3.008250848011812
3.13798102302826
14.361013566987822
12.620606445008889
10.892407890001778
14.150952764990507
28.81160690600518
2.5362673519994132
5.6607787999964785
14.964430156018352
11.827428445016267
13.119924669998
10.911554171994794
15.786955966992537
28.78840258900891
3.4372124090150464
2.551427249010885
14.576013118989067
9.61119459400652
11.591878459003055
9.751392767997459
17.451190024003154
28.513571809016867
5.688132009003311
3.8620558909897227
15.044378352991771
15.322367172018858
11.487176792987157
11.524144284019712
14.920591406000312
29.993072857992956
4.289250906993402
2.5420896090217866
15.084866513003362
13.813927690003766
12.526982523995684
12.733618945989292
17.44791997599532
25.69611023599282
3.0419163150072563
2.5793694900057744
14.58001805600361
12.964777760993456
12.15280366098159
11.609612159983953
13.187304602994118
27.21550007897895
4.33886805200018
3.8643438020080794
13.593216743000085
14.834143859014148
12.635804016987095
10.408518940996146
15.096554091986036
21.341997876006644
