0.012063492063492064
0.028888888888888888
0.0719047619047619
0.08206349206349206
0.10507936507936508
0.12968253968253968
0.17761904761904762
0.21301587301587302
0.014920634920634921
0.035873015873015876
0.06285714285714286
0.0919047619047619
0.10539682539682539
0.13285714285714287
0.18079365079365078
0.21222222222222223
0.01904761904761905
0.034761904761904765
0.06793650793650793
0.08746031746031746
0.11126984126984127
0.12428571428571429
0.18015873015873016
0.21444444444444444
0.02
0.037142857142857144
0.06396825396825397
0.08190476190476191
0.10777777777777778
0.13126984126984126
0.16968253968253968
0.21857142857142858
0.020476190476190478
0.029365079365079365
0.05634920634920635
0.09158730158730159
0.1
0.13317460317460317
0.1680952380952381
0.21444444444444444
0.014761904761904763
0.03126984126984127
0.05984126984126984
0.07634920634920635
0.10698412698412699
0.14253968253968255
0.18095238095238095
0.22873015873015873
0.011904761904761904
0.035873015873015876
0.05746031746031746
0.09111111111111111
0.10015873015873016
0.1292063492063492
0.17047619047619048
0.20476190476190476
0.020317460317460317
0.03841269841269841
0.055714285714285716
0.08523809523809524
0.10206349206349206
0.12365079365079365
0.17587301587301588
0.19936507936507936
0.025396825396825397
0.026825396825396825
0.054285714285714284
0.08825396825396825
0.11079365079365079
0.13396825396825396
0.16444444444444445
0.21285714285714286
0.011111111111111112
0.038253968253968255
0.058412698412698416
0.07968253968253969
0.10126984126984127
0.13428571428571429
0.17142857142857143
0.21936507936507937
0.019206349206349206
0.0353968253968254
0.06253968253968253
0.0811111111111111
0.10698412698412699
0.1288888888888889
0.17333333333333334
0.22047619047619046
0.016666666666666666
0.035873015873015876
0.05523809523809524
0.07952380952380952
0.09619047619047619
0.12317460317460317
0.17682539682539683
0.22253968253968254
0.023174603174603174
0.03619047619047619
0.05952380952380952
0.07936507936507936
0.10523809523809524
0.1465079365079365
0.1711111111111111
0.21904761904761905
0.013174603174603174
0.0426984126984127
0.05857142857142857
0.08206349206349206
0.1153968253968254
0.12873015873015872
0.18253968253968253
0.21253968253968253
0.019365079365079366
0.0326984126984127
0.06666666666666667
0.08603174603174603
0.10698412698412699
0.12380952380952381
0.17396825396825397
0.203015873015873
0.023174603174603174
0.030952380952380953
0.06253968253968253
0.08746031746031746
0.10682539682539682
0.13380952380952382
0.18396825396825398
0.2207936507936508
0.025396825396825397
0.037936507936507935
0.04825396825396826
0.09063492063492064
0.10174603174603175
0.13444444444444445
0.16603174603174603
0.21079365079365078
0.020158730158730157
0.0392063492063492
0.06190476190476191
0.09111111111111111
0.11158730158730158
0.14126984126984127
0.17206349206349206
0.21571428571428572
0.025555555555555557
0.03301587301587302
0.06
0.07904761904761905
0.10126984126984127
0.1273015873015873
0.1826984126984127
0.21857142857142858
0.01746031746031746
0.036349206349206346
0.06841269841269841
0.08063492063492063
0.10095238095238095
0.13095238095238096
0.176984126984127
0.2165079365079365
0.02396825396825397
0.035873015873015876
0.057301587301587305
0.08476190476190476
0.0980952380952381
0.1361904761904762
0.17333333333333334
0.2146031746031746
0.02158730158730159
0.03015873015873016
0.05
0.08047619047619048
0.11333333333333333
0.1407936507936508
0.17142857142857143
0.21396825396825397
0.018253968253968255
0.027936507936507936
0.05206349206349206
0.08015873015873017
0.10666666666666667
0.12444444444444444
0.17333333333333334
0.20936507936507937
0.020158730158730157
0.04492063492063492
0.06
0.07142857142857142
0.10158730158730159
0.13396825396825396
0.16444444444444445
0.21396825396825397
0.016825396825396827
0.03396825396825397
0.05920634920634921
0.07920634920634921
0.10444444444444445
0.1258730158730159
0.173015873015873
0.21492063492063493
0.01746031746031746
0.04015873015873016
0.0673015873015873
0.08428571428571428
0.10285714285714286
0.14396825396825397
0.1715873015873016
0.21571428571428572
0.022698412698412697
0.026507936507936508
0.05793650793650794
0.08349206349206349
0.09984126984126984
0.13936507936507936
0.1649206349206349
0.21603174603174602
0.027301587301587302
0.039047619047619046
0.06317460317460317
0.0773015873015873
0.10476190476190476
0.13714285714285715
0.1742857142857143
0.21571428571428572
0.020634920634920634
0.030634920634920636
0.07333333333333333
0.0853968253968254
0.10365079365079365
0.13952380952380952
0.17317460317460318
0.20746031746031746
0.01126984126984127
0.02412698412698413
0.0626984126984127
0.07746031746031747
0.10920634920634921
0.1407936507936508
0.16698412698412698
0.21047619047619048
0.022222222222222223
0.032857142857142856
0.06476190476190476
0.07095238095238095
0.10285714285714286
0.1280952380952381
0.1719047619047619
0.21571428571428572
0.018253968253968255
0.019365079365079366
0.06190476190476191
0.07476190476190477
0.09825396825396826
0.13952380952380952
0.1707936507936508
0.21492063492063493
0.01619047619047619
0.03428571428571429
0.060793650793650796
0.08126984126984127
0.10492063492063491
0.13476190476190475
0.17476190476190476
0.21492063492063493
0.017142857142857144
0.034126984126984124
0.06111111111111111
0.08634920634920636
0.10031746031746032
0.14
0.18031746031746032
0.21412698412698414
0.018095238095238095
0.035238095238095235
0.05365079365079365
0.08095238095238096
0.10301587301587302
0.1253968253968254
0.17285714285714285
0.22126984126984128
0.022222222222222223
0.030952380952380953
0.05174603174603175
0.08222222222222222
0.1034920634920635
0.13238095238095238
0.1765079365079365
0.21206349206349207
0.0173015873015873
0.04476190476190476
0.05873015873015873
0.08444444444444445
0.10761904761904761
0.11936507936507937
0.18571428571428572
0.20714285714285716
0.02126984126984127
0.05126984126984127
0.06174603174603174
0.08285714285714285
0.09904761904761905
0.12634920634920635
0.18063492063492065
0.21492063492063493
0.010952380952380953
0.025396825396825397
0.06761904761904762
0.08158730158730158
0.10777777777777778
0.13666666666666666
0.16555555555555557
0.21857142857142858
0.008888888888888889
0.03349206349206349
0.057301587301587305
0.08190476190476191
0.10333333333333333
0.13507936507936508
0.1761904761904762
0.21428571428571427
0.015396825396825397
0.03936507936507937
0.056666666666666664
0.08031746031746032
0.10555555555555556
0.13698412698412699
0.16873015873015873
0.21095238095238095
0.015873015873015872
0.027936507936507936
0.05952380952380952
0.08555555555555555
0.09936507936507936
0.13523809523809524
0.1757142857142857
0.20809523809523808
0.02238095238095238
0.03650793650793651
0.059682539682539684
0.07920634920634921
0.10777777777777778
0.13428571428571429
0.1676190476190476
0.21412698412698414
0.02761904761904762
0.029365079365079365
0.06126984126984127
0.08317460317460318
0.10698412698412699
0.1292063492063492
0.1684126984126984
0.21555555555555556
0.022857142857142857
0.03936507936507937
0.06174603174603174
0.08365079365079366
0.10031746031746032
0.1326984126984127
0.1726984126984127
0.21301587301587302
0.02253968253968254
0.0326984126984127
0.060476190476190475
0.0926984126984127
0.10603174603174603
0.13507936507936508
0.1653968253968254
0.21222222222222223
