3.8068202059948817
3.358676555013517
6.219626901001902
19.211916939995717
23.940886155003682
28.326538599008927
45.498320786020486
61.83341046201531
5.31499273100053
4.369546280999202
7.915999839984579
19.43178925497341
23.199397458025487
32.24668970899074
54.08021401200676
80.72860456601484
3.232016788009787
4.8814612989954185
5.664079119014787
19.278127425990533
22.948045850003837
32.1937168140139
40.92285058298148
68.15747353699408
6.416499702987494
5.328396263998002
7.864702190010576
19.30728869800805
22.980765145999612
26.048450989997946
40.95062427301309
68.18301317098667
3.2719588040199596
5.378029671002878
7.906464914995013
19.325657187990146
22.19834839599207
32.23158204799984
37.19687605599756
59.75213113200152
3.291825795022305
3.735272141027963
7.902426537009887
19.260049435019027
22.925465514999814
25.91187064498081
39.17273462799494
63.984128381998744
4.3171912179968785
3.206461230001878
6.186722273007035
19.300267388985958
22.869507391005754
27.951090366987046
42.81315886200173
59.73481002700282
3.311401344020851
4.26536263898015
7.358871130010812
19.178682372992625
22.92996903997846
22.791443531983532
31.463336852000793
68.22349058801774
4.857549759995891
3.7944385779846925
7.304300893010804
19.347436628013384
23.036066985980142
29.98384441100643
48.477509356016526
72.20574596701772
3.8099832459993195
3.261328365013469
6.802842762001092
19.203193271998316
22.888030072994297
25.877389415021753
41.8171474620176
78.9515597599966
6.498778820998268
6.995346875977702
9.296475331997499
20.77062096699956
22.967892546002986
32.087962149002124
50.53109125699848
72.48436092099291
4.330995201016776
5.815748538007028
5.6544293310143985
19.36139691999415
19.202931253996212
27.86595820399816
46.585194493003655
84.77591527800541
4.281736518983962
3.310436407016823
6.758631103992229
19.28190560400253
22.874738444021204
27.909094672999345
42.89394736199756
76.51522017997922
4.321718281978974
3.8720954789896496
6.2374970620148815
19.406565184006467
23.134130328020547
26.026906376995612
39.22032024798682
59.870554933004314
3.8120149860042147
5.837110107997432
7.933883557998342
19.176226064009825
21.56376284401631
30.089571382995928
38.968248679011595
72.37338913799613
7.451176928007044
4.884448794997297
7.381731895002304
19.385791009000968
23.081517498998437
30.066376825998304
46.785715853999136
68.25959051400423
3.793371750973165
7.963156372978119
8.417740038014017
19.26668938799412
22.994297678000294
29.149703442002647
50.440511658001924
76.48463858099421
3.3331028999818955
4.266466030996526
7.409871270996518
19.400422060018172
22.906090781994862
26.04360529599944
44.70174017298268
68.20018817498931
3.2692152859817725
6.335313172021415
7.389849722996587
19.407196807005676
24.896953799994662
35.33202873999835
41.26741886101081
73.85850675500114
7.425101988017559
3.2633310070086736
8.979014940996422
16.355716013989877
22.92766993798432
28.98107803799212
44.69155080197379
63.95843628598959
5.868124227999942
7.348595843999647
7.303215312975226
19.284868508024374
23.033114853024017
20.822698317002505
44.825960566988215
76.55072074700729
3.7774634420056827
4.368436001997907
5.68482204398606
19.268779537989758
18.72795202000998
31.94093300201348
48.39950425401912
64.08898951800074
4.31732358498266
3.24324343301123
6.826370333990781
19.297199857974192
21.507464295980753
30.128383765986655
42.91852832501172
55.59667352100951
4.816697975009447
3.843873778008856
5.645305565994931
19.3751247600012
20.836281476018485
32.34239885100396
46.64334778502234
68.1931072009902
4.327580743993167
5.3909427959879395
9.656186484993668
19.404042515001493
20.15065695499652
28.94622137301485
48.52489575900836
72.49368292398867
8.92452547699213
5.3147254809737206
8.502658158977283
19.321621851006057
22.917898584972136
29.018733295000857
50.32921057601925
68.37257039599353
4.811074110999471
3.2080391680065077
7.360763920005411
19.238154309015954
22.965700956003275
21.786518503009574
42.885555770015344
68.29683014101465
3.291746477014385
3.7051847020047717
5.723044812999433
19.390443773008883
22.93907588699949
25.957467036991147
41.717317601986
70.66794641298475
4.684978912991937
6.964235999999801
7.367458255001111
20.57637552500819
23.05660059498041
31.13412139599677
37.2443126369908
68.29109666100703
5.837303038017126
3.256148934015073
6.762579678994371
19.18698554302682
22.23720543499803
27.92654799198499
37.197084952000296
85.07120346798911
4.8504048449976835
3.255566257983446
6.222939124010736
19.161369568988448
23.11433546600165
30.189645281992853
42.94283567901584
68.14066413699766
4.882916722010123
5.274327313003596
5.69996615400305
19.340550520981196
22.974136994977016
32.15267012300319
43.00138777898974
59.88339214399457
4.8192849369952455
6.819265030993847
6.328741629986325
19.296827187004965
22.89511809000396
32.14692112500779
39.00938100600615
68.16299394299858
5.355933851998998
3.862152191984933
7.371431431995006
19.41599639400374
23.073735151003348
25.975010603986448
48.57890488501289
59.94969122501789
4.9087815239909105
3.308872802008409
8.466617655998562
19.34599829398212
19.961507164000068
22.84199627698399
42.923496107017854
59.9093964890053
4.818239001004258
4.809724674996687
7.911040901992237
19.46310783000081
22.953729951987043
26.946113382000476
44.689245968009345
72.37098455798696
3.2626878500159364
4.188626365998061
7.8359014080197085
19.335712172003696
19.362182379991282
33.05676821700763
39.70589536600164
66.00266662900685
4.067461318016285
5.739877190004336
4.541763357003219
19.393472176016076
22.975037418014836
31.13137467499473
37.075716268998804
59.92363631699118
4.835936919989763
4.855663858994376
7.330119435995584
19.276416843989864
20.769625680986792
26.89148609098629
33.436319283006014
68.29521547499462
4.336156281991862
3.25451961698127
7.360006221017102
19.295009549008682
22.97442009698716
31.025853864004603
40.90837281598942
76.55413764200057
4.320453876018291
4.279852072009817
7.850010726979235
19.32810887999949
22.92828075599391
32.325554521987215
41.07349511500797
64.19594507399597
4.318483683018712
3.7345806359953713
7.368145176005783
19.255337181995856
22.8980893859989
24.1362986160093
33.624777207995066
72.49826501598
3.2613031629880425
4.780403965996811
7.347732593974797
19.198884334997274
22.282204571005423
24.897818956000265
46.60909109399654
68.24061978800455
6.324898977007251
3.2686083109874744
8.528255794022698
19.301135172019713
22.94652167498134
28.03838173201075
33.52683131501544
64.06769508100115
5.318330776004586
3.254110527021112
4.570417265000287
19.401386005978566
22.9210384710168
31.931679133995203
46.75148436697782
76.64523436699528
3.3246276279969607
3.2346959070127923
6.754401976999361
19.341135485999985
23.008313498983625
29.098140990012325
44.90807449701242
68.33307443701779
