0.011666666666666667
0.012222222222222223
0.009888888888888888
0.012
0.014
0.02422222222222222
0.03855555555555556
0.06744444444444445
0.012888888888888889
0.01411111111111111
0.007222222222222222
0.010555555555555556
0.020444444444444446
0.027
0.04711111111111111
0.0651111111111111
0.013111111111111112
0.013111111111111112
0.00788888888888889
0.014888888888888889
0.015222222222222222
0.028777777777777777
0.04466666666666667
0.06444444444444444
0.01
0.009222222222222222
0.010888888888888889
0.015
0.017222222222222222
0.03133333333333333
0.05511111111111111
0.05811111111111111
0.0047777777777777775
0.007555555555555556
0.012555555555555556
0.012333333333333333
0.016777777777777777
0.035333333333333335
0.04388888888888889
0.07222222222222222
0.007333333333333333
0.013777777777777778
0.010666666666666666
0.012888888888888889
0.012
0.03266666666666666
0.041666666666666664
0.076
0.013333333333333334
0.011888888888888888
0.011333333333333334
0.018
0.012222222222222223
0.02666666666666667
0.056
0.077
0.014888888888888889
0.013777777777777778
0.009666666666666667
0.011888888888888888
0.015111111111111112
0.029555555555555557
0.042333333333333334
0.07511111111111111
0.009666666666666667
0.011888888888888888
0.012333333333333333
0.013666666666666667
0.01588888888888889
0.029111111111111112
0.05177777777777778
0.06177777777777778
0.013111111111111112
0.008888888888888889
0.013666666666666667
0.011555555555555555
0.019
0.027666666666666666
0.035666666666666666
0.063
0.008666666666666666
0.01011111111111111
0.009
0.011222222222222222
0.018666666666666668
0.034333333333333334
0.04711111111111111
0.06544444444444444
0.012333333333333333
0.010777777777777778
0.012777777777777779
0.012777777777777779
0.017333333333333333
0.036222222222222225
0.04888888888888889
0.06922222222222223
0.011666666666666667
0.010777777777777778
0.01411111111111111
0.013888888888888888
0.014888888888888889
0.026444444444444444
0.05722222222222222
0.06833333333333333
0.010444444444444444
0.013777777777777778
0.010777777777777778
0.013222222222222222
0.014
0.036444444444444446
0.047
0.07855555555555556
0.010555555555555556
0.009
0.012666666666666666
0.010444444444444444
0.018555555555555554
0.03711111111111111
0.050444444444444445
0.06755555555555555
0.011111111111111112
0.015
0.01
0.016
0.013888888888888888
0.03344444444444444
0.04511111111111111
0.06588888888888889
0.012888888888888889
0.012333333333333333
0.012777777777777779
0.014777777777777779
0.020555555555555556
0.034
0.034555555555555555
0.072
0.017222222222222222
0.010666666666666666
0.012777777777777779
0.014555555555555556
0.016444444444444446
0.030444444444444444
0.05522222222222222
0.06988888888888889
0.009444444444444445
0.012444444444444444
0.010333333333333333
0.011
0.016777777777777777
0.027777777777777776
0.04933333333333333
0.06922222222222223
0.01011111111111111
0.011222222222222222
0.009222222222222222
0.009555555555555555
0.013666666666666667
0.030666666666666665
0.04888888888888889
0.063
0.010666666666666666
0.011333333333333334
0.016444444444444446
0.011777777777777778
0.019
0.026555555555555554
0.042555555555555555
0.06577777777777778
0.009333333333333334
0.009
0.010444444444444444
0.011444444444444445
0.017888888888888888
0.024777777777777777
0.03977777777777778
0.06566666666666666
0.013666666666666667
0.014666666666666666
0.013
0.013444444444444445
0.019444444444444445
0.029
0.056
0.0661111111111111
0.011
0.014777777777777779
0.009222222222222222
0.012888888888888889
0.019666666666666666
0.031
0.05188888888888889
0.06833333333333333
0.012555555555555556
0.011
0.012888888888888889
0.012666666666666666
0.018555555555555554
0.027
0.050333333333333334
0.06466666666666666
0.013444444444444445
0.008777777777777778
0.011333333333333334
0.013222222222222222
0.016777777777777777
0.031
0.054
0.07044444444444445
0.01011111111111111
0.011222222222222222
0.010222222222222223
0.009333333333333334
0.02033333333333333
0.03388888888888889
0.06188888888888889
0.06177777777777778
0.012666666666666666
0.013
0.012444444444444444
0.012777777777777779
0.015111111111111112
0.025
0.058666666666666666
0.06244444444444444
0.010333333333333333
0.014333333333333333
0.014
0.010444444444444444
0.018
0.03
0.05011111111111111
0.06333333333333334
0.01011111111111111
0.011333333333333334
0.014333333333333333
0.011111111111111112
0.01577777777777778
0.02822222222222222
0.057
0.07277777777777777
0.010555555555555556
0.0064444444444444445
0.012444444444444444
0.012444444444444444
0.022444444444444444
0.026555555555555554
0.04544444444444445
0.06777777777777778
0.010333333333333333
0.012222222222222223
0.015
0.011666666666666667
0.014666666666666666
0.03144444444444444
0.03977777777777778
0.06477777777777778
0.011444444444444445
0.011111111111111112
0.008666666666666666
0.012222222222222223
0.021111111111111112
0.027
0.04755555555555555
0.06877777777777777
0.009666666666666667
0.00788888888888889
0.014777777777777779
0.014888888888888889
0.018666666666666668
0.03
0.038
0.07644444444444444
0.013
0.009333333333333334
0.010555555555555556
0.012444444444444444
0.012
0.034555555555555555
0.04466666666666667
0.07055555555555555
0.012333333333333333
0.011
0.009666666666666667
0.009333333333333334
0.020444444444444446
0.026555555555555554
0.050888888888888886
0.07577777777777778
0.011666666666666667
0.015444444444444445
0.012333333333333333
0.014444444444444444
0.021666666666666667
0.026555555555555554
0.04088888888888889
0.06922222222222223
0.012666666666666666
0.009111111111111111
0.009777777777777778
0.010222222222222223
0.016555555555555556
0.034666666666666665
0.04655555555555556
0.06066666666666667
0.009333333333333334
0.011222222222222222
0.010444444444444444
0.015111111111111112
0.020777777777777777
0.023
0.044222222222222225
0.059666666666666666
0.012666666666666666
0.013111111111111112
0.01011111111111111
0.014333333333333333
0.01588888888888889
0.029222222222222222
0.052222222222222225
0.06322222222222222
0.011888888888888888
0.012333333333333333
0.010333333333333333
0.013777777777777778
0.02022222222222222
0.029444444444444443
0.04833333333333333
0.06822222222222223
0.008222222222222223
0.010666666666666666
0.013444444444444445
0.010666666666666666
0.016888888888888887
0.03588888888888889
0.03811111111111111
0.074
0.010555555555555556
0.009333333333333334
0.011555555555555555
0.009888888888888888
0.01911111111111111
0.02722222222222222
0.042888888888888886
0.057777777777777775
0.011666666666666667
0.008555555555555556
0.010333333333333333
0.013444444444444445
0.018111111111111113
0.03888888888888889
0.04988888888888889
0.0641111111111111
0.014666666666666666
0.010888888888888889
0.010777777777777778
0.013111111111111112
0.014888888888888889
0.030222222222222223
0.047
0.06322222222222222
