0.8416727189905941
1.030648079002276
1.556127321004169
2.250275698985206
3.559312962985132
6.105907365999883
10.750625011976808
20.076835214014864
0.8253650540136732
1.0387367130024359
1.4319985620095395
2.1488921330019366
3.6588558759831358
5.900661825988209
10.760263331991155
20.379897811013507
0.8226167490065563
1.0290692319977097
1.534303831984289
2.247084310016362
3.4602262060216162
6.099719152000034
10.862707781983772
20.48551284201676
0.9270132269884925
1.0308154140075203
1.4377004000125453
2.244341500016162
3.6660761590173934
5.995342415990308
11.061245810007676
20.48725298800855
0.8306589030253235
1.0286037159967236
1.535020205017645
2.1456510789867025
3.5698851219785865
6.00458464800613
11.064726441982202
20.290054580022115
0.8298218029958662
1.0487457319977693
1.5343864010064863
2.252941643993836
3.4619804370158818
7.042147202999331
12.721655918983743
24.411622730985982
0.9280880089791026
1.1332767929998226
1.636468037002487
2.2470568809949327
3.4604759979993105
5.997928989003412
10.860867568000685
20.30880001600599
0.9314743900031317
1.0294808039907366
1.5388240200118162
2.2514012419851497
3.5597510389925446
5.896134417009307
10.775125154003035
20.49528873199597
0.8266566679812968
1.037221240985673
1.5336912940256298
2.2463272970053367
3.5606343369872775
5.899447646981571
10.96699382600491
20.090800627018325
0.8259970509971026
1.0248084679769818
1.5364907510229386
2.1471315450035036
3.565667653019773
5.892021478997776
10.962056782009313
20.484062308009015
0.8245843460026663
1.0305160329735372
1.5487926859932486
2.1485560169967357
3.663443531986559
6.000623997009825
10.858527196018258
20.4900461199868
0.8345308010175359
1.0305127260216977
1.5350603309925646
2.2568531750002876
3.4659121919830795
6.097572581988061
10.77111129098921
20.191276616009418
0.835364094004035
1.0384980910166632
1.5403735040163156
2.246270710020326
3.561671903007664
5.895617164991563
10.868570578022627
20.299475340987556
0.8356550919997972
1.031290316983359
1.4345961200015154
2.2465277049923316
3.564924284000881
6.098370052000973
10.86746446500183
20.294430531008402
0.8265438259986695
1.033946105017094
1.5347678220132366
2.2487816929933615
3.4674610660003964
6.3012978410115466
10.967094560008263
20.689463646995137
0.8274725220107939
1.0299484200077131
1.5387884049850982
2.256712361006066
3.4611535890144296
5.9961651469930075
10.963566966995131
20.286008635011967
0.8317100050044246
1.0440008639998268
1.4371221069886815
2.2473525969835464
3.468839558016043
6.095882449997589
10.859037977003027
20.289410914992914
0.9286490210215561
1.0292653219948988
1.5381150059984066
2.247961793007562
3.4639179760124534
6.098686837009154
11.068165547010722
19.88687160599511
0.8259401269897353
1.043979963986203
1.5325634269975126
2.1494778839987703
3.3629011760058347
5.9967302400036715
10.954289097018773
20.489191417989787
0.9276877240044996
1.1360020989959594
1.6398213029897306
2.5514116899867076
4.18488961897674
7.239743414014811
12.93653294199612
20.4792593549937
0.841167567006778
1.1292069260089193
1.4329225230030715
2.344379810994724
3.6679282669792883
5.896600935986498
10.87722810098785
20.28941440701601
0.8279329189972486
1.0307700159901287
1.4343587170005776
2.143277308001416
3.6646813790139277
6.00833935700939
10.859369254001649
20.088804759987397
0.8348782889952417
1.1313737999880686
1.4355761750193778
2.251063275994966
3.4594020170043223
6.107754822005518
10.868917335988954
20.28353033401072
0.8287751140014734
1.0288123589998577
1.5375119459931739
2.246354970993707
3.557660421007313
5.993469909997657
11.079434045997914
20.28718067400041
0.8227053779992275
1.0309429820044897
1.4307175549911335
2.2644820679852273
3.4615955829794984
5.998994260997279
11.056424859008985
20.094093020015862
0.8242057340103202
1.0465473769872915
1.536395489005372
2.2456992529914714
3.5696817449934315
5.995721577986842
10.960285797016695
20.185807022004155
0.9262733200157527
1.028966821002541
1.4347065500041936
2.2608651500195265
3.4559614199970383
6.093139099015389
10.958429433987476
20.488780660991324
0.8282962869852781
1.1338845010031946
1.5352321410027798
2.2492976680223364
3.5652694559830707
6.103301494003972
10.86448188900249
20.386678467999445
0.9287267899781
1.0286105010018218
1.537695820996305
2.2511080440017395
3.569372915022541
5.998621561011532
10.96345333699719
20.593715347000398
0.8283174410171341
1.0288070539827459
1.5352038650016766
2.1444705729954876
3.561557711014757
6.194468380010221
10.964768269011984
20.48927752900636
0.8251077639870346
1.0356305410095956
1.438443063001614
2.262481634999858
3.6617078550043516
6.096966720011551
10.565746327018132
20.49277517601149
0.825245170010021
1.0381217380054295
1.4361530810128897
2.2513907910033595
3.564809455012437
5.890818258019863
11.05937384700519
20.5877298929845
0.8357032320054714
1.0291638759954367
1.7359289140149485
2.563503979006782
4.189179224980762
7.234603024000535
12.771590087009827
23.45338655001251
0.8284980629978236
1.0332321629975922
1.5473715539847035
2.2406357459840365
3.559968892019242
5.8935256770055275
11.163413391012
20.79387257702183
0.8240837819757871
1.0299263769993559
1.5438872700033244
2.3479176300170366
3.457923595007742
5.997150578012224
11.059810307982843
20.59674766700482
0.8263248729927
1.0325091679987963
1.434207799989963
2.3475671329942998
3.662334399006795
5.89972886297619
10.858546400995692
20.595016084989766
0.82969446000061
1.0391235430142842
1.537095697975019
2.14760791498702
3.7604104180063587
5.994108002982102
11.162369049008703
20.584500731987646
0.9289636619796511
1.0315615680010524
1.5336837469949387
2.346618137002224
3.3684467209968716
6.0939817749895155
10.764352050988236
20.50094713899307
0.824953531002393
1.0348506220034324
1.5339935990050435
2.3514411490177736
3.5606963869940955
6.192818435985828
10.962549730000319
20.29052340699127
0.9255767260037828
1.0328640099905897
1.5350096689944621
2.249045706994366
3.358223614981398
6.004141575976973
10.970859047985869
20.29268474498531
0.9277959069877397
1.0321434020006564
1.5409759300237056
2.2472417909884825
3.6674734849948436
6.0956663669785485
11.057934618991567
20.492952413012972
0.9240082150208764
1.0282865100016352
1.533706447982695
2.248234874015907
3.4760773080051877
5.995536525006173
11.163092859002063
20.491420328995446
0.8257588929845951
1.0328144879895262
1.5485229850164615
2.1437927719962317
3.6579552890034392
5.993294413987314
10.959870714024873
20.29454863499268
0.8245425960049033
1.0401510570081882
1.534003738022875
2.346599078999134
3.467228321998846
6.097033499012468
10.968080362014007
20.38516214999254
0.824901193002006
1.0303874939854722
1.4364492510212585
2.154092174983816
3.56388989900006
6.003890591004165
11.059627245995216
20.414673482009675
