1.681517312000011
2.4911674230000074
4.073610986000006
6.505926195000001
11.249120124000001
20.81578816299998
36.943356996000034
69.98001080099999
1.6606997819999378
2.5001024169999937
4.16476426600002
6.670250028999931
11.880840473000035
21.191162084999974
38.588410957000065
71.13079522099997
1.691805563999992
2.5027208989999963
3.937170120000019
12.861486667999998
19.407878855000035
37.647004337
70.9311061379999
133.38178617699987
2.1625502490001054
2.4916087099998094
4.311761287999843
6.721545356999968
11.962881775000142
21.58653455900003
38.6198744259998
72.80877642500013
1.7816785429999982
2.468981936000091
4.077293512999859
6.676546171000155
11.379730197000299
20.468845582000085
38.05601711300005
72.31867565900029
1.7367050150000978
2.447632144999716
4.274959027000023
6.946625787999892
11.621980799000085
20.799426261999997
38.16680510000015
72.936404132
1.8028334220002762
2.408747439000308
4.117709612999988
6.802024150999841
11.245937288000277
20.290756539000085
38.087771052000335
71.8674027420002
1.741660160000265
2.4965751760000785
3.9183139090000623
6.670610763999775
11.162578551000024
19.63221868499977
37.08439310199992
71.46939579700029
1.7521905849998802
2.5021127330001036
3.924834121999993
6.571569940000245
11.401890926000306
20.080222276000313
36.827827595000144
71.4520982060003
1.722127958999863
2.3656050190002134
4.070160356999622
6.603913117999582
11.211997198000063
21.104735797999638
38.19815099000061
71.50667127700035
1.6885626620005496
2.3798618050004734
4.063950589000342
6.531788822000635
11.008377280999412
20.30278598299992
70.55765932700069
135.3335532910005
2.9926857689997632
4.513499562999641
6.903247292000742
12.579841051000585
14.089700153999729
19.66667742899972
38.0350798519994
71.18730780900023
1.7572822450001695
2.590320262000205
4.1855766310000035
6.833833613000024
11.938154874000247
20.239283333999992
37.18486494199988
72.95683386499968
1.6735666120002861
2.3769906860006813
4.191288577000705
6.68744648899974
11.612276420999478
20.488741567000034
38.02846463700007
72.63971097600006
1.726913292000063
2.4438928500003385
4.2014046100002815
7.097832637000465
11.193968050999501
20.2708241119999
36.98766389299999
70.37208796300001
1.6893689320004341
2.5282482679995155
4.135527618999731
7.074657352000031
11.778095446999941
20.84738287699929
37.02417013500053
70.82589841200024
1.6835395010002685
2.4121744980002404
4.202105642999413
6.810764673999984
11.59246230700046
20.982962606999536
38.95960983800069
72.32835276400056
1.7637804980004148
2.4103051680003773
4.098662454999612
7.01094459900014
12.270525230000203
21.63025240800016
39.34521297599986
73.71832045199972
1.8201025259995731
2.645858318000137
4.531767618000231
6.977754501999698
11.684043669999483
21.278019555000355
38.65661129699947
73.71694205699987
1.7359635370003161
2.5061675549995925
4.176562575999924
6.806095781999829
22.51427152799988
39.0173434290009
74.95136869599992
140.59956391800006
3.025377814001331
2.5247755800010054
4.104249542000616
7.050498429998697
11.76476732699848
21.722352175000196
38.08737571799975
72.64388176399916
1.6967719580006815
2.399614347001261
3.9192210719993454
6.9815380860000005
11.932700045001184
20.99004890299875
39.082442561999414
74.85316467499979
1.766570055999182
2.4324035629997525
4.472693157000322
6.940679762999935
12.103422765001596
21.366435777999868
38.36240769599863
72.93068830399898
1.7732102930003748
2.5011595510004554
4.078842828999768
7.078701010999794
11.440222389001065
20.67340698099906
39.04846660399926
72.87217357499867
1.7457222350003576
2.622594246000517
4.082381594000253
6.8318711560004886
11.366447247999531
19.804614910000964
38.395102036000026
72.40060386000005
1.6969174280002335
2.474383640999804
4.00969589899978
6.949273797999922
11.536486949999016
20.550685150999925
37.893569435000245
72.37350889000118
1.7290511629998946
2.486845794999681
4.027892713000256
6.956051656999989
11.723526016001415
21.040315395001016
38.76592917700145
72.21051585100031
1.75851322500057
2.506741425000655
4.173348473999795
6.808081847999347
11.85412057600115
20.937695927999812
38.599800961001165
73.34140014999866
1.6887781980003638
2.469449750999047
3.969896369999333
6.979671759001576
21.566331037000054
41.06841813999927
73.90509876400029
140.41781858600007
3.0319325780001236
4.450062586000058
4.321672212001431
7.2305284880003455
11.73357562000092
20.76235516000088
38.39105224800005
74.93204846000117
1.7398846940013755
2.495294329999524
4.179218143999606
6.782161512999664
11.685121582999273
20.53092139799992
37.76721035799892
73.1257353029996
1.7517129410007328
2.627801983999234
4.2281404999994265
6.809191024000029
11.540532504999646
20.81841067300047
37.91646274300001
71.64973012900009
1.7427596939996874
2.4536133620003966
4.048933967998892
6.484649641999567
11.372411588999967
20.71319462899919
38.243673128999944
72.18682904699926
1.7122652050002216
2.4518188969996118
4.003639271000793
6.868495394999627
11.559090651000588
20.729718350999974
38.41192661900095
70.93337789600082
1.7211685869988287
2.431989104999957
3.8497907719993236
6.55599442699895
11.271463614999448
20.448297193001054
37.698986597999465
71.40441163700052
1.761667081998894
2.4889538860006724
3.973934030998862
6.795432851000442
11.477083444000527
20.91685010800029
37.71527522400174
71.68304701800116
1.7254944690012053
2.495539095998538
4.19308611499946
6.706408482999905
11.278689165999822
20.04931150700031
37.85438268100006
70.72934144200008
1.6725974419987324
2.4724273289994017
7.246506602999943
13.043991334001475
22.210328361001302
38.81370482999955
72.72003092399973
134.80386799500047
1.69121462899966
2.4749003550005
4.1547738919998665
6.809599530999549
11.257868719998442
20.56783969800017
37.84981057599907
71.59593375300028
1.6744196790004935
2.3271240779995424
4.159152370000811
6.527751876001275
10.898445033999451
19.98341423000238
36.87001482599953
69.79211536299772
1.708202555997559
2.40604920700207
3.976264272001572
6.423184543000389
12.071838067000499
21.263756388998445
37.84481360599966
70.72964215400134
1.6988742769972305
2.3956987380006467
4.110264806000487
6.57287374400039
11.397874265996506
19.95992239000043
37.92054561899931
71.2011242539993
1.7110263310023583
2.3885944670000754
4.015238318999764
7.012556818997837
11.875440085001173
20.692737028999545
38.073044860000664
70.21038838200184
1.6808858189979219
2.4590411320023122
3.947547764000774
6.560782117998315
11.157551331001741
20.06939579799655
37.919746213003236
71.99502213500091
1.7295413850006298
2.357370952002384
4.056105066996679
6.5793362250005885
12.179720690000977
20.24146306900002
37.619220447999396
71.7212179240014
