0.040317460317460314
0.05920634920634921
0.10761904761904761
0.15301587301587302
0.20809523809523808
0.25285714285714284
0.3192063492063492
0.3906349206349206
0.046825396825396826
0.07
0.09841269841269841
0.14047619047619048
0.19968253968253968
0.26222222222222225
0.3217460317460317
0.39031746031746034
0.04158730158730159
0.07142857142857142
0.10206349206349206
0.14492063492063492
0.19984126984126985
0.25285714285714284
0.32396825396825396
0.3873015873015873
0.04206349206349207
0.07365079365079365
0.09619047619047619
0.14142857142857143
0.19365079365079366
0.26142857142857145
0.3198412698412698
0.3896825396825397
0.05095238095238095
0.0673015873015873
0.09571428571428571
0.146984126984127
0.19603174603174603
0.2588888888888889
0.32015873015873014
0.38825396825396824
0.04793650793650794
0.06841269841269841
0.10507936507936508
0.15476190476190477
0.21174603174603174
0.25555555555555554
0.32682539682539685
0.3958730158730159
0.04158730158730159
0.07539682539682539
0.09904761904761905
0.14
0.20634920634920634
0.25285714285714284
0.32126984126984126
0.38634920634920633
0.03857142857142857
0.07523809523809524
0.09857142857142857
0.1457142857142857
0.19984126984126985
0.2538095238095238
0.3161904761904762
0.38047619047619047
0.03380952380952381
0.0784126984126984
0.09222222222222222
0.15492063492063493
0.2019047619047619
0.2623809523809524
0.31396825396825395
0.3941269841269841
0.04349206349206349
0.06365079365079365
0.0892063492063492
0.14904761904761904
0.1976190476190476
0.2550793650793651
0.3295238095238095
0.3896825396825397
0.053492063492063494
0.06619047619047619
0.09714285714285714
0.13634920634920636
0.19666666666666666
0.2565079365079365
0.3298412698412698
0.3873015873015873
0.03968253968253968
0.07063492063492063
0.09126984126984126
0.14206349206349206
0.1980952380952381
0.24761904761904763
0.3215873015873016
0.39031746031746034
0.0380952380952381
0.07031746031746032
0.10650793650793651
0.14746031746031746
0.20444444444444446
0.2538095238095238
0.3287301587301587
0.38904761904761903
0.03841269841269841
0.07777777777777778
0.09428571428571429
0.1380952380952381
0.19396825396825396
0.2607936507936508
0.3246031746031746
0.3844444444444444
0.04634920634920635
0.07095238095238095
0.10412698412698412
0.1438095238095238
0.19015873015873017
0.25126984126984125
0.32301587301587303
0.3877777777777778
0.0446031746031746
0.07
0.0980952380952381
0.15253968253968253
0.20206349206349206
0.25873015873015875
0.32666666666666666
0.3946031746031746
0.029206349206349208
0.07047619047619047
0.09698412698412698
0.14126984126984127
0.1961904761904762
0.26126984126984126
0.31746031746031744
0.3873015873015873
0.043015873015873014
0.06603174603174604
0.09174603174603174
0.14238095238095239
0.20206349206349206
0.2598412698412698
0.31396825396825395
0.3834920634920635
0.04206349206349207
0.06571428571428571
0.09761904761904762
0.15301587301587302
0.18396825396825398
0.253015873015873
0.3180952380952381
0.3896825396825397
0.049523809523809526
0.0734920634920635
0.10238095238095238
0.13238095238095238
0.20539682539682538
0.25793650793650796
0.3296825396825397
0.38206349206349205
0.04111111111111111
0.06031746031746032
0.09603174603174604
0.1353968253968254
0.19952380952380952
0.256984126984127
0.3271428571428571
0.386984126984127
0.041428571428571426
0.07222222222222222
0.09952380952380953
0.14
0.19253968253968254
0.2588888888888889
0.3136507936507936
0.3931746031746032
0.040634920634920635
0.06888888888888889
0.10539682539682539
0.15619047619047619
0.1957142857142857
0.26
0.3244444444444444
0.3892063492063492
0.048412698412698414
0.07412698412698412
0.1
0.13746031746031745
0.19587301587301587
0.2526984126984127
0.3306349206349206
0.38365079365079363
0.04523809523809524
0.06984126984126984
0.09365079365079365
0.14507936507936509
0.19047619047619047
0.26904761904761904
0.316984126984127
0.4
0.04746031746031746
0.07396825396825397
0.0919047619047619
0.146984126984127
0.20206349206349206
0.2606349206349206
0.32396825396825396
0.38476190476190475
0.050793650793650794
0.06698412698412698
0.10539682539682539
0.14
0.20285714285714285
0.25952380952380955
0.3242857142857143
0.3853968253968254
0.04349206349206349
0.06984126984126984
0.09634920634920635
0.14539682539682539
0.1946031746031746
0.25746031746031744
0.32015873015873014
0.4014285714285714
0.04206349206349207
0.07047619047619047
0.10428571428571429
0.14873015873015874
0.203015873015873
0.25206349206349205
0.31507936507936507
0.38825396825396824
0.049206349206349205
0.06380952380952382
0.10333333333333333
0.15174603174603174
0.19777777777777777
0.25936507936507935
0.3252380952380952
0.39396825396825397
0.04619047619047619
0.06619047619047619
0.10428571428571429
0.13555555555555557
0.19396825396825396
0.2607936507936508
0.31746031746031744
0.3942857142857143
0.04111111111111111
0.07476190476190477
0.10698412698412699
0.14507936507936509
0.1984126984126984
0.2611111111111111
0.31793650793650796
0.3880952380952381
0.04523809523809524
0.06555555555555556
0.10126984126984127
0.15777777777777777
0.20063492063492064
0.259047619047619
0.3265079365079365
0.39222222222222225
0.04619047619047619
0.0734920634920635
0.09968253968253968
0.1388888888888889
0.1953968253968254
0.2623809523809524
0.32555555555555554
0.3950793650793651
0.04015873015873016
0.07111111111111111
0.09222222222222222
0.13428571428571429
0.20126984126984127
0.26555555555555554
0.3207936507936508
0.39555555555555555
0.03619047619047619
0.0692063492063492
0.09873015873015872
0.14825396825396825
0.19968253968253968
0.26476190476190475
0.3115873015873016
0.3887301587301587
0.03571428571428571
0.06523809523809523
0.08904761904761904
0.14095238095238094
0.19952380952380952
0.2538095238095238
0.32682539682539685
0.3941269841269841
0.04349206349206349
0.07539682539682539
0.09746031746031746
0.14
0.18825396825396826
0.2604761904761905
0.326031746031746
0.3979365079365079
0.04746031746031746
0.06301587301587301
0.09523809523809523
0.14587301587301588
0.19825396825396827
0.25793650793650796
0.316984126984127
0.3852380952380952
0.03428571428571429
0.06634920634920635
0.1034920634920635
0.15079365079365079
0.2026984126984127
0.266031746031746
0.31222222222222223
0.3914285714285714
0.03190476190476191
0.06111111111111111
0.11222222222222222
0.14746031746031746
0.1984126984126984
0.24904761904761905
0.3184126984126984
0.3850793650793651
0.048095238095238094
0.07031746031746032
0.1034920634920635
0.14
0.19603174603174603
0.2536507936507936
0.31142857142857144
0.38365079365079363
0.048095238095238094
0.06698412698412698
0.10126984126984127
0.13968253968253969
0.19047619047619047
0.2565079365079365
0.32492063492063494
0.3926984126984127
0.04047619047619048
0.07063492063492063
0.09444444444444444
0.15253968253968253
0.19984126984126985
0.25206349206349205
0.33095238095238094
0.3842857142857143
0.04523809523809524
0.07873015873015873
0.09476190476190476
0.14793650793650795
0.19873015873015873
0.2563492063492063
0.3271428571428571
0.3958730158730159
0.036825396825396824
0.07
0.10158730158730159
0.14873015873015874
0.20746031746031746
0.26634920634920634
0.3273015873015873
0.3988888888888889
