0.009888888888888888
0.011555555555555555
0.013777777777777778
0.020555555555555556
0.04888888888888889
0.10511111111111111
0.1691111111111111
0.249
0.01011111111111111
0.013111111111111112
0.011222222222222222
0.01888888888888889
0.063
0.10088888888888889
0.17655555555555555
0.255
0.008777777777777778
0.011111111111111112
0.013222222222222222
0.017444444444444443
0.04933333333333333
0.10033333333333333
0.17944444444444443
0.25422222222222224
0.010444444444444444
0.011111111111111112
0.012333333333333333
0.019777777777777776
0.04533333333333334
0.10444444444444445
0.17722222222222223
0.2461111111111111
0.009777777777777778
0.009222222222222222
0.011555555555555555
0.01611111111111111
0.04877777777777778
0.11133333333333334
0.1691111111111111
0.2477777777777778
0.011666666666666667
0.01211111111111111
0.009555555555555555
0.017333333333333333
0.05388888888888889
0.11855555555555555
0.16733333333333333
0.25866666666666666
0.010888888888888889
0.013444444444444445
0.011444444444444445
0.017777777777777778
0.049
0.112
0.17633333333333334
0.25455555555555553
0.011111111111111112
0.014222222222222223
0.010222222222222223
0.017222222222222222
0.049444444444444444
0.11488888888888889
0.1827777777777778
0.2538888888888889
0.010222222222222223
0.010777777777777778
0.011
0.017666666666666667
0.048
0.11188888888888888
0.1771111111111111
0.26166666666666666
0.009666666666666667
0.008888888888888889
0.01011111111111111
0.018111111111111113
0.058888888888888886
0.10633333333333334
0.16455555555555557
0.25422222222222224
0.01
0.012888888888888889
0.010888888888888889
0.023555555555555555
0.05566666666666667
0.10266666666666667
0.17422222222222222
0.25833333333333336
0.012444444444444444
0.01011111111111111
0.018111111111111113
0.020444444444444446
0.043
0.10433333333333333
0.17522222222222222
0.257
0.012777777777777779
0.012333333333333333
0.013777777777777778
0.027
0.05566666666666667
0.10166666666666667
0.174
0.2578888888888889
0.013555555555555555
0.015333333333333332
0.015444444444444445
0.022555555555555554
0.048
0.10955555555555556
0.1708888888888889
0.2608888888888889
0.012222222222222223
0.011888888888888888
0.01633333333333333
0.01988888888888889
0.04533333333333334
0.10877777777777778
0.1701111111111111
0.25277777777777777
0.01
0.011666666666666667
0.011555555555555555
0.019222222222222224
0.05555555555555555
0.10944444444444444
0.17166666666666666
0.25355555555555553
0.008444444444444444
0.012555555555555556
0.012
0.022444444444444444
0.04533333333333334
0.10977777777777778
0.17044444444444445
0.25055555555555553
0.011666666666666667
0.012444444444444444
0.015333333333333332
0.019777777777777776
0.049555555555555554
0.10966666666666666
0.1691111111111111
0.2544444444444444
0.010222222222222223
0.013888888888888888
0.01
0.015111111111111112
0.05
0.10466666666666667
0.17644444444444443
0.25333333333333335
0.012666666666666666
0.014444444444444444
0.014777777777777779
0.021111111111111112
0.05566666666666667
0.10755555555555556
0.17633333333333334
0.2581111111111111
0.011444444444444445
0.012222222222222223
0.010555555555555556
0.017
0.04833333333333333
0.10711111111111112
0.17366666666666666
0.25044444444444447
0.011444444444444445
0.011777777777777778
0.010888888888888889
0.022555555555555554
0.050888888888888886
0.10944444444444444
0.17033333333333334
0.2518888888888889
0.009444444444444445
0.010888888888888889
0.013333333333333334
0.01877777777777778
0.053
0.10711111111111112
0.17433333333333334
0.25333333333333335
0.01011111111111111
0.013222222222222222
0.011888888888888888
0.019333333333333334
0.055
0.10622222222222222
0.18122222222222223
0.2653333333333333
0.011555555555555555
0.013555555555555555
0.010666666666666666
0.019222222222222224
0.04933333333333333
0.10211111111111111
0.1751111111111111
0.24877777777777776
0.011888888888888888
0.008888888888888889
0.015333333333333332
0.026555555555555554
0.052222222222222225
0.10944444444444444
0.177
0.24888888888888888
0.013888888888888888
0.011888888888888888
0.013666666666666667
0.019555555555555555
0.04922222222222222
0.111
0.1728888888888889
0.24833333333333332
0.010444444444444444
0.010555555555555556
0.013333333333333334
0.017888888888888888
0.043
0.09988888888888889
0.1721111111111111
0.24888888888888888
0.010444444444444444
0.011888888888888888
0.011888888888888888
0.015555555555555555
0.05811111111111111
0.10955555555555556
0.17255555555555555
0.25422222222222224
0.012666666666666666
0.011
0.016777777777777777
0.02
0.06233333333333333
0.1111111111111111
0.18144444444444444
0.267
0.009444444444444445
0.011222222222222222
0.010666666666666666
0.02688888888888889
0.043333333333333335
0.10966666666666666
0.17022222222222222
0.2571111111111111
0.009
0.01211111111111111
0.014555555555555556
0.025666666666666667
0.052
0.11255555555555556
0.1781111111111111
0.26711111111111113
0.011444444444444445
0.010555555555555556
0.014555555555555556
0.02288888888888889
0.04911111111111111
0.103
0.17555555555555555
0.25233333333333335
0.011
0.011888888888888888
0.011777777777777778
0.016555555555555556
0.049777777777777775
0.10366666666666667
0.17666666666666667
0.25166666666666665
0.009777777777777778
0.011666666666666667
0.009777777777777778
0.01988888888888889
0.044444444444444446
0.11222222222222222
0.17777777777777778
0.2581111111111111
0.013222222222222222
0.010444444444444444
0.013
0.021444444444444443
0.051555555555555556
0.11177777777777778
0.17066666666666666
0.2611111111111111
0.012555555555555556
0.009333333333333334
0.013333333333333334
0.018
0.050444444444444445
0.10044444444444445
0.18222222222222223
0.25522222222222224
0.013444444444444445
0.010666666666666666
0.012222222222222223
0.021666666666666667
0.03777777777777778
0.11433333333333333
0.176
0.25233333333333335
0.009333333333333334
0.011777777777777778
0.013666666666666667
0.02288888888888889
0.052333333333333336
0.10533333333333333
0.179
0.25366666666666665
0.011444444444444445
0.012222222222222223
0.012333333333333333
0.018222222222222223
0.049777777777777775
0.10066666666666667
0.17777777777777778
0.255
0.01211111111111111
0.011
0.009555555555555555
0.023333333333333334
0.050777777777777776
0.10488888888888889
0.18144444444444444
0.25633333333333336
0.010444444444444444
0.010888888888888889
0.014888888888888889
0.01877777777777778
0.04588888888888889
0.11144444444444444
0.17877777777777779
0.25133333333333335
0.011
0.012333333333333333
0.013888888888888888
0.019444444444444445
0.049444444444444444
0.10277777777777777
0.16677777777777777
0.2594444444444444
0.011111111111111112
0.010444444444444444
0.012
0.01911111111111111
0.04622222222222222
0.10855555555555556
0.17533333333333334
0.25622222222222224
0.01622222222222222
0.015333333333333332
0.012222222222222223
0.02011111111111111
0.050222222222222224
0.1068888888888889
0.18133333333333335
0.26122222222222224
