28.30942148299073
21.270378677989356
28.749919146008324
23.716974543000106
26.031097155995667
29.877976001997013
54.432356765988516
77.74543921701843
25.727718076988822
20.243300220987294
19.86873784000636
23.76753684700816
30.102896696975222
29.976686394016724
44.08647976399516
68.2793542080035
13.822866172995418
18.284433033986716
24.333884494990343
26.60789908800507
27.875601147010457
33.08224103899556
49.16449490800733
68.27520915400237
21.179468051006552
24.34664399101166
26.650335647980683
28.01682285600691
28.029412801988656
32.94651731001795
49.24397941798088
68.01810960299917
26.475569661997724
18.20019168301951
25.3332845440018
29.563661267020507
27.956664552999428
36.04924296599347
49.137070233991835
68.02678079999168
24.516064656025264
22.290331349999178
23.251869855012046
25.180982665973715
35.99321639200207
39.25187403301243
54.58290298000793
68.13296807798906
29.572015883022686
16.326205942983506
25.264408196002478
29.884415362001164
27.412040100985905
40.30977788800374
49.31948145100614
77.84848179199616
27.421492811990902
23.20549748899066
21.02916806799476
23.714624152024044
25.999759892001748
35.97834782200516
54.675857144990005
68.18792236899026
27.373522429988952
21.211491022986593
23.28327447900665
23.655677470000228
25.917786489997525
29.901855661999434
43.96692075199098
77.52275004898547
28.434873834019527
19.15556730600656
24.32418997999048
29.314405619021272
29.90038981399266
36.02648659000988
54.45247782100341
68.33997763099615
24.749705053982325
22.23107422000612
25.45028081498458
23.806092512008036
29.97341886200593
29.731829290976748
38.80525882000802
77.57118420899496
29.5615189409873
20.237395058007678
23.199443991004955
22.3541001160047
32.07587262900779
32.96374507001019
54.38166578201344
68.15132913799607
25.78286140799173
25.083932380977785
25.371710333012743
23.75011033998453
29.95631108499947
32.977618170989444
54.47085892301402
77.82985202802229
22.040151661989512
21.210630337009206
17.649128766002832
23.741280309011927
31.671603194001364
31.376441802014597
50.582918479980435
68.40965560101904
24.698611535015516
23.26722007797798
24.34188359300606
23.808337075985037
32.021529330988415
32.92477300998871
49.2725370900007
77.55439446400851
24.950945736985886
23.200450832984643
17.69160040700808
19.39415675101918
31.91412406298332
33.049075404996984
43.97437952799373
68.23341852298472
25.553093808004633
19.09081713599153
19.882362771983026
22.309728838998126
29.990790587005904
32.87405425999896
49.219595951988595
77.741450608999
27.641802005004138
19.21967980300542
21.039662730996497
29.433468706993153
24.00625009200303
39.15903239499312
43.981932702008635
77.54323599499185
25.667312274017604
21.162347750010667
22.28023077500984
22.3029110780044
27.945429957006127
33.02333068201551
49.32942927800468
87.3725606490043
29.413114729017252
20.160032621002756
21.000167918013176
23.761355032998836
28.023522407980636
39.228188815992326
49.34375436900882
77.76504508499056
28.53025458799675
20.183740926004248
18.87604190799175
26.459999443992274
30.05942639199202
39.067555339977844
44.00271040899679
78.75934253798914
25.347897562984144
23.16502595800557
22.36629114000243
26.648171269975137
24.0596916229988
32.92200571397552
49.228544757992495
68.12289964000229
24.711578788002953
25.292002378002508
21.002708768995944
22.251931494974997
31.954866232001223
35.99597036401974
44.05928272299934
77.76982393002254
25.65092583198566
30.319558771996526
28.854287456983002
22.286324564018287
29.946860650990857
32.868953189987224
49.21194676699815
68.00656480097678
22.93381275702268
24.10219583500293
21.011171913996805
26.525451816996792
28.015506711992202
32.99350651798886
54.45536688598804
77.62939319101861
23.78217339600087
21.385386695008492
26.485014778008917
23.750790827994933
28.001187459973153
36.06488302501384
54.3361996159947
77.4588305829966
24.79679573199246
25.275851051002974
24.307996379007818
28.161589922994608
31.837198763998458
35.960580053011654
44.03390918299556
68.15433353101253
26.53759204701055
19.15683383497526
24.400089371978538
25.64086312399013
30.057876596983988
33.73279304802418
45.496701868018135
88.8488144200237
29.46010008698795
19.473753586993553
16.605199512006948
19.546238501992775
28.08341264698538
33.02015377100906
49.4327498349885
68.20950789900962
29.36936126401997
24.573872766981367
23.432280587992864
23.796849613980157
26.174617626995314
36.33373517199652
54.55420783298905
78.17309355101315
26.976828712999122
20.408564500015927
20.201655876007862
23.91286779299844
24.063735617994098
39.41708415700123
44.16825078197871
77.68252207999467
24.06761507500778
20.333362353005214
17.799889415007783
23.909752687002765
28.039009400992654
33.05549209500896
44.07433577498887
68.34033551599714
24.20803638000507
24.470966942986706
22.292641934996936
23.937327738007298
28.09508587300661
36.25720625699614
49.39425907001714
77.83825000401703
16.8784125430102
24.448467617999995
32.43141786698834
26.79080166100175
26.188644175999798
36.30670316700707
49.545145175012294
78.02170418799506
26.944445458997507
17.18110761398566
23.518855375994463
23.88311308901757
30.13785762200132
39.93603279598756
45.464611169998534
79.39377830299782
27.6784686659812
15.319854094006587
23.411388815991813
20.96800358701148
26.141592953004874
29.946691015997203
49.45862658301485
77.83789867299492
27.713281297008507
18.43753015898983
21.279336108011194
25.366198359028203
32.17465310700936
35.985432009008946
49.33903153499705
77.89956693298882
21.35905172099592
24.447261585009983
23.468174029985676
25.295105393975973
28.173514366004383
36.12300868699094
49.38447684299899
87.59769255999709
20.625216611020733
21.54690810799366
18.963132694974774
23.937103615986416
30.0748103740043
36.13772986701224
54.59682564099785
77.83614881199901
26.885195657989243
18.497525009996025
20.031667930976255
20.943291464995127
26.104255188984098
36.24144334002631
49.29110251102247
87.27260680799372
29.637329329008935
23.41904731199611
27.87612770497799
22.358205037016887
28.14730072999373
39.267266809998546
49.4705395839992
77.8645758840139
29.50783090898767
19.35126779798884
23.086430743976962
30.276040653989185
27.764437200996326
38.01117274098215
44.47854751301929
77.95792247800273
29.75069947799784
22.364950426010182
21.30584359698696
25.390453687985428
28.079825330991298
36.19988682400435
44.16076267400058
77.87286806598422
29.540558701992268
19.354246412985958
21.196943096991163
21.037902017997112
32.12309092798387
36.26650152998627
49.41174711298663
68.464575548016
29.63368523598183
21.228881988005014
24.6473962199816
23.966174611996394
26.128169422998326
33.10890997402021
43.97498775299755
68.21497521898709
