2.8056064909906127
3.0102817199658602
3.1622473399620503
3.488135254010558
3.906947074981872
5.087583083019126
7.215020402043592
11.31360868102638
2.9474984320113435
2.916516693017911
3.1379670709720813
3.495814904978033
4.081901217985433
5.065226775011979
7.07615712704137
11.343159954994917
2.937083767959848
3.106329630012624
3.0605978129897267
3.4834979709703475
3.9780099550262094
4.953846523014363
7.268491113965865
11.277485397993587
2.956365069025196
2.91904342797352
3.1930443180026487
3.384379947965499
4.021998586016707
5.170869356021285
7.082765583007131
11.292118554003537
2.952830415975768
2.9178618399892002
3.2177279430325143
3.473350908025168
4.035833270987496
4.983230662008282
7.961323295952752
11.978461770981085
3.6265648060361855
3.6609879580209963
3.901370549981948
3.343941002036445
4.102439592010342
5.086172023031395
7.236926871002652
11.338176745979581
2.8198831890476868
3.050825532991439
3.171567119017709
3.370927833020687
4.139506757026538
5.15350351302186
7.095790707040578
11.335763985000085
2.9560429630219005
3.0559536610380746
3.2128207080531865
3.51562667300459
3.894537201966159
5.170151825004723
7.197712803957984
11.296168908011168
2.969519294972997
3.085761950991582
3.168896102986764
3.3811613239813596
4.024579895019997
5.1227256609709
7.085026397020556
11.291626246005762
2.935126479016617
3.1469317069859244
3.016229860018939
3.500081116973888
4.02084512001602
5.041471039992757
7.188681194966193
11.335438214009628
2.977877220022492
3.0266072890372016
3.1630137450410984
3.3583452189923264
4.027554697997402
5.14984339295188
7.265637208998669
11.292974602023605
2.932391290029045
2.9298849269980565
3.149796632002108
3.4757765510003082
4.053976589930244
5.053078226977959
7.267604884924367
11.300312501960434
2.9418991160346195
3.1211542279925197
3.000885383109562
3.5576563749928027
4.053542998968624
5.152889193966985
7.208110943087377
11.143554492038675
2.979075874085538
3.0685513380449265
3.024260126054287
3.4837754080072045
4.023951577953994
5.165535376989283
7.271113153081387
11.34644615498837
2.963155744015239
2.9303133490029722
3.23472457297612
3.5100397360511124
3.9510000059381127
5.126577118062414
7.2450174409896135
11.141059919958934
3.0381926810368896
3.0802488529589027
3.0400319629115984
3.4905164920492098
4.034241719986312
5.001183282933198
7.177042369963601
11.35339688602835
2.9630653510103
3.039793499978259
3.026491404045373
3.468321264954284
4.043600221979432
5.1301309949485585
7.082521556993015
11.362516643013805
2.975539186038077
3.635450070956722
3.6341483930591494
4.16189186507836
4.7640002210391685
5.622771622030996
7.859616118017584
11.419899235945195
2.959037847002037
2.904182271915488
3.205832742038183
3.523849964956753
3.911256746039726
5.080047291936353
7.239081660984084
11.20719516009558
2.9891322019975632
3.0896889149444178
3.0491219330579042
3.4998962059617043
4.056330249994062
5.0619607489788905
7.202909626998007
11.305877376929857
2.9281581880059093
2.960168550023809
3.219261012971401
3.3416766750160605
4.016822244040668
5.134501158958301
7.100417808047496
11.276637968956493
2.9592170210089535
3.0635858610039577
3.0489991169888526
3.531328988960013
4.04055675806012
5.045142189017497
7.188761682016775
11.359656950924546
2.947667547967285
2.9415775679517537
3.197872695978731
3.5032917829230428
4.017341802944429
5.0829237579600886
7.089570746989921
11.318095466005616
2.940625122981146
3.0807850130368024
3.0714434679830447
3.49256940104533
4.043684267904609
5.015405172016472
7.167027523042634
11.32832837908063
3.005909624043852
2.9310214639408514
3.1863799089333043
3.4962723300559446
3.8954883019905537
5.194890666054562
7.180073669995181
11.321418195031583
2.8505847239866853
3.0620055330218747
3.1197597649879754
3.362555100931786
4.032265888992697
5.090894404100254
7.241434931056574
11.154992836993188
2.9558626640355214
3.065501509932801
3.0553942649858072
3.5076206399826333
4.020324901910499
5.016281769028865
7.261980570969172
11.354366241954267
2.9877282349625602
3.191461845068261
3.051449649967253
3.5872653640108183
4.047654983005486
5.11437557102181
7.0805825219722465
11.346271374961361
2.9606717929709703
3.0922314189374447
3.0928444659803063
3.5074819119181484
4.039570750086568
4.985699217068031
7.209043244016357
11.335992156993598
2.9912966130068526
2.9525097450241446
3.2038257190724835
3.4989699240541086
3.9536121860146523
5.19421061896719
7.24290310498327
11.310796838952228
2.962794797960669
2.949630821007304
3.145134258083999
3.47390586102847
4.113071830011904
5.747021432965994
7.7191462009213865
11.971752529032528
3.7429591700201854
3.8299890590133145
3.356418985989876
3.501877584028989
3.984046559082344
5.119367195060477
7.068150663049892
11.314401498995721
2.9462254940299317
3.0219033499015495
3.220378139987588
3.364753952017054
3.998391526984051
5.150131231057458
7.108462882926688
11.316079665906727
3.0041728609940037
3.067512501962483
3.073334016953595
3.473655640031211
3.8921844869619235
5.0808815389173105
7.229750414029695
11.3204884090228
2.952714768005535
2.9363831189693883
3.24599703901913
3.4625986590981483
4.024814501986839
5.005501175997779
7.243575997999869
11.37809243099764
3.010084745939821
2.923484322032891
3.167691432056017
3.515839776955545
3.9180417039897293
5.085596221964806
7.229280834901147
11.209861372946762
2.964853056007996
3.092116722953506
3.1523939989274368
3.430243996088393
4.009178950916976
5.13858450204134
7.2448598080081865
11.200931887025945
2.946692425990477
3.04743109701667
3.199438292067498
3.3640514969592914
4.05935218394734
5.118697070050985
7.255594868096523
11.28979968407657
2.9617469350341707
2.9207514489535242
3.152004848001525
3.5160445399815217
4.003585161990486
4.972581703099422
7.200848698033951
11.378102309070528
2.934973206021823
2.935581394005567
3.1479570779483765
3.4949865250382572
4.058468597009778
4.973008656990714
7.234111839905381
11.351152036921121
3.0171063439920545
2.9748540819855407
3.1698717289837077
3.572299137013033
3.9107630130602047
5.143382557085715
7.219015238923021
11.179025398101658
2.946000108961016
3.066267188056372
3.1770004109712318
3.3789067529141903
4.039651751052588
5.147499140002765
7.255516984965652
11.220849693985656
2.9975537109421566
3.0141469680238515
3.1835522019537166
3.3865105248987675
4.010480850934982
5.003448871080764
7.24215357308276
11.350833783042617
2.989857892971486
3.1048571520950645
3.0464460449293256
3.4807152579305694
4.023318126914091
5.835067235981114
7.729222096968442
11.987860684050247
3.759730651974678
3.575506451074034
3.667805553996004
3.5192463119747117
4.084573238971643
4.963289114064537
7.181231376947835
11.355996365076862
