0.02022222222222222
0.025111111111111112
0.051222222222222225
0.09111111111111111
0.11455555555555555
0.14744444444444443
0.17277777777777778
0.20455555555555555
0.026555555555555554
0.037333333333333336
0.056666666666666664
0.08188888888888889
0.12166666666666667
0.14155555555555555
0.17822222222222223
0.2061111111111111
0.021
0.030666666666666665
0.05
0.089
0.11188888888888888
0.149
0.17877777777777779
0.20744444444444443
0.024666666666666667
0.029666666666666668
0.04722222222222222
0.092
0.117
0.14644444444444443
0.17866666666666667
0.20522222222222222
0.02988888888888889
0.03266666666666666
0.04577777777777778
0.0971111111111111
0.12733333333333333
0.15344444444444444
0.17677777777777778
0.20444444444444446
0.022222222222222223
0.035333333333333335
0.04922222222222222
0.09277777777777778
0.11633333333333333
0.14666666666666667
0.18044444444444444
0.20933333333333334
0.02788888888888889
0.03244444444444444
0.0641111111111111
0.09555555555555556
0.114
0.1468888888888889
0.17555555555555555
0.20577777777777778
0.024444444444444446
0.028333333333333332
0.05577777777777778
0.09644444444444444
0.11822222222222223
0.14888888888888888
0.1751111111111111
0.20344444444444446
0.020888888888888887
0.028555555555555556
0.04488888888888889
0.09622222222222222
0.11611111111111111
0.14355555555555555
0.17477777777777778
0.20666666666666667
0.02033333333333333
0.030222222222222223
0.05455555555555556
0.08766666666666667
0.11477777777777778
0.14522222222222222
0.1768888888888889
0.20755555555555555
0.02311111111111111
0.023444444444444445
0.059333333333333335
0.09255555555555556
0.11044444444444444
0.145
0.17155555555555554
0.2061111111111111
0.02411111111111111
0.02822222222222222
0.05344444444444445
0.08644444444444445
0.12044444444444445
0.1468888888888889
0.17755555555555555
0.21133333333333335
0.024888888888888887
0.03188888888888889
0.050222222222222224
0.09644444444444444
0.11977777777777777
0.14544444444444443
0.18388888888888888
0.211
0.019666666666666666
0.024888888888888887
0.04833333333333333
0.08666666666666667
0.11655555555555555
0.148
0.1748888888888889
0.207
0.028
0.029111111111111112
0.05433333333333333
0.09733333333333333
0.11133333333333334
0.1438888888888889
0.17833333333333334
0.20922222222222223
0.018333333333333333
0.024555555555555556
0.05555555555555555
0.09966666666666667
0.11688888888888889
0.15055555555555555
0.178
0.2068888888888889
0.02033333333333333
0.030333333333333334
0.060222222222222226
0.09488888888888888
0.121
0.1471111111111111
0.17477777777777778
0.20866666666666667
0.030555555555555555
0.027
0.05522222222222222
0.09244444444444444
0.12344444444444444
0.14677777777777778
0.17355555555555555
0.2021111111111111
0.022222222222222223
0.03411111111111111
0.05455555555555556
0.09933333333333333
0.121
0.14744444444444443
0.17544444444444443
0.2038888888888889
0.018666666666666668
0.029333333333333333
0.05311111111111111
0.08888888888888889
0.11966666666666667
0.1428888888888889
0.1781111111111111
0.2071111111111111
0.02288888888888889
0.02288888888888889
0.051444444444444445
0.09622222222222222
0.1238888888888889
0.14655555555555555
0.17677777777777778
0.20366666666666666
0.021222222222222222
0.027777777777777776
0.059444444444444446
0.09244444444444444
0.11688888888888889
0.15133333333333332
0.17444444444444446
0.20944444444444443
0.02666666666666667
0.034777777777777776
0.054
0.092
0.12088888888888889
0.14766666666666667
0.1758888888888889
0.20566666666666666
0.024333333333333332
0.026
0.04033333333333333
0.08922222222222222
0.119
0.14133333333333334
0.17833333333333334
0.20255555555555554
0.02722222222222222
0.03277777777777778
0.057888888888888886
0.09166666666666666
0.11333333333333333
0.147
0.17933333333333334
0.20722222222222222
0.025111111111111112
0.028
0.05
0.09577777777777778
0.11633333333333333
0.14477777777777778
0.17822222222222223
0.208
0.017777777777777778
0.039
0.051
0.09566666666666666
0.12077777777777778
0.14377777777777778
0.17222222222222222
0.20622222222222222
0.019
0.03288888888888889
0.04722222222222222
0.08866666666666667
0.11922222222222222
0.1448888888888889
0.1748888888888889
0.20077777777777778
0.019222222222222224
0.029
0.05433333333333333
0.09022222222222222
0.11877777777777777
0.1471111111111111
0.17733333333333334
0.20466666666666666
0.025666666666666667
0.024666666666666667
0.059444444444444446
0.09722222222222222
0.10866666666666666
0.14655555555555555
0.17922222222222223
0.20222222222222222
0.024555555555555556
0.03866666666666667
0.051666666666666666
0.09266666666666666
0.11988888888888889
0.14888888888888888
0.17622222222222222
0.20933333333333334
0.025777777777777778
0.032
0.06011111111111111
0.09633333333333334
0.11633333333333333
0.15711111111111112
0.1778888888888889
0.21022222222222223
0.02188888888888889
0.029
0.058888888888888886
0.08555555555555555
0.11566666666666667
0.147
0.18622222222222223
0.21322222222222223
0.026333333333333334
0.028444444444444446
0.0661111111111111
0.09955555555555555
0.11288888888888889
0.14822222222222223
0.1748888888888889
0.21611111111111111
0.019444444444444445
0.03977777777777778
0.056666666666666664
0.08433333333333333
0.10711111111111112
0.1438888888888889
0.181
0.21266666666666667
0.022333333333333334
0.025777777777777778
0.05633333333333333
0.08977777777777778
0.12322222222222222
0.14822222222222223
0.17666666666666667
0.2038888888888889
0.021666666666666667
0.025777777777777778
0.05522222222222222
0.09288888888888888
0.11577777777777777
0.15088888888888888
0.18044444444444444
0.21055555555555555
0.025111111111111112
0.02288888888888889
0.059
0.09111111111111111
0.12466666666666666
0.152
0.18266666666666667
0.2088888888888889
0.025111111111111112
0.03311111111111111
0.04844444444444444
0.08044444444444444
0.11577777777777777
0.14555555555555555
0.1758888888888889
0.20333333333333334
0.014777777777777779
0.029111111111111112
0.050444444444444445
0.09055555555555556
0.12111111111111111
0.15033333333333335
0.179
0.20755555555555555
0.021222222222222222
0.029111111111111112
0.05977777777777778
0.08777777777777777
0.12233333333333334
0.14755555555555555
0.18022222222222223
0.206
0.02322222222222222
0.029555555555555557
0.05688888888888889
0.0961111111111111
0.11633333333333333
0.14755555555555555
0.17344444444444446
0.2061111111111111
0.021333333333333333
0.03111111111111111
0.04588888888888889
0.09055555555555556
0.1121111111111111
0.15144444444444444
0.17533333333333334
0.2098888888888889
0.028
0.03
0.04411111111111111
0.09044444444444444
0.11611111111111111
0.14833333333333334
0.18055555555555555
0.201
0.024666666666666667
0.032
0.057444444444444444
0.09166666666666666
0.116
0.15044444444444444
0.1761111111111111
0.2071111111111111
