0.3622448979591837
0.6326530612244898
0.8061224489795918
0.8316326530612245
0.8826530612244898
0.8979591836734694
0.5027932960893855
0.8715083798882681
0.8715083798882681
0.8994413407821229
0.9385474860335196
0.9497206703910615
0.5388888888888889
0.8166666666666667
0.95
0.95
0.9833333333333333
0.9833333333333333
0.5187165775401069
0.7112299465240641
0.8556149732620321
0.8823529411764706
0.9358288770053476
0.946524064171123
0.5595238095238095
0.6607142857142857
0.75
0.8452380952380952
0.9583333333333334
0.9404761904761905
0.4581005586592179
0.6089385474860335
0.7653631284916201
0.8044692737430168
0.8715083798882681
0.9050279329608939
0.6910112359550562
0.9157303370786517
0.9438202247191011
0.9325842696629213
0.9550561797752809
0.9719101123595506
0.4708994708994709
0.7037037037037037
0.798941798941799
0.8253968253968254
0.8888888888888888
0.9047619047619048
0.38421052631578945
0.7631578947368421
0.7789473684210526
0.868421052631579
0.8842105263157894
0.9157894736842105
0.5380710659898477
0.5685279187817259
0.6649746192893401
0.7258883248730964
0.8324873096446701
0.8527918781725888
0.4044943820224719
0.6797752808988764
0.6910112359550562
0.848314606741573
0.8146067415730337
0.8932584269662921
0.3915343915343915
0.5714285714285714
0.6402116402116402
0.6984126984126984
0.7724867724867724
0.8253968253968254
0.5904255319148937
0.7712765957446809
0.8031914893617021
0.824468085106383
0.8776595744680851
0.9042553191489362
0.6184971098265896
0.7225433526011561
0.8554913294797688
0.9248554913294798
0.9595375722543352
0.9826589595375722
0.5777777777777777
0.7944444444444444
0.8888888888888888
0.9111111111111111
0.9388888888888889
0.9722222222222222
0.6273291925465838
0.6583850931677019
0.7763975155279503
0.8881987577639752
0.9192546583850931
0.9751552795031055
0.5988372093023255
0.6918604651162791
0.8313953488372093
0.8372093023255814
0.8953488372093024
0.9186046511627907
0.5672514619883041
0.7953216374269005
0.9122807017543859
0.9064327485380117
0.9649122807017544
0.9590643274853801
0.3812154696132597
0.6961325966850829
0.8784530386740331
0.9171270718232044
0.9337016574585635
0.9668508287292817
0.38271604938271603
0.7530864197530864
0.845679012345679
0.8580246913580247
0.9444444444444444
0.9691358024691358
0.4682080924855491
0.6878612716763006
0.7630057803468208
0.884393063583815
0.8901734104046243
0.9190751445086706
0.6569767441860465
0.8081395348837209
0.877906976744186
0.9186046511627907
0.9534883720930233
0.9593023255813954
0.3431952662721893
0.757396449704142
0.757396449704142
0.8047337278106509
0.8875739644970414
0.9704142011834319
0.5833333333333334
0.55
0.6388888888888888
0.6888888888888889
0.7444444444444445
0.7944444444444444
0.7597765363128491
0.8379888268156425
0.8156424581005587
0.9385474860335196
0.9441340782122905
0.9608938547486033
0.35403726708074534
0.5403726708074534
0.6024844720496895
0.6459627329192547
0.8322981366459627
0.8695652173913043
0.60625
0.825
0.875
0.88125
0.9625
0.96875
0.5730994152046783
0.8187134502923976
0.847953216374269
0.8421052631578947
0.9005847953216374
0.9532163742690059
0.6865671641791045
0.900497512437811
0.900497512437811
0.9104477611940298
0.9203980099502488
0.945273631840796
0.7772277227722773
0.8712871287128713
0.9455445544554455
0.9702970297029703
0.9653465346534653
0.9752475247524752
0.4880382775119617
0.7416267942583732
0.8755980861244019
0.8899521531100478
0.9473684210526315
0.9617224880382775
0.47368421052631576
0.6894736842105263
0.8473684210526315
0.9
0.9157894736842105
0.9631578947368421
0.5074626865671642
0.7014925373134329
0.8208955223880597
0.8805970149253731
0.9253731343283582
0.9502487562189055
0.795
0.955
0.96
0.96
0.975
0.97
0.5459459459459459
0.7513513513513513
0.7837837837837838
0.8702702702702703
0.8756756756756757
0.9459459459459459
0.5572916666666666
0.7864583333333334
0.8541666666666666
0.9166666666666666
0.9322916666666666
0.9635416666666666
0.4161849710982659
0.653179190751445
0.7341040462427746
0.8323699421965318
0.9132947976878613
0.9248554913294798
0.375
0.7445652173913043
0.8369565217391305
0.8586956521739131
0.907608695652174
0.9402173913043478
0.5901639344262295
0.6830601092896175
0.8579234972677595
0.8743169398907104
0.9016393442622951
0.9180327868852459
0.5647668393782384
0.8393782383419689
0.9119170984455959
0.9689119170984456
0.9740932642487047
0.9740932642487047
0.6609195402298851
0.6609195402298851
0.8793103448275862
0.9137931034482759
0.9367816091954023
0.9712643678160919
0.42702702702702705
0.7891891891891892
0.8864864864864865
0.9027027027027027
0.9459459459459459
0.9783783783783784
0.8152173913043478
0.8858695652173914
0.9239130434782609
0.9130434782608695
0.9402173913043478
0.9402173913043478
0.39779005524861877
0.4530386740331492
0.8176795580110497
0.8784530386740331
0.9171270718232044
0.9502762430939227
0.4583333333333333
0.5989583333333334
0.7083333333333334
0.7864583333333334
0.8333333333333334
0.8697916666666666
