6.943523813999491
5.210548064002069
8.191325387000688
27.40600853601063
26.540250329009723
30.869199048000155
38.4104969320033
48.79255650599953
4.1443998140020994
5.7340035590023035
3.5066987959871767
3.4930040210019797
19.44510825398902
30.226563217991497
37.66429980700195
50.83624896900437
5.900808360995143
6.79073656599212
3.515226100993459
26.855669633994694
28.157251841999823
4.116148102009902
38.51510419099941
56.927187490990036
3.414555860988912
5.153338752992568
6.255998353997711
27.17436142198858
4.700497504993109
30.982238585012965
5.074816936001298
7.808038164002937
4.261268528003711
7.817079507003655
27.25417366900365
5.44129912299104
14.372652980004204
5.292829653000808
39.09851594900829
53.41667731599591
6.7927812980051385
5.030508190990076
4.399539031001041
26.6665437729971
28.007042191995424
4.0632730049983365
46.07468045299174
64.74246009800117
8.23070583200024
8.380709213990485
26.574281239998527
32.2179994850012
33.771307432994945
31.934738858006313
38.54493210600049
54.81240586099739
3.487644945998909
6.990249073001905
7.381887091993121
3.7063405780063476
10.89472138400015
31.888214378996054
39.34046638700238
45.533598426001845
7.696474448006484
4.318369045999134
4.598804092995124
27.271036912003183
5.695962350990158
31.076572443998884
38.46538954100106
54.66457496100338
4.321463775995653
6.966357711004093
27.34458786599862
27.650724153005285
28.986279146993184
31.471265667001717
38.98760643300193
57.21569924100186
4.342646193996188
6.84634500600805
6.303068505003466
27.56122233600763
4.822805972013157
31.452516810997622
38.923035344996606
53.448943770999904
3.5998989670042647
3.478026338998461
27.68311018499662
28.217881346994545
29.400214947003406
8.484957366992603
39.16166680199967
59.485309888012125
3.3908865410048747
5.988321124998038
3.565160280006239
27.098064727993915
3.7740126279968536
30.857089027005713
38.513566584006185
41.20810925400292
7.913983833001112
4.378605871999753
4.650895047001541
27.763343327998882
28.726315118008642
4.23768027999904
38.74044532600965
57.08265580699663
3.5984958579938393
6.121585779008456
27.70658110101067
28.131412868999178
3.9515749239944853
31.616021294001257
5.297929338994436
55.31659000599757
5.046547538993764
6.651294048991986
26.67390654599876
27.01480129000265
28.319187909000902
4.149853198003257
38.258071196993114
48.98620473200572
6.0612286329997005
11.253015976006282
4.655486219999148
5.463572127002408
9.624713857992901
31.333204119000584
38.749005172008765
59.61067172900948
7.072885069006588
5.0469815700053005
5.122759660007432
22.169260597001994
33.32436269799655
12.133302164002089
46.41362901699904
53.33178092200251
6.096876757001155
6.004248887998983
3.5943395130016143
3.6231936599942856
23.05814959599229
31.14231221099908
38.63246360899939
58.72041114199965
4.3596795269986615
5.212734877000912
3.6513803170091705
27.531159281003056
28.92208818299696
31.353646994000883
38.81079703599971
47.44833390499116
3.5040980729972944
6.860268292002729
27.078119122001226
27.385252893989673
28.66166411001177
31.324064597996767
38.85829154000385
58.872464656000375
4.871968956009368
4.92762443999527
25.778220621999935
3.4902332079946063
27.5146252859995
14.121052649992635
5.011293868999928
50.13550491200294
3.3910179030062864
5.027681054009008
3.5804620690032607
3.5341066330001922
27.92203657599748
30.742733070001123
38.093187477992615
58.37260436201177
5.736260370991658
3.2921200990094803
26.06909902699408
26.217789987000288
3.7003238830075134
29.839270468000905
4.986262544000056
57.77417042099114
4.16821177098609
6.732517056996585
26.649779594998108
6.222590853998554
28.008165426988853
7.120580636998056
38.030425071992795
54.47534066600201
6.735675419011386
6.727846466994379
4.410714148005354
26.83127806399716
3.7492479600041406
30.81754173799709
38.07788619000348
7.873603065003408
4.246624161998625
6.75251377299719
26.339032058996963
3.605005032994086
27.953502308999305
17.330127225999604
38.35451769299107
59.2442515570001
3.3157615829986753
5.061511544990935
26.101424516004045
26.492613261012593
7.420481701003155
9.15255928201077
5.063340648994199
44.67596822598716
4.680033623997588
3.02952905400889
6.427587687998312
4.845620609994512
3.4900804110075114
4.53050000499934
43.107986381000956
69.20628009000211
5.543485496993526
5.4307304520043544
11.531510480010184
29.481594911994762
4.1493065930117154
21.598128556011943
4.852658051007893
52.5684249909973
10.62682333200064
3.048190435001743
3.2554912449995754
24.612142541998765
25.90983800299
3.8561065339890774
35.63606957900629
52.11449063899636
3.0736343869939446
6.191760502988473
23.76659118999669
24.930115055001806
3.4577664170064963
3.8005149480013642
36.12607154199213
54.48953780300508
4.798358226995333
3.1537336170003982
24.907264472989482
25.338617568995687
26.36792509899533
28.99122522599646
36.40806750699994
54.783394445999875
5.520646045988542
5.536164206001558
4.138710027997149
3.4142702690005535
26.687912234003306
3.884183497997583
36.632549118992756
56.81325402400398
3.0845975120028015
6.157143621996511
4.9633362340100575
6.767766589007806
3.4502283510082634
28.492083760007517
36.11023026499606
43.19960465299664
3.743193506001262
3.034610041999258
3.989634188998025
24.15971733198967
25.244376643997384
8.50939405200188
35.44814071699511
55.78965988199343
3.151423790011904
5.580245306991856
4.981762263996643
3.393474853990483
8.871949697000673
29.217132926001796
36.64535514499585
51.188279659996624
5.692234228990856
6.571472855997854
25.517500934001873
25.99140343799081
3.608415259994217
29.62297212300473
37.03894757499802
46.278683463009656
3.881157397001516
3.975738488006755
4.1014133389981
3.3823690350109246
26.374948828990455
7.740203688998008
36.483633839990944
48.883599858003436
4.031390382995596
8.111812492003082
4.405522222004947
25.92474041300011
3.5417512330022873
29.476015837994055
36.83533219899982
43.68865250700037
4.066144606011221
6.58051126699138
7.139802979989327
8.340571449996787
4.299415393004892
35.37821747800626
45.4790482140088
58.041771218995564
9.567696523998166
10.59362616299768
5.976308569006505
25.971806414992898
12.612139439996099
29.726502007993986
37.108516913009225
55.632955509005114
8.08245617900684
4.836992780008586
25.575716516992543
7.644232780992752
4.5908514890033985
29.349613604004844
36.88422727500438
45.655278761012596
3.860707777988864
3.887713416988845
6.631363583001075
4.970262943999842
3.4530633539980045
28.79981613199925
36.4396794350032
54.69781571900239
2.9767258720094105
4.991534543994931
4.557643987995107
3.0766383900045184
23.50377514900174
26.78429909099941
34.47935877200507
54.50582834199304
