2.873257652436770893e-01 2.070697835980621626e-01 2.055899170095107087e-01 2.312515287677313069e-01 2.252613950759981276e-01
1.695937168503298120e-01 1.539152578210121192e-01 1.719680665562469124e-01 2.095883719327338857e-01 1.920110061159571724e-01
1.353915857944882895e-01 1.262644786188901747e-01 1.626904917885473034e-01 1.387949963968928835e-01 2.008996463720794101e-01
5.407333664858433864e-02 6.876554573059663611e-02 9.050236777534324817e-02 9.135630627402754889e-02 1.126473455849588967e-01
3.335979776574664324e-02 3.358234426401783546e-02 4.333526601489020441e-02 5.734760659969451169e-02 4.529122012744048187e-02
1.757318710234380063e-02 3.229229577405068330e-02 2.935677394029082704e-02 4.000258139732354445e-02 2.352324908296049913e-02
1.285509919089787220e-02 2.038417032710248405e-02 1.741998703811355534e-02 2.055817551346367927e-02 1.240819280462217809e-02
4.650202961335935317e-03 9.830090988914781322e-03 7.330427802602693110e-03 6.595034619130428835e-03 6.685483016372571578e-03
3.138789718474237489e-01 2.572951390621655565e-01 2.779810464845159368e-01 2.524957548081409042e-01 2.861202292033168115e-01
2.206573393014891749e-01 1.870015736509445803e-01 2.033669107852913438e-01 1.885411177462805177e-01 2.080620544453991305e-01
1.531079005919376568e-01 1.382074817334869865e-01 1.406841048497819713e-01 1.350572537725666378e-01 1.324451670901329869e-01
1.169228249256852592e-01 1.042183294457996040e-01 1.008871302603400466e-01 1.197118065620038918e-01 9.952911583841086984e-02
7.566761883499255326e-02 6.876247222262661662e-02 8.319524756019812395e-02 8.903849875968408711e-02 6.261859894010739225e-02
5.455259140390812667e-02 4.296566212160597698e-02 4.871823165746604067e-02 5.664525455466797033e-02 4.541516816884833690e-02
4.102688580172435956e-02 2.837166341478626272e-02 2.960739134982704954e-02 3.262568212781778026e-02 2.892239979279358567e-02
2.123583809654424129e-02 1.884707413035937792e-02 1.396933147241070580e-02 2.077713684352745088e-02 1.973296426147195387e-02
1.156326549900557471e-01 2.441227227667452371e-01 1.711970593099280680e-01 2.480505963247733592e-01 1.257791726081339267e-01
1.241339887732943736e-01 1.809340337348965821e-01 1.648929621618892838e-01 1.486340952799405368e-01 1.249184133497344834e-01
9.407059380737599341e-02 1.184834260248291971e-01 1.144255737392066985e-01 1.387515753055629519e-01 1.158396376485933549e-01
1.010272549222191174e-01 9.339697317457884562e-02 8.960266830253471593e-02 7.751296008249654312e-02 6.986786904999844894e-02
7.138602567147184219e-02 5.218323723521441776e-02 8.801439385137585503e-02 5.538967404270946776e-02 5.005176028406170541e-02
3.132758348532645176e-02 3.882386747509859737e-02 4.149584482197617163e-02 5.223047266393475441e-02 4.717139518009916266e-02
3.317646284989021754e-02 2.085540964796624847e-02 3.611645797211267273e-02 3.242658708463076744e-02 3.012015252346045974e-02
1.246802236889427845e-02 2.176969518699422776e-02 2.973754743996524438e-02 2.427380563745125050e-02 2.795417142043093994e-02
8.627548051846470334e-02 5.849215656194359930e-02 7.787044191411321425e-02 1.274513618896074008e-01 7.989490768511883778e-02
7.588467715951874304e-02 6.138665029700647591e-02 6.871861576081804424e-02 8.693173547059236672e-02 7.029618577687626879e-02
5.401128054047073940e-02 5.334781319673158329e-02 3.963597684655194991e-02 6.661678429216219555e-02 6.379224238267147684e-02
4.641835274337803574e-02 3.897197688144599104e-02 3.941892096231752740e-02 3.591754271906782287e-02 4.814747291578738014e-02
3.407509823927785952e-02 3.540774964423505644e-02 3.446027824303033588e-02 3.478181200006943974e-02 5.616138024607899432e-02
2.597568717967721486e-02 2.923573122603845276e-02 2.724145090390549945e-02 2.588990901441465264e-02 4.606517892602209063e-02
1.949770117816058274e-02 2.302471338100665205e-02 1.844640969885505064e-02 1.897402097166022220e-02 3.437709360505767503e-02
1.696114268065490940e-02 1.899203949186395110e-02 1.734774275340367905e-02 1.831353326503017478e-02 2.729860704169704416e-02
1.292737013236210653e-01 1.216947146658513557e-01 1.390647117748243233e-01 1.730610200078333549e-01 1.688685119443144866e-01
1.282213460245340275e-01 1.053682860386049025e-01 1.217008489297718710e-01 1.581716408003073782e-01 1.369861957162820387e-01
1.126113431265330089e-01 1.389316542085531903e-01 1.308986035758530342e-01 1.325124921967561487e-01 1.371024760818136401e-01
1.092220805253669991e-01 1.227759979180651773e-01 1.415993378357646160e-01 1.382622438921181918e-01 1.564085533889923718e-01
1.228667236366202536e-01 1.296740602783701402e-01 1.216195884560028057e-01 1.621476809253389051e-01 1.461661138598486231e-01
1.247160960002991759e-01 1.238366112254705442e-01 1.240547222742473671e-01 1.411979424364410152e-01 1.357492834311469498e-01
1.176787542742412096e-01 1.318962356836569094e-01 1.440013648966037840e-01 1.180316751584967461e-01 1.275573362884841466e-01
9.759722532166485720e-02 1.439713673630467206e-01 1.105782442373367813e-01 1.048139873164516400e-01 1.330967573933225234e-01
6.628822282416593770e-02 6.451768773000432500e-02 4.553806629068625489e-02 1.805725080532571275e-02 5.290832198529171748e-02
6.728737571275197893e-02 5.634806187453944570e-02 3.317050769942578303e-02 9.286566282599694952e-03 4.914302885101212715e-02
6.979583142663511874e-02 4.476573108970309522e-02 2.934667968203740623e-02 7.913407907197314572e-03 4.857394519098930108e-02
6.281420393597987595e-02 3.528699275287690285e-02 4.182502237663691252e-02 1.161229813458157858e-02 4.280917434494728446e-02
5.110168168954827561e-02 4.089763670193528877e-02 4.418773022851378574e-02 1.868291782554003244e-02 4.623606318720596686e-02
5.331818312509985919e-02 3.800539558393882522e-02 3.831993445482566318e-02 1.242329036054668455e-02 4.551046499832557546e-02
5.520592683592327743e-02 3.510757805174409552e-02 4.336596702809514259e-02 1.643837877338420739e-02 4.665272035075643947e-02
6.028236213245952158e-02 3.029691541070090449e-02 3.647045068409131285e-02 1.318624716584568257e-02 4.292299461741479194e-02
9.157006257300003005e-02 7.833862389641479962e-02 8.468785951934680589e-02 8.676502566815103012e-02 8.579594504359841500e-02
6.963616217908991102e-02 6.425098710278674685e-02 6.624210754093269593e-02 6.855992849310768578e-02 6.671260752317512144e-02
5.845997635216362148e-02 5.752525845528140558e-02 5.772881438719592445e-02 6.265173868441158145e-02 6.129411017130147188e-02
6.057885446714302013e-02 5.362120253883061183e-02 5.731983824111112208e-02 5.311435537695804315e-02 5.712451294354765896e-02
3.878963919754820078e-02 3.829421532727207700e-02 3.685384149083692495e-02 5.388525290272437596e-02 4.273795894817835478e-02
3.227744862413740867e-02 3.338484194535253080e-02 2.774821133456861766e-02 4.044144463071090018e-02 4.193864484980800583e-02
2.719301328160887363e-02 2.432126526216061776e-02 2.459558172659590675e-02 3.824822273742284340e-02 3.159145032060779040e-02
2.239088050190876644e-02 2.092886647571848280e-02 1.796032902687616506e-02 3.347071420347657450e-02 2.645425262740229780e-02
3.372380664732456124e-01 2.872123482179638199e-01 2.994065502907042875e-01 2.797645899165938088e-01 2.394561604915867170e-01
3.315662360816421517e-01 3.008573445988117490e-01 2.129632110028617242e-01 2.015952206903433019e-01 2.231086711776090470e-01
2.102887044786726778e-01 2.303722314219046885e-01 1.564382951987240145e-01 1.837152761695938774e-01 1.871543474355871484e-01
8.493588218109870969e-02 1.183907335919315990e-01 8.587683744244485606e-02 9.917294151772648725e-02 1.006728518159625968e-01
1.133987875049857763e-01 1.426696031712547386e-01 1.128443563054491727e-01 1.149610231618211909e-01 1.002265568966077269e-01
9.216698717228151427e-02 1.241330799927888168e-01 8.841819354774933803e-02 7.777611046352723989e-02 7.631096422013142200e-02
8.024434616514401764e-02 9.018590341402694943e-02 7.759261065355850528e-02 6.795838713950744236e-02 7.181025964097913217e-02
7.385180985826278466e-02 7.887385517278835967e-02 7.717972301642164745e-02 6.101172455651514281e-02 6.568307817799548531e-02
1.297092001956142993e-01 1.475063606468741406e-01 1.034647256697994455e-01 1.252973511347720559e-01 1.041280951507227159e-01
1.098025483303397970e-01 1.338418834278060354e-01 9.640892691437225048e-02 1.209790556147166268e-01 1.179110481050648085e-01
1.093339220277956547e-01 9.476407214933089962e-02 9.030200624394708886e-02 9.389174722330591305e-02 1.006741731485916586e-01
8.807381809001728346e-02 7.487033647135257763e-02 7.489370955711813216e-02 8.564659744382620288e-02 7.499855032786820197e-02
1.063721717891926294e-01 1.005556196046381301e-01 8.697814578287324516e-02 7.471729177518500464e-02 9.534197705422704783e-02
1.011860576819518798e-01 1.008535952799285013e-01 8.764789194484709500e-02 7.642059210093785082e-02 9.653317748113657282e-02
1.015305393201670070e-01 1.112384487133523531e-01 1.020289445141755735e-01 8.754768993207143191e-02 9.177299732937750643e-02
9.756605375054697160e-02 1.044678329466323524e-01 1.112603425754825209e-01 9.013019722609895423e-02 9.582122967236536559e-02
4.153289963891453884e-01 3.567033350313259521e-01 3.657199849102253930e-01 4.367320720171726789e-01 4.557655282051901180e-01
4.561069300226544554e-01 3.880799326842233055e-01 3.351115822063653882e-01 3.991138467782881505e-01 3.285671230446017277e-01
3.305043797891307200e-01 3.183247525028083946e-01 3.053924181144692662e-01 2.979333827159261761e-01 3.303898379056999235e-01
2.391090392987139934e-01 2.811256038725379325e-01 2.849553765325932297e-01 2.564416503843611195e-01 3.092503675228462923e-01
1.970040029618335686e-01 2.294934194429784358e-01 1.977389640828264294e-01 2.237750302659603230e-01 1.991313310565254735e-01
1.740686221091595764e-01 1.759325387632990068e-01 1.536732484359790707e-01 1.818317094601152595e-01 1.581517484246135474e-01
1.297888529327551610e-01 1.241918770429005087e-01 1.271733142471199729e-01 1.300427123715115485e-01 1.196398626929353198e-01
1.020370530700601408e-01 1.170070614002322734e-01 1.217625362416615287e-01 1.211622786598160750e-01 1.160505346469330734e-01
4.551852111494389397e-02 5.661730869235037655e-02 5.295189039137417758e-02 7.904378132551999336e-02 4.406375702645851794e-02
3.840972938094444622e-02 3.722380737622767166e-02 3.006994316431556985e-02 4.849957148794145634e-02 4.051392527825997680e-02
4.276022564338601700e-02 2.624014359912956243e-02 3.000745032708674459e-02 3.565216379502648969e-02 3.366390215947362430e-02
2.004038676879134687e-02 2.403836115850981406e-02 2.668620087258733592e-02 2.362637539062513101e-02 2.630604711467558060e-02
1.567395825981936219e-02 1.674736450488631054e-02 1.781400633583541879e-02 1.604971947869362342e-02 2.068825526312008736e-02
1.255430114791781550e-02 1.680258155626285568e-02 1.362145847145583219e-02 1.625476253103409763e-02 1.509722845622583041e-02
1.003837726345401492e-02 1.464541949735289651e-02 1.441559045087300803e-02 1.311800394141768820e-02 1.362466820820898428e-02
8.567539522342898853e-03 9.592224567409199376e-03 1.218459513845426834e-02 1.181221447978117629e-02 1.084462052015738170e-02
2.071702571911255286e-01 3.312368113783058510e-01 2.740139323044759601e-01 1.094329004019169993e-01 1.280268528212914758e-01
1.997708086620868240e-01 2.325154374927642098e-01 1.937956887702616815e-01 1.196533258643790731e-01 1.874716047633158689e-01
1.982284673113325901e-01 2.191399381228876231e-01 1.777500225456565552e-01 1.237225600360335187e-01 1.327151182549002051e-01
1.395015831271082252e-01 1.595367451590981589e-01 1.397656043781120572e-01 1.149007916291424208e-01 1.123597286417648417e-01
1.346802312642971233e-01 1.554630867674139660e-01 1.065380781119667358e-01 1.055092423968722881e-01 9.999154268747431629e-02
1.377018272108220809e-01 1.311478633718337061e-01 1.156298863783052078e-01 8.868816346491682767e-02 8.870316402540168177e-02
1.280826755810108020e-01 1.200305507619907203e-01 1.004905661456175353e-01 8.100477584346968407e-02 9.122777446906470133e-02
1.146320371067568039e-01 1.284880907957378360e-01 1.031645138494026864e-01 9.007879491334944144e-02 9.284647672577460431e-02
3.315403157779086007e-01 3.188767170285938812e-01 2.672335634784078762e-01 2.889369809062037886e-01 4.458124412585525720e-01
3.034331902627553923e-01 2.954342353739615179e-01 2.721194099626006446e-01 2.473107068693167210e-01 3.930763109265299482e-01
3.046941001830653084e-01 2.718292256006811236e-01 2.482237299678673459e-01 2.386570304957845168e-01 4.309069638704081662e-01
2.995124572693182996e-01 2.377773704424701595e-01 2.636112877742096128e-01 2.984468115551958123e-01 3.086311930739378817e-01
2.390928665981739698e-01 2.485290804389494457e-01 2.691268756820577313e-01 2.459329372598206276e-01 2.567326629369609536e-01
2.828106050050088749e-01 2.219359549940337628e-01 2.280192256940679896e-01 2.319292508457520552e-01 2.330776675307517087e-01
2.406573828053239494e-01 2.059366211676036118e-01 2.698228399483642570e-01 2.590596694791907351e-01 2.596471831090942373e-01
2.345879736001146298e-01 1.755675603054620282e-01 2.609656561873830993e-01 2.439506156479977206e-01 2.409280801125034677e-01
3.121417181462675730e-02 5.410490422090404733e-02 9.672605853639870688e-02 5.872620856224745889e-02 5.072288690456587534e-02
2.458229537889336513e-02 2.701756401022347223e-02 3.195424072507292712e-02 3.614543456033978558e-02 3.552367804547122698e-02
3.359364788307085681e-02 2.485708737316478026e-02 4.686370018808712345e-02 3.503072276759793685e-02 2.657046319551581437e-02
1.498421534318078972e-02 2.065533267950632121e-02 1.713649367172246502e-02 1.783304435360353463e-02 1.498698231476800792e-02
1.054514013366841460e-02 1.185480908498827077e-02 1.126279588520062713e-02 9.805595025882494348e-03 7.733040331335064473e-03
9.573734223068539745e-03 7.726650938817383914e-03 7.786838165901047160e-03 8.051025794622801435e-03 6.031579583848889828e-03
8.128516462541970564e-03 4.828724491535481105e-03 7.069539037467873974e-03 5.933803953946539464e-03 4.970337643404444325e-03
5.871360708905480272e-03 4.840707895891467431e-03 5.829147022013770815e-03 4.221024998030056471e-03 3.786527781165488667e-03
1.258714498006604510e-01 1.734511295555519195e-01 1.561572507379683505e-01 2.639731028418126901e-01 1.348321761945653341e-01
1.401458655403858833e-01 1.494731029589376203e-01 1.318462497015521206e-01 1.565971280165865398e-01 1.529470740029957310e-01
1.261926984018942877e-01 1.433969236049070228e-01 1.274570634923373191e-01 1.471375598011409047e-01 1.080896400298273219e-01
1.050991475866331903e-01 1.252686152910261197e-01 1.041570284776774657e-01 1.319889111063335674e-01 1.245163378586594261e-01
1.140130647067566505e-01 1.209007517459238790e-01 9.962258079819866219e-02 1.060249782107953731e-01 1.162070433354074617e-01
1.108389861232576268e-01 1.106069074580768585e-01 1.036405916832375540e-01 1.177446217420602681e-01 9.384133331657247556e-02
1.202792848832188871e-01 9.747531105771810311e-02 1.018555219703491527e-01 1.203184450851160631e-01 1.133627006508395735e-01
1.237802373266261025e-01 1.173387390178153022e-01 9.948453984119293159e-02 1.212293914493569186e-01 1.148762616265916192e-01
1.145810137940326545e-01 1.871503140218942485e-01 2.067809477369932925e-01 2.451962834308372141e-01 6.408849915725862989e-02
8.596723119371225963e-02 2.511100200899682999e-01 1.509873757232056135e-01 8.996942086533363248e-02 8.123310965590432864e-02
7.804966991837727908e-02 1.884900047857606675e-01 1.335006681458981992e-01 8.453760012352601327e-02 8.076374069709531256e-02
9.581272261948026170e-02 1.393996323637982648e-01 1.043766657934329378e-01 8.901156477210998841e-02 7.723056155354116048e-02
7.310348668753138823e-02 7.799072861377480403e-02 7.545696631349259331e-02 7.459320958891402231e-02 6.859675548402020817e-02
7.385913228151547161e-02 5.632628347783150830e-02 7.413166333994612722e-02 5.863064680700482562e-02 5.951183934129046504e-02
5.121603479824834299e-02 5.066941941098564162e-02 6.444489982242444792e-02 5.067596977702056027e-02 4.776552560092576366e-02
4.510740651097687459e-02 3.879287302381424080e-02 5.027089843052222340e-02 3.895411375331079423e-02 3.853440234958762506e-02
1.416258671132019087e-01 2.149125669907470670e-01 9.427309734359856641e-02 1.610287203539275680e-01 1.759996543566270666e-01
1.855945498560892803e-01 1.274382814119619789e-01 9.430919670066822968e-02 1.109044074557517384e-01 1.206878109123373510e-01
1.294846448065047340e-01 1.088750597476037668e-01 1.089160699218165440e-01 1.172395067956046172e-01 1.331314133398418809e-01
1.056919151973339382e-01 1.097645996528881229e-01 9.368388938095326135e-02 1.072737551845247966e-01 1.051341034440476802e-01
1.040327020368761179e-01 1.098929892751913800e-01 7.888234042736499974e-02 6.932705306245509624e-02 7.848806531846658219e-02
9.335781786817791417e-02 7.151689515703561761e-02 6.711035568772434623e-02 6.877702833824056450e-02 5.585472025560587334e-02
6.780533215277992354e-02 5.873663020366318849e-02 5.036256925647340787e-02 5.947833827490807412e-02 4.963265423616820826e-02
6.413417156000064678e-02 6.193201221908928300e-02 5.679003518763040687e-02 5.628114327690937613e-02 4.098965942541672736e-02
3.356296719750238022e-01 3.534071240710604522e-01 3.745558837496518190e-01 3.383980229730451095e-01 3.382813310380958782e-01
3.698025355498339994e-01 3.747927382753343806e-01 3.582631734763989662e-01 2.919038751600752102e-01 3.629486104253114021e-01
3.682180796492948716e-01 2.911621495766077983e-01 3.715046673784003772e-01 2.672937489265094224e-01 2.503328957893725670e-01
2.615310033866390382e-01 2.434560149109709637e-01 2.802753596958243998e-01 2.134029548652463804e-01 2.366062561876859927e-01
1.796337319847302327e-01 1.837971185702933496e-01 2.311246941188598858e-01 1.960851552651795005e-01 2.162038430353625529e-01
1.053325013567210366e-01 1.703755050379812119e-01 1.265284895537940602e-01 8.630111304008269979e-02 1.398199385292707986e-01
7.367524400342040369e-02 1.080870584974103210e-01 8.538747354381251431e-02 6.818484333867810832e-02 7.146379753666280699e-02
3.815033413037859089e-02 5.558468143440199738e-02 4.606416020093603153e-02 2.631721246821384225e-02 4.068220864680444082e-02
3.455132976566869796e-01 3.758911908251412193e-01 3.472905457072285040e-01 4.063880775505951948e-01 3.899853932519680155e-01
3.184158175157175141e-01 2.917950510814691367e-01 3.897035164180335798e-01 2.408842503273303792e-01 3.600580368745959214e-01
2.411978079133780262e-01 2.922329218915667437e-01 2.379373615609177706e-01 2.164140059547365880e-01 3.072086879873812126e-01
2.053235526030190994e-01 2.712190893840043526e-01 2.554696277229241419e-01 1.940718418563803782e-01 2.758871021807610679e-01
1.788022343204407894e-01 2.515993567356753502e-01 1.982184497699975290e-01 1.537969869823760383e-01 2.230884248604098341e-01
1.569753713291552055e-01 2.018667026684999311e-01 1.614152825911840394e-01 1.402814228305782618e-01 1.878135650978150495e-01
1.178714385985758506e-01 1.416556606481413072e-01 1.361683270499990939e-01 1.091396471763108889e-01 1.292587661377823660e-01
1.211288102619399593e-01 1.806792905747506839e-01 1.284951782073662507e-01 1.260233115686470451e-01 1.221340744961649516e-01
1.433555206966038720e-01 1.017013476882152323e-01 1.290166702631486417e-01 1.794569455920825840e-01 8.310773709342446358e-02
5.975121526098538249e-02 6.339438879702982699e-02 7.593658303351749628e-02 7.779198302938042375e-02 7.760874926779984251e-02
5.791963557975580296e-02 6.135773866001169308e-02 6.642835063169630350e-02 4.333075561217562821e-02 5.667326395259551092e-02
5.419878134568419104e-02 9.510261507325402930e-02 7.990516009047618495e-02 5.711909829655341386e-02 4.202676838978427337e-02
3.831849481379050182e-02 3.488773204079052837e-02 3.404472842134281807e-02 3.691452076667599280e-02 3.659051472433407642e-02
2.712585993661506545e-02 3.013271053045433676e-02 3.077535440797244531e-02 2.995778317613308553e-02 3.032035338980275038e-02
2.852262372878986915e-02 3.010492120095335095e-02 3.023355783382896192e-02 3.449755961726045511e-02 3.180462242934804090e-02
3.053192869405313425e-02 3.320048214674876930e-02 3.168487790854827846e-02 2.542981217507708780e-02 3.081861252286296343e-02
2.149163128354183439e-01 1.394276712332294665e-01 1.511713285510516980e-01 1.467993426423538084e-01 1.651102378919333258e-01
1.355857298518082510e-01 1.294762530022467439e-01 1.411605934064918133e-01 1.359795060925769739e-01 1.264308823377755797e-01
1.140052967868858957e-01 1.113233866832352009e-01 1.180931960593959162e-01 1.084698345421565707e-01 1.190712965331375689e-01
9.936730172770225078e-02 1.006965290247732875e-01 1.135047910862783810e-01 1.186310517658568237e-01 1.138444788787366935e-01
9.800811769535777707e-02 9.013131981631897216e-02 1.133625801212458095e-01 1.036199670612825835e-01 1.038521795330913100e-01
8.801593133536571301e-02 8.101065865593584658e-02 9.624354055337386304e-02 8.789746837772752230e-02 8.469115244787946140e-02
8.350431272623672074e-02 7.293959156363316598e-02 8.553140838087611164e-02 7.844755359882318868e-02 7.428714733434114981e-02
7.031980769317484892e-02 6.562988483107733140e-02 7.175815209731721545e-02 6.136867638566954192e-02 5.805869721656720106e-02
5.332329360189671519e-01 3.615518703277252888e-01 3.720528259734120491e-01 3.289303429171730464e-01 2.545816149143730334e-01
3.408886578631832309e-01 3.457574324110924691e-01 3.286761778948554813e-01 3.087818045324842720e-01 3.127191252186029002e-01
2.701649159053654548e-01 3.226395080915296365e-01 3.396943796116839165e-01 3.099802163580325787e-01 2.522209882414935822e-01
2.754440104211263729e-01 2.591364523331857184e-01 3.572836168961043835e-01 2.754856186317268252e-01 2.401049174141557108e-01
2.255415817444711979e-01 2.106643401332752852e-01 2.563631557788724757e-01 2.256810048524176548e-01 2.226820022497694451e-01
1.746720028088997179e-01 2.057553675185554154e-01 2.148924341469951038e-01 1.971273437889012048e-01 1.702470463362441289e-01
1.784308638867250774e-01 1.804840569227910696e-01 2.183820446247911329e-01 2.031087531677574221e-01 1.557269457935906987e-01
1.370401380513224798e-01 1.609951478573907746e-01 1.958756309149667363e-01 1.925735369808866948e-01 1.558600310481024764e-01
5.458273147018626037e-02 5.878022558849062967e-02 5.697591974578545410e-02 9.312492396815127971e-02 4.659180118209687443e-02
4.375616394641949902e-02 6.263367776190884029e-02 9.229878727558654683e-02 5.441712565795904510e-02 4.942855477646869444e-02
5.522680129520277786e-02 5.709580777618698116e-02 7.726897422905168455e-02 4.322232557793721786e-02 6.023408340292613072e-02
5.239624307608705539e-02 4.031589631633427512e-02 3.771121090350658400e-02 4.238344241529781037e-02 3.992219386299078465e-02
4.485113828329007762e-02 3.103331757912551961e-02 3.726875487576492008e-02 3.900185527338783514e-02 4.817042917945106584e-02
3.667425810910707185e-02 3.109558710647296678e-02 4.205726827148150576e-02 3.541764993117537536e-02 3.795547029449954091e-02
3.463102915903430723e-02 3.304394531587957068e-02 4.100705381576900954e-02 3.056793002918643115e-02 2.795604004888182365e-02
2.145327169012868976e-02 2.055361441679997778e-02 1.997367301764485514e-02 2.371641132119701317e-02 2.696672507672800978e-02
3.625362354235853735e-01 3.324152559136231977e-01 3.904422476804833564e-01 3.590012952149305714e-01 4.619024766301912388e-01
2.884559311799216874e-01 2.969855659408860427e-01 2.874719858287057006e-01 3.228912865466527782e-01 3.455744794930387664e-01
2.314283772687057983e-01 2.237862667119611404e-01 2.770796094076485860e-01 2.262704307832704986e-01 2.536500017803517415e-01
1.469468260809231042e-01 1.700560723864336099e-01 1.503707479667232005e-01 1.633355253834012366e-01 1.724322235778023571e-01
9.322318795775987044e-02 1.157947886333106913e-01 1.355230045500240288e-01 1.094875103900573021e-01 1.183943581936576644e-01
9.228588523176767255e-02 9.718807145056070074e-02 9.334841357618194058e-02 8.539591634763540884e-02 8.318437037999813766e-02
5.794909935995610356e-02 6.486595128518504727e-02 6.071453079325717095e-02 5.733755831745588477e-02 6.174814871650180503e-02
4.013671114274173363e-02 5.095686352868077085e-02 4.610446317459582222e-02 4.180196138135643807e-02 4.324039581416238426e-02
1.042785974739875582e-01 8.519644158933670219e-02 7.753851841352306373e-02 8.108603169466693794e-02 1.046858265051449771e-01
3.893913781233775129e-02 4.395181527171563435e-02 4.185739032860479741e-02 3.680511869331732494e-02 4.804060984248335192e-02
3.719017549533215616e-02 5.743990828372817076e-02 3.774009161408944241e-02 3.331026181735809166e-02 4.697911162385182832e-02
2.836956742051021524e-02 2.918051112915153247e-02 2.664580914651413709e-02 2.468929680875692548e-02 3.208362366544131872e-02
2.768549006901718096e-02 2.330767516719104218e-02 2.311614494655574864e-02 2.374840612366172984e-02 2.707440366473677987e-02
4.367753024446618948e-02 4.039408705440779984e-02 4.238465961329647425e-02 3.742189926358700791e-02 5.294477475873247269e-02
3.191580049560403115e-02 2.302688376412362348e-02 2.672549200331861274e-02 2.489884285375797840e-02 3.294267738133664636e-02
2.496734555032610256e-02 1.697885271179950736e-02 2.075234374061344853e-02 1.801183464062720840e-02 2.512335996120523829e-02
6.619186603915326594e-02 5.788207560881394181e-02 4.442759644640862510e-02 5.776787733847601330e-02 5.185160147279751358e-02
2.664559373751811469e-02 6.498291706729399098e-02 3.207556639508035018e-02 3.872292552484781630e-02 3.326698255492186590e-02
1.225103289168473150e-02 4.823877455792831975e-02 2.508035966514895326e-02 1.415714296130070327e-02 1.207308120553914413e-02
9.709037308524102322e-03 1.818566109558129168e-02 1.658372723554279310e-02 1.178107677272693075e-02 1.047322932373975432e-02
6.506575218053355439e-03 1.251516318327203746e-02 1.445624661516232111e-02 1.089400528323525470e-02 8.967926973631874105e-03
6.358183011499258033e-03 1.548014572090333253e-02 1.584777413464698304e-02 1.098815541345093093e-02 8.041619691104534562e-03
7.363544859512416614e-03 6.347338352173674883e-03 1.620783615320561810e-02 9.196724423919193023e-03 6.352900386490940680e-03
2.027289468540968004e-03 1.985823861392215645e-03 1.281114225700987451e-02 8.109601199000322433e-03 1.528965458905598819e-03
5.424276618354975099e-01 4.489173191630371207e-01 5.468505498851147228e-01 5.021120073098056524e-01 5.025081072868029519e-01
4.997522210625525707e-01 4.026074589896252443e-01 4.712854915911409148e-01 3.653705431816529070e-01 4.621827546195321768e-01
3.581637337156852174e-01 3.286371428814827134e-01 4.273229243983912573e-01 2.970380188113759812e-01 3.480800463666979816e-01
2.918233133085471609e-01 2.718440297433099562e-01 3.186315108087606207e-01 2.949222762675093312e-01 2.805585987712410079e-01
2.671317753560292774e-01 2.209241605470294023e-01 2.502873522505392745e-01 2.374048323947541006e-01 2.412131463465970460e-01
2.074242162802337752e-01 1.683653104015991331e-01 1.629251201086452938e-01 1.876253696539530447e-01 1.534934581357502714e-01
1.200970245272521275e-01 1.339288480377495150e-01 1.310233434587473877e-01 9.577210031358315834e-02 1.189108929359951883e-01
1.308062794124131012e-01 1.230727013418745769e-01 1.234061090762910151e-01 1.146845381540404912e-01 1.200077486620172440e-01
1.843493724627650043e-01 2.625595698630284192e-01 1.736320080627872797e-01 1.955177392821854099e-01 2.189403504716679882e-01
1.199516580870213789e-01 1.332379184775895342e-01 1.053040140575618872e-01 1.218759944698409453e-01 1.247580466433401980e-01
9.606750226373200752e-02 8.426141910367676569e-02 5.352709333852525425e-02 8.218184947377105143e-02 6.880072281200282081e-02
6.714699812606308993e-02 7.648461292251552968e-02 4.868369328398760437e-02 5.835822017485588209e-02 5.830816611909808017e-02
6.347244821399725123e-02 7.432461170435791797e-02 4.539529617259942945e-02 5.279206678643304229e-02 5.491701212598496668e-02
5.411395800036224168e-02 5.317288577190955323e-02 3.978716395373131653e-02 4.313224427071235545e-02 4.727481943520561725e-02
4.496653025340625887e-02 4.523651873438361976e-02 3.579251585591824297e-02 3.691026379934739948e-02 3.771300219710429363e-02
3.401983205848050501e-02 3.535959361453425848e-02 2.840186350276906538e-02 2.811088051611001018e-02 3.265705085180418965e-02
1.084499288768898950e-01 7.592002757521890133e-02 3.220955939592157202e-01 1.128694701998687461e-01 1.030692101039805131e-01
1.226186932774675220e-01 9.671076408122178392e-02 3.606022193543510501e-01 1.153441274735887145e-01 1.093596273139216812e-01
1.501721348769444186e-01 9.036078635364155898e-02 1.427348180756228546e-01 9.859738235996853839e-02 1.108295615376569121e-01
1.287563371230096843e-01 1.170821430607591890e-01 1.061640827477314114e-01 9.919405321257190877e-02 1.124700846097582280e-01
1.152106049083598399e-01 9.496967601889053090e-02 1.123851074316024184e-01 1.042770042549099330e-01 8.864063840417231444e-02
1.025491419682469652e-01 8.735257619937988882e-02 9.700488940910355351e-02 8.844465364186444856e-02 7.927037140799012005e-02
7.531476900674312358e-02 9.915388352109577585e-02 1.065679383934919622e-01 6.616872299008416669e-02 8.229697709105174286e-02
7.625942020643772246e-02 6.722322122686211210e-02 7.549217684021700125e-02 6.748140844349723166e-02 8.534803492722772833e-02
6.351175336129441518e-02 1.224314403062865264e-01 1.281519941972590060e-01 7.981797910066769364e-02 1.531366405805172359e-01
8.811486063591837670e-02 9.690296499828471299e-02 9.527016197831837674e-02 8.063055025665340214e-02 1.162286633288819038e-01
1.004525670228507001e-01 1.037588812535987087e-01 9.139189611299849969e-02 1.023577144737836120e-01 1.023590050593929102e-01
8.856195665520140425e-02 8.959658362326425318e-02 7.569896651512718344e-02 1.043112756494072035e-01 6.950480155086577461e-02
7.236279053796443317e-02 7.058822181721777222e-02 6.653241177677067519e-02 6.484591621275488660e-02 6.498274972166417918e-02
6.481788904734991918e-02 7.276315163425613186e-02 6.581568172926205440e-02 7.936178642855079568e-02 7.018629804494566637e-02
5.461472318946720972e-02 8.027124594650092426e-02 6.874690624922333293e-02 8.175563991375217610e-02 5.221187491231699118e-02
5.654117858942203645e-02 8.188395867748583801e-02 7.556378048119631596e-02 7.731363304496825795e-02 5.925698457342382097e-02
1.042098498246823157e-01 1.456729337843562788e-01 1.237757649288165063e-01 1.347020875369711046e-01 1.472641557434422599e-01
1.239072765899944945e-01 1.255284140795744630e-01 1.015405581198696172e-01 1.169834115390426393e-01 1.443855109600205300e-01
8.705024859782853341e-02 9.225122910303255874e-02 9.744191370312171863e-02 6.917841200701137228e-02 1.314661295268681196e-01
4.669778912523869785e-02 7.271704502209161425e-02 5.732171600519785082e-02 7.090171713300424949e-02 6.472681232484364666e-02
3.989369867146701221e-02 4.634360962784148802e-02 5.021375672856497052e-02 5.020553169004800947e-02 4.694404977409379065e-02
3.390275964566304839e-02 3.759873544287118535e-02 3.338367697316916433e-02 4.304700673014758699e-02 3.106204856279054516e-02
3.804163286743904998e-02 3.080036595525232485e-02 3.239945078021631841e-02 3.378568962980405682e-02 4.413090700068431765e-02
3.679598702064649368e-02 3.262831886975935125e-02 3.008027411674445845e-02 3.126740511841831494e-02 3.600591453956477478e-02
2.138602665968735439e-01 2.313429309846886106e-01 2.524870661473218036e-01 2.291895636511875334e-01 4.776527933539919668e-01
1.831510056959270438e-01 2.635514238781039853e-01 1.790110250402598413e-01 2.248290727760125507e-01 4.588662270473104488e-01
1.819840124143679294e-01 2.125081036399920076e-01 1.867794398470452588e-01 2.267408785328117182e-01 4.492846317072937135e-01
1.791653727282219166e-01 1.697475146113552325e-01 1.758031974546778176e-01 1.739585890306709348e-01 2.159440390414715805e-01
1.676190488458296768e-01 1.905829793707618236e-01 1.482164972644113010e-01 1.315013953654981804e-01 2.120734286319918005e-01
1.862459100177907001e-01 1.636884154349209086e-01 1.733546365345396967e-01 1.420554178245725940e-01 1.701161432254247596e-01
1.558522639610519234e-01 1.230647815862016409e-01 1.466202837382855062e-01 1.275786360668267061e-01 1.719322440760837623e-01
1.429713158355578329e-01 1.259869567007149693e-01 1.362043502954788932e-01 1.291954075090114007e-01 1.324759551680794178e-01
1.839048653057636928e-01 1.299711198047158456e-01 1.402851314005653660e-01 1.000532158973231195e-01 1.159826100888621536e-01
1.497412556122090510e-01 1.200160724265929985e-01 1.347753999113530943e-01 1.264829880612111102e-01 1.149881527846265961e-01
1.138508563881180935e-01 1.240757070540991353e-01 1.395972801440525657e-01 1.039993484804860591e-01 1.226564399753848622e-01
8.867471902364547354e-02 1.084868464391334497e-01 7.644606474297796495e-02 8.415474059135731599e-02 8.662797043167010103e-02
6.583962017658324950e-02 9.374390547620040093e-02 6.142008231568001075e-02 7.277449977030246708e-02 1.026266330006144756e-01
6.952330762671055098e-02 8.513663045525439454e-02 6.260923440228849390e-02 6.942187445884964725e-02 6.017525795630530860e-02
6.697962108003834014e-02 8.218286681949837913e-02 5.917047819301751721e-02 5.097287936175267514e-02 6.158823529008454478e-02
5.033844637829378021e-02 7.240566648995656884e-02 6.083995223971261357e-02 5.027413567032967823e-02 5.563452858917052740e-02
1.917895142144106502e-01 8.649395207143358022e-02 8.241054255544214002e-02 9.619408748310924462e-02 5.958303156306098136e-02
9.320731220803490924e-02 7.283893183317388664e-02 7.795714904702978620e-02 1.091393755030740653e-01 6.554832593459106183e-02
9.629312818021870668e-02 6.940393294777791322e-02 9.696976072379726030e-02 8.075373396638915735e-02 7.509073912411481921e-02
1.075149676718867714e-01 7.074519185979875890e-02 9.719463814814861824e-02 7.773668155892206333e-02 7.341748821498576827e-02
9.078425403717320374e-02 5.415319202884768396e-02 7.744170465595137665e-02 6.711573565720331536e-02 6.661092496602080693e-02
6.376350214480558387e-02 5.738801122871593080e-02 5.657699880079527371e-02 5.477460056856300191e-02 5.949980877655516170e-02
5.681825600479337851e-02 4.662134993936218469e-02 5.434722594787415317e-02 4.931313689268966571e-02 5.846176120706843282e-02
6.093671020245153974e-02 6.021213904542484924e-02 5.494271592281853994e-02 3.828591285098428831e-02 6.463649447381894508e-02
1.420007688689863268e-01 1.070700852749958132e-01 1.184597236393511166e-01 1.695216229362385418e-01 1.160907496053307231e-01
1.031527143094979893e-01 1.286160003708593791e-01 1.190413242255159432e-01 1.456109652882316141e-01 1.275162508238773251e-01
1.072469287432930851e-01 1.127255779168440802e-01 1.451771471382566348e-01 1.020438288012947420e-01 9.963915823543181838e-02
7.732702980841836549e-02 7.091468427351160786e-02 7.532585413724469936e-02 6.985045427197615620e-02 6.714244327528913481e-02
5.277837701439656165e-02 5.898445862487239344e-02 6.122466612243206152e-02 5.796597987054204898e-02 5.403887685828088344e-02
5.815864514356220566e-02 4.774611668492243638e-02 6.410332861630933798e-02 5.392820907304958500e-02 4.672390783899880995e-02
4.118859136778073998e-02 4.510915427255633020e-02 4.134077392358859182e-02 4.366033227628062646e-02 2.987861960394758848e-02
2.952778681165466740e-02 2.949384018808308069e-02 3.051341684418191341e-02 3.330462871046616785e-02 2.908049102939926425e-02
3.275724081390372078e-01 3.373613614439368580e-01 4.484298702776522427e-01 3.153004591862635375e-01 3.308971221239330740e-01
3.029499935369340813e-01 3.679159815163423608e-01 3.570169205154002379e-01 3.292668254543030248e-01 3.255924906581491030e-01
3.148375051109290057e-01 2.926338622345394103e-01 2.977163177508684866e-01 2.673648370781017691e-01 3.257642440257402239e-01
2.665571472840777556e-01 2.569385043295987492e-01 2.389705292541160764e-01 2.519428732111185232e-01 2.598288124446255232e-01
2.475594388549074709e-01 2.248746039214195580e-01 2.387605408496709103e-01 2.545396872799817189e-01 2.764690958725586900e-01
2.107054971165454038e-01 2.383256668964581215e-01 2.178800687414300941e-01 2.350937827116800771e-01 2.389687453941956030e-01
1.956645344876643267e-01 2.348474964521473363e-01 2.047889447837460963e-01 2.264572707161115750e-01 2.248361535454101168e-01
2.020188099224267952e-01 1.655924911530185784e-01 1.546231218732749824e-01 1.811785387180533946e-01 1.581196122832246309e-01
2.094269511601249412e-01 1.103198568260222168e-01 7.176912799545004384e-02 2.424428983335125132e-01 1.234721805178671250e-01
4.353420652643587990e-02 9.765440924346810436e-02 9.440174101841751486e-02 9.278555457060895517e-02 9.675791457557773867e-02
8.491753524380606100e-03 7.553516921655811789e-02 7.891041311534600922e-02 6.376664506562949863e-02 7.829207674840935050e-02
6.401712330315535715e-03 4.591059478151293671e-02 7.746626613317424137e-02 6.520905939848188615e-02 7.860480550184478776e-02
3.288599838211196669e-02 3.472712652013535545e-02 3.647944501174328613e-02 3.146841395682477283e-02 6.603870919158708053e-02
2.471784400683801203e-02 2.546700139226839438e-02 4.037540603826450525e-02 1.473020070999691601e-02 7.008566470802128634e-02
2.363116813924407561e-02 3.175446562668219480e-02 3.463915488103661705e-02 1.701936242882763628e-02 7.574794658553241078e-02
9.079804590632805164e-03 1.740431487539915653e-02 2.970114489242664524e-02 2.006376750685990445e-02 4.818283374714785877e-02
2.918831079270948203e-01 3.190151999774599179e-01 2.332735932050916394e-01 2.697321812185217160e-01 2.990684823582029361e-01
1.932769522725009126e-01 3.032997076453907703e-01 2.298546519591925796e-01 2.379275030451804551e-01 3.148598545632114165e-01
1.843938964629709409e-01 2.152882915842105616e-01 2.061053654310768535e-01 2.376996806636595405e-01 2.799399150707775341e-01
2.050448104608348088e-01 1.952592494102625142e-01 1.779077673639042900e-01 2.272889469609522539e-01 1.660010074551729053e-01
1.285287998956920474e-01 1.791881945535445664e-01 1.576082603151924832e-01 1.448083611077077837e-01 1.483606152434184811e-01
9.726610082964592952e-02 1.148803777050895619e-01 1.048498564807027744e-01 1.105781439462090454e-01 1.179980999937282338e-01
6.124260649400872086e-02 6.059065469924621722e-02 4.818142147376928974e-02 5.492840278816398664e-02 6.555515807080547486e-02
5.043860346427233438e-02 5.006205569048525345e-02 7.009644378799041731e-02 6.594811442593015438e-02 5.458059328376570901e-02
1.251243813935433713e-01 1.273182918683924414e-01 2.345745977514393510e-01 1.985488929958704185e-01 1.042810543492511260e-01
1.294410162812039133e-01 9.473066425472950747e-02 1.327506200759924482e-01 1.671307206601958806e-01 1.177519787686670261e-01
8.710687887869587864e-02 7.589434934125574572e-02 1.244715394637760514e-01 1.134326878443144004e-01 9.961981735666938786e-02
1.008822793751731617e-01 9.360577241238468571e-02 9.701126957023895048e-02 1.000892337954758099e-01 8.936177483806280464e-02
7.748509348452208012e-02 9.609442107734898764e-02 9.070163789074033034e-02 8.651167466396933459e-02 7.032653272047170723e-02
9.352782844389849470e-02 7.817916393280294196e-02 9.518424447796679233e-02 8.101091902454136962e-02 8.408367519878053031e-02
8.070144569473793050e-02 5.939100892336943854e-02 8.936526969309184498e-02 9.108459020492432057e-02 7.912360071561722052e-02
8.321723527811597521e-02 6.724110846863144697e-02 8.346863299334369990e-02 7.963051354786213065e-02 7.901444013024902513e-02
3.285109454523818528e-01 2.614591343958393987e-01 3.369738029504795174e-01 3.566199663423423871e-01 2.926207876616037096e-01
2.938905740322715343e-01 2.598905996674406582e-01 2.588920540158337613e-01 2.150283014496670031e-01 2.561822216007677566e-01
2.378054988367809541e-01 1.844769160659043838e-01 2.110306625554779214e-01 1.846640956708209824e-01 2.001071808290112164e-01
7.118849645561535489e-02 7.600229834030317044e-02 6.972103099687051997e-02 7.513769080814278190e-02 6.966376988523222125e-02
8.701213370505671285e-02 9.290216272760695726e-02 1.040734722126703399e-01 6.437992358937567883e-02 7.378001609977129227e-02
6.199380344241674223e-02 6.889118569358024247e-02 6.868286309433872805e-02 4.925394230952916813e-02 6.240929397012253549e-02
3.898510298352254877e-02 2.714711557127795147e-02 3.093741657282540053e-02 3.500294461889376374e-02 4.456946837206762768e-02
2.715622833240120132e-02 2.979463173912223414e-02 2.401569269255780098e-02 2.859303770361380087e-02 3.705148042715666890e-02
9.500312758966941717e-02 9.366263975157300414e-02 1.129752073639278959e-01 1.172145406354036384e-01 1.011442568558318100e-01
9.006518629319285041e-02 8.899600825432774087e-02 1.002025992510949537e-01 1.035150396077389179e-01 1.030845707221487439e-01
7.434793605081986556e-02 9.238796050609403288e-02 9.137974692970785018e-02 1.031467157930009426e-01 7.303172027536589117e-02
6.845475552875472658e-02 7.933402527704316864e-02 9.119138367433925196e-02 9.105139682291693570e-02 5.953917224938952424e-02
5.916709640044479773e-02 7.039267425298960379e-02 7.466081335320200185e-02 7.427502443806824339e-02 6.178583387110479774e-02
4.295006325131297403e-02 5.540966401820118792e-02 5.651873116485618687e-02 6.230447820435917189e-02 5.774243475657452052e-02
6.498145878147543186e-02 5.900042767852300279e-02 6.857799235820072337e-02 4.671427723810220312e-02 5.870453189002806937e-02
3.994821834803195804e-02 4.009139537668574005e-02 4.175510424096218892e-02 5.102630038823045139e-02 4.092837880017658608e-02
2.711096448389692659e-01 2.647878137236455709e-01 3.182004090413200759e-01 2.487748318114734736e-01 2.417147212423318980e-01
2.771748182492902446e-01 2.380140982315902820e-01 2.128198928795341227e-01 2.625032349231964379e-01 1.899644409893846975e-01
2.118725470401819355e-01 1.913863770788847840e-01 1.690340063162050765e-01 1.846059676560328489e-01 1.973985350397686744e-01
1.970115268943197218e-01 1.821017561300804777e-01 1.732032488416142546e-01 1.838430981757216420e-01 1.973289872061305128e-01
1.516416140202941909e-01 1.528620567044054468e-01 1.425315734526733935e-01 1.478010833182304140e-01 2.148522774958684933e-01
1.462760879183851448e-01 2.004444591510300688e-01 1.450081146615404271e-01 1.406775785115994548e-01 1.793536787166690183e-01
1.110692137379135913e-01 1.704831626109203080e-01 1.317285710776075758e-01 1.361404821917147345e-01 1.450086302438183261e-01
1.169046334890699174e-01 1.424272108056159891e-01 1.321377364206539617e-01 1.097428403812795994e-01 1.345959509223147166e-01
1.256416468096621109e-01 2.058277925772976913e-01 2.157140502487844280e-01 1.305599229794624505e-01 1.388288781409550698e-01
2.062728719982299397e-01 1.821870791943987489e-01 1.977308712069554275e-01 1.887783916679808827e-01 1.982003722334940987e-01
2.690601455096592876e-01 2.673684603461727871e-01 2.182940888415317582e-01 2.172024924391149914e-01 2.427066885838950194e-01
2.681615439539193901e-01 3.047756713204793355e-01 2.548319816597586773e-01 2.663823805833035463e-01 2.701151687755324327e-01
2.545625880613451852e-01 2.961427526460738702e-01 2.783198194025002792e-01 2.725015273645663427e-01 2.538681357567973418e-01
3.507068528721168366e-01 3.421958498062589449e-01 3.285605388868194088e-01 3.500481805777552191e-01 3.194888533745600667e-01
3.803414468669052972e-01 3.576245911922958931e-01 3.195600795208741185e-01 3.590812480162636211e-01 3.500794472473741648e-01
3.371196282765793195e-01 3.081985339470952878e-01 2.972746994318421487e-01 3.062581764060099410e-01 3.385691571648499765e-01
6.899375618994368908e-02 8.509275110021241595e-02 6.370523504193717490e-02 1.064749464241702970e-01 9.544883182755983797e-02
5.126330755740789169e-02 6.640686576713880629e-02 6.119301069422741074e-02 6.791744962469777047e-02 6.703639827143051400e-02
5.520078200332476787e-02 7.985311171475661940e-02 7.535783228234940734e-02 8.419483049144996234e-02 7.667723712837927474e-02
6.487786064103348571e-02 5.998837012472274521e-02 8.392639947157662372e-02 6.968608403201748125e-02 6.895374794564854137e-02
5.926108576452728677e-02 5.613778262959678855e-02 5.944711805567651913e-02 5.427402040794278987e-02 5.848372846511105949e-02
5.111317886204878175e-02 5.667398010399897490e-02 5.423602427776460372e-02 4.737580917182393492e-02 6.204473740123810088e-02
3.685705579616479349e-02 4.534348894935834318e-02 4.805661098625450128e-02 4.418897132656886967e-02 4.867284529181740982e-02
2.798885648625774533e-02 3.244626268968053145e-02 3.245974284898185680e-02 3.362722607960625526e-02 3.343953474468652765e-02
3.910291883906689969e-02 6.407152376242269964e-02 6.274421041764392803e-02 6.336002176421060006e-02 5.014741982673165399e-02
5.102598261506906263e-02 5.456917791571282844e-02 6.296732279890562833e-02 6.209353007976712441e-02 7.166129890267722291e-02
4.282942971666628407e-02 4.756841637897778197e-02 6.156668195580300429e-02 5.978087842033793370e-02 6.361050175375171367e-02
4.546157362365794985e-02 5.804253225186094267e-02 6.260790929279237693e-02 7.343134702250624091e-02 5.996754090310067037e-02
5.099979776422721572e-02 5.175409853492486667e-02 5.534687736402717911e-02 6.309981478293384682e-02 5.829845574419310200e-02
5.454326733801762028e-02 5.944369785810146162e-02 6.135202069344266457e-02 6.313932162325903985e-02 5.548112985759932891e-02
4.892673035036811807e-02 5.025725881820366364e-02 5.803987332642419894e-02 6.844771459979952233e-02 5.589907062952379629e-02
4.735854789386281793e-02 5.361593806011812069e-02 5.271497416884349946e-02 6.578158507285547518e-02 6.087590067400164978e-02
1.712343487612589532e-01 1.481422200519833532e-01 1.464293348892698465e-01 1.600477482705567334e-01 1.870780927564213436e-01
1.410769837412158556e-01 1.713859427963198567e-01 1.874424045507007419e-01 1.197091225880720922e-01 1.389748503243440347e-01
1.312216118576214618e-01 1.420367747672993675e-01 1.223076820999633024e-01 1.167465141627001823e-01 1.388739712898433010e-01
1.219107864242366113e-01 1.188121496883888933e-01 1.058343835981167269e-01 1.200231677626382859e-01 1.163970353546823489e-01
1.266236970236125914e-01 1.084134505939205323e-01 1.168685704407464721e-01 9.940419059901114962e-02 1.167357974752545741e-01
9.622772058130429906e-02 1.098289094841983921e-01 1.031983056517654651e-01 7.828946426408107950e-02 8.779294917840445300e-02
7.653066410884168391e-02 7.292202719554249923e-02 7.713083231311088084e-02 7.313339130359945706e-02 7.075991040887838479e-02
5.104373079267945229e-02 4.664189165822385519e-02 7.160838639303819531e-02 6.259672334038621222e-02 4.990296138354179817e-02
5.176183621813940094e-01 5.418147884674036074e-01 5.568745888594077709e-01 5.338876108185688363e-01 5.946318918627706562e-01
5.182306558003748620e-01 4.998263875615000518e-01 5.142466723081197122e-01 5.089089667116941662e-01 5.312748757229093233e-01
4.311234049108015887e-01 4.471033255071802937e-01 4.260016644623378923e-01 4.408612701132997858e-01 4.978505857699117021e-01
3.347241714812906888e-01 3.594624441021154748e-01 3.617507073294503050e-01 3.464502979998383969e-01 3.481457434643899229e-01
2.735191574482535026e-01 3.118273892445697637e-01 2.915632254493353837e-01 2.794629387346032057e-01 2.935280364005787845e-01
2.336671853910941843e-01 2.705290399050533923e-01 2.498381308222988595e-01 2.260844184120652522e-01 2.266470547587654261e-01
1.926581401536344162e-01 2.072281379172776217e-01 2.243939296040958209e-01 1.945701045526224693e-01 2.053516588693529710e-01
1.563081146791136522e-01 1.790594487703312532e-01 1.686938942156329113e-01 1.517911932242709261e-01 1.730187611098377987e-01
1.499559142041306248e-01 4.306820479895773213e-02 5.613057193033425818e-02 1.647342802578778409e-01 2.520897876000667837e-01
4.011974199940992331e-02 4.644850363990914166e-02 5.366811293284614454e-02 6.892490670210185688e-02 8.567546623362927438e-02
2.920949305588697170e-02 5.093564920896802295e-02 5.318334604313219860e-02 2.153841012557227569e-02 5.176484797540337190e-02
2.316935741872342205e-02 2.494375792964433763e-02 2.598282798741230470e-02 2.051992429406788651e-02 3.634120673119748540e-02
1.124752198868815035e-02 1.462975446244312375e-02 2.572661036122037004e-02 2.099157926537707428e-02 2.481790956542841847e-02
4.815837282734114662e-03 6.797409506434377857e-03 1.186265415755377410e-02 8.559401213006311709e-03 7.565335973022317521e-03
4.225951284519666867e-03 3.167548964539161713e-03 6.336337759973692529e-03 9.081436836338576540e-03 3.657560432714473866e-03
2.111132092339119797e-03 2.075888608187055097e-03 2.990875644922310478e-03 3.818513169609820922e-03 2.295140382079494980e-03
2.549603767487266803e-01 2.366034201238664259e-01 4.578180767341211710e-01 2.128737878733306665e-01 1.833545025268587536e-01
1.525931136716804637e-01 2.362098509950074088e-01 2.707445427899486390e-01 1.735004362076015272e-01 1.641681419024942912e-01
2.051677692392931129e-01 2.027160144572726641e-01 1.263394706362865050e-01 1.717863272312296075e-01 1.512046970151454672e-01
1.462814899346841502e-01 1.837960300730340224e-01 1.087996342119170040e-01 1.476096889159601855e-01 1.373948852619835126e-01
1.228736162172356233e-01 1.822380427013872428e-01 1.041084076715373119e-01 1.056279776155058803e-01 1.052388063185984990e-01
1.052692445297244844e-01 1.606710105050253579e-01 1.064899711124811105e-01 1.224687250190352461e-01 9.291388157635203926e-02
9.714175342166027349e-02 1.111023386222649567e-01 1.207412866045059763e-01 1.113212138474799218e-01 8.986778592828789658e-02
8.568440127017709629e-02 1.093763382009675517e-01 9.822901997710194177e-02 1.025805048879600834e-01 1.083332419188381690e-01
2.257268944119415754e-01 1.468095151191207703e-01 2.265687033618401514e-01 2.414897194957795479e-01 2.410860639452083176e-01
1.295896382006652969e-01 1.567617532723532547e-01 1.286398505631504707e-01 1.658760134946862530e-01 1.217967652490627578e-01
1.110728095037753216e-01 1.130300725535759165e-01 9.423288163574446152e-02 1.120257915474770771e-01 1.306533121119756724e-01
1.117026554252104065e-01 1.087096046579818093e-01 8.752356446885828367e-02 8.119658542365430776e-02 9.275286012911253264e-02
8.638471567124056394e-02 8.420902000912253160e-02 8.414436754943002694e-02 6.835975968519977797e-02 9.819744291464729824e-02
6.660494623889767762e-02 6.337962140684752499e-02 6.537217189929658834e-02 5.408477777409032017e-02 6.411486486570808219e-02
4.412443270657705197e-02 4.191246573128202396e-02 3.306800133379039081e-02 3.972789026523908251e-02 4.001571312424423432e-02
2.388873087714919047e-02 2.388741007733006377e-02 1.960411928576005769e-02 1.890675796683384882e-02 2.291190045332953951e-02
3.549427365731505080e-01 4.274841277314432864e-01 3.392898389925160796e-01 3.087232736230857144e-01 3.103405044297814497e-01
3.795432466241611125e-01 3.983064113667119099e-01 3.048226340757447250e-01 2.293458217351745654e-01 3.764682157280959673e-01
3.893579408612399817e-01 3.615114298894267497e-01 2.438470915568776987e-01 3.099639996487990046e-01 3.928410633615125880e-01
3.690361890467880324e-01 3.772096588238974535e-01 2.494885385212645690e-01 2.552199339916199072e-01 3.844388391652602266e-01
3.806151476862883465e-01 3.397442022570306142e-01 2.725828627756262668e-01 2.373850813300972251e-01 3.279686920821315854e-01
2.634186899127128334e-01 2.410591148257861249e-01 2.736880660007859900e-01 2.201869845555211869e-01 2.596196074697559864e-01
2.323097695460834555e-01 2.372259528405725459e-01 2.036862608923515339e-01 1.756116467626038513e-01 1.874601941771391611e-01
1.696194722913678399e-01 1.968731233403969161e-01 1.821823629179201987e-01 1.148060592780872219e-01 1.908036564309433525e-01
4.637118737682089514e-02 8.909135291328698636e-02 6.772331434884029666e-02 8.168224522732069059e-02 4.227682418886859889e-02
4.547020143632712896e-02 9.493086017696165946e-02 5.746456998685130907e-02 6.799379884541027763e-02 6.174478079736635261e-02
3.728732705950135035e-02 8.468922904250499040e-02 5.672228976809821910e-02 4.766323309277261527e-02 5.904870814750136365e-02
4.403584552400968688e-02 5.734608657803391685e-02 4.368043865455094321e-02 4.027858716953258700e-02 4.950700777109208472e-02
5.305756710206418342e-02 4.276896679105907789e-02 4.791635587604055335e-02 4.192111118557764748e-02 4.110345273857650417e-02
4.157350409642589228e-02 3.686511587277101210e-02 3.965838052950557135e-02 4.268383934690627574e-02 4.274318473091394399e-02
3.351985794401647623e-02 3.036974858594252563e-02 3.872537775326591325e-02 3.367645669812917297e-02 3.293528790234202808e-02
2.415818037896973886e-02 2.268307883149517368e-02 3.327470341033252066e-02 2.412703924899409214e-02 2.529864573007191766e-02
3.422184571310760148e-01 4.320428520793352378e-01 4.271100472958175298e-01 3.869636208963288526e-01 3.596165295982966525e-01
3.148087435267435397e-01 3.549568736803757063e-01 3.156725236045418437e-01 3.649881700757678926e-01 2.784481144233974526e-01
2.585944224970380678e-01 2.168881017062470051e-01 2.541818696576991221e-01 2.500772491349098070e-01 2.550528555919658880e-01
1.982905118552365509e-01 2.010713697244873865e-01 1.834265423741999190e-01 2.038172133179511347e-01 2.283559327442819809e-01
1.815162724670102423e-01 1.929877641568434055e-01 1.918318878013854367e-01 1.909929706735291055e-01 1.809673986804853363e-01
1.724463995601594191e-01 1.574660169549514932e-01 1.629896441494551595e-01 1.805473263113687721e-01 1.635904236419667979e-01
1.423504390722231117e-01 1.273423949049910520e-01 1.373576329956404662e-01 1.434567375806072853e-01 1.264344009851726403e-01
1.267665905224649170e-01 1.056373555500250971e-01 1.187994403586616760e-01 1.148758314307748440e-01 9.615464502256650114e-02
2.350908563858843114e-01 2.077346633542680454e-01 1.497100108534871465e-01 1.470400964192108972e-01 2.156273893890809923e-01
1.694295702419840732e-01 9.055665503312385067e-02 9.173944880971759974e-02 1.104552552219984773e-01 9.010561473479151984e-02
8.842231693139077087e-02 6.390782629702414230e-02 5.120762794592272071e-02 5.627065314207987251e-02 5.057527578674059221e-02
5.490704655605944950e-02 5.066582134972556772e-02 4.226893604150876865e-02 3.248583444297713230e-02 3.760452459214771309e-02
3.741090962961342303e-02 3.258806296294512045e-02 3.169870675819264766e-02 3.132901087750928487e-02 2.750608311661112415e-02
2.105400145019848540e-02 2.163586263746268210e-02 2.408548352682627486e-02 2.359362425556631865e-02 2.513003815572806970e-02
1.282069663502077850e-02 1.342574301082142228e-02 1.676372415618932951e-02 1.412823788148365178e-02 1.651891246525500484e-02
9.696941530630640710e-03 8.515540977297484521e-03 9.371297013919014166e-03 8.163497317693507380e-03 1.038154611236269398e-02
3.960057834970235335e-01 4.336806716991217781e-01 4.154938265706019651e-01 4.485817817449581080e-01 4.070984886071593034e-01
4.516380203169124141e-01 4.140397647343821985e-01 4.682381564870814472e-01 4.274743195103617444e-01 3.991127013352139818e-01
4.044122134330773166e-01 4.075982812081401230e-01 5.146094250041390872e-01 4.361133629046586302e-01 4.074289660289937554e-01
4.145472389700146643e-01 3.807352261774021307e-01 4.471789948484429789e-01 4.436965800699733120e-01 4.065853584831960466e-01
4.282327304807169166e-01 4.275847780131981635e-01 4.490892302472683228e-01 3.682007769956955334e-01 4.122202227814894537e-01
4.485278055370701122e-01 3.690654806176887348e-01 3.981201822932904366e-01 4.223148054759472414e-01 4.232112577148973154e-01
4.728675676091950164e-01 4.086161854044094710e-01 3.964190400627208843e-01 3.791005554752095441e-01 4.064895725087526168e-01
4.194295366336624475e-01 4.001015325008397960e-01 4.381430310541064577e-01 3.865378998465683891e-01 4.593660059536814333e-01
4.416125467385963871e-02 9.085395630939534228e-02 1.124476583074982827e-01 8.758239341518304910e-02 9.919172570890022467e-02
3.857468256258109185e-02 3.563215603791536346e-02 4.793074204462556553e-02 2.509873687347923682e-02 4.942821218348807805e-02
2.064867131729195004e-02 2.312931706880080179e-02 3.618962234220143848e-02 2.021105927068825650e-02 3.148955264967374240e-02
1.436905571406018635e-02 2.155797833548319178e-02 2.434437976031036607e-02 1.419138715537731320e-02 1.957002855709659775e-02
1.251153534979831082e-02 1.249850478589984056e-02 1.266860629866448616e-02 1.015822279934672397e-02 9.788016760306812378e-03
9.884689984426431320e-03 8.439793536088657094e-03 1.049971616805504479e-02 6.940099626567055972e-03 9.512346161627343102e-03
6.391439922493351300e-03 6.112978849244049898e-03 5.981355532710297580e-03 3.927664719946736757e-03 4.639785319568279394e-03
4.580119684601645022e-03 3.511375055976379087e-03 4.406547917762781812e-03 2.739561111971082746e-03 3.643043890478070510e-03
2.023434788147594199e-01 2.317286916106384154e-01 2.543218060790975454e-01 2.223479572964786599e-01 3.498436259627563105e-01
3.474022680527553142e-01 2.661796728004215962e-01 2.882356359656522704e-01 2.911111814748189586e-01 3.975486626354327035e-01
2.751632604474186228e-01 2.836719230036862660e-01 3.045776658272624227e-01 2.870058994902445204e-01 3.167337746873738480e-01
1.818988422396470295e-01 2.089497217678161489e-01 1.810711582135821895e-01 1.551794862868142166e-01 1.940406477458254120e-01
1.959457063240672980e-01 1.854677395276192742e-01 1.862980568972144313e-01 1.817090583424336159e-01 2.054839159806373383e-01
1.518777961777964536e-01 1.636932294349721095e-01 1.503989793767616656e-01 1.653530821697112574e-01 1.591182731086997482e-01
1.114353686025912199e-01 1.044545956416301075e-01 1.078965467925908639e-01 1.369355788337691393e-01 1.158135360497489358e-01
7.243424817492075118e-02 7.894402279943377176e-02 7.483134321415699231e-02 9.255929314109605233e-02 7.938651640734369075e-02
4.034428761146834352e-01 2.720857973911593453e-01 4.176995673512153284e-01 3.427198499902163187e-01 3.404056520976118105e-01
3.442994907808560878e-01 1.863765926189001887e-01 2.558259628130518104e-01 2.359152170286034911e-01 2.753544123125822862e-01
2.049446060054450347e-01 1.245667204891131030e-01 2.184517429641859576e-01 1.655560284248938641e-01 1.870379925600478832e-01
1.236346436329463366e-01 1.127671382100395026e-01 1.305091652331580865e-01 1.058486089519707213e-01 9.368851632140988428e-02
6.460549964274339696e-02 5.325321639245274991e-02 8.098276762281193808e-02 6.420789812469655800e-02 5.133107411050535918e-02
3.263547643289145539e-02 3.689487769572842579e-02 2.630603065959580267e-02 4.167474351858934528e-02 2.676180354861349558e-02
1.477006338324465470e-02 1.694022547213581281e-02 1.966010224936460410e-02 2.175873518377684571e-02 2.040384092273074199e-02
6.086165886679380244e-03 1.152991137257375863e-02 5.285469280783623887e-03 1.080956119870532181e-02 7.099494205253592365e-03
3.323458324411943665e-01 2.646122413354853320e-01 3.786249629176319798e-01 3.051295269772780760e-01 2.655042824801075452e-01
2.941472794267133151e-01 1.885120288532097788e-01 3.056519102843037183e-01 2.184741185711055189e-01 1.943951674262905382e-01
2.212520825123075741e-01 1.517331946852094049e-01 2.305968149280280266e-01 1.858782368778883198e-01 1.796848860182410912e-01
1.784729205408031871e-01 1.539820692354379461e-01 1.544470465071722531e-01 1.536509637633265979e-01 1.524637552117790729e-01
1.601886538230195278e-01 1.120851935812560429e-01 1.250784124916032025e-01 1.190679692061670930e-01 1.232170412503724721e-01
1.500294922967982947e-01 1.252366269633586326e-01 1.006255884799470979e-01 1.082757384930032873e-01 1.402653103154872238e-01
1.440938492199270449e-01 1.026604845537377741e-01 1.194136384796938427e-01 1.169758920078611403e-01 1.414084138159913406e-01
1.486732542145017821e-01 1.033985141105681349e-01 9.685161122982330340e-02 9.308509400842171488e-02 1.112449179408990102e-01
1.341447493416423886e-01 6.978339233886145243e-02 1.423890514179349531e-01 1.106103018991321935e-01 9.015916986904078112e-02
9.179351683258669958e-02 7.434090718190816682e-02 1.129976172201426349e-01 1.068864652218442651e-01 8.982760237967821193e-02
1.155821803234395179e-01 5.933834770885829807e-02 8.937810830736570011e-02 8.650333116485657559e-02 7.629442543636946739e-02
1.118112979462226875e-01 6.216449123046101366e-02 8.225272816464271330e-02 7.578455307935487439e-02 7.399489151696259093e-02
8.285300367582718040e-02 6.488720072318385212e-02 5.960822962061055469e-02 8.520608466596361896e-02 6.537698238946282325e-02
8.365224625414389992e-02 6.429070355845539764e-02 5.673627891019063924e-02 7.501382665394695781e-02 7.517648971948695524e-02
7.090339814245243122e-02 5.646528757092548340e-02 4.234676176989726065e-02 6.688095496267482121e-02 6.365014197267584994e-02
5.069663866473270858e-02 5.719311757465080082e-02 3.580267296399246291e-02 5.675339407734801556e-02 4.899276540516271650e-02
8.666570115319487122e-02 4.734685297949681876e-02 7.780846277034861314e-02 5.611596410309978300e-02 4.622608906922964778e-02
3.092947033412235536e-02 4.532921207963169774e-02 4.559548541871168148e-02 3.119659486838142690e-02 4.115708743102072104e-02
2.662396455985431912e-02 3.750930765237728282e-02 2.757602358229124112e-02 1.986547497089257222e-02 3.568081007459465021e-02
2.786228241805021114e-02 2.616571991328812616e-02 4.489880569299053992e-02 4.526949521168067980e-02 4.739885849983903332e-02
1.950195600992473896e-02 2.380448763474923846e-02 2.455993781483639671e-02 3.722577622610621223e-02 2.283247716987125281e-02
1.371645417275490011e-02 1.368032370745658408e-02 1.354648161738864452e-02 1.569760100601842734e-02 1.646704721201657645e-02
1.016828276882772615e-02 1.084165394643681057e-02 1.172410069932016026e-02 9.753333915594259579e-03 8.942570434715465394e-03
9.457129624226037062e-03 1.033314551884184120e-02 1.078737604571592193e-02 9.441279108054161442e-03 8.552886571211001238e-03
2.608075413524758579e-01 2.326176795079996640e-01 1.812209098499330540e-01 2.077916137271937913e-01 2.856394774586225038e-01
1.574752553748518247e-01 1.963969126301296220e-01 1.436431453491677779e-01 1.380158144433096257e-01 1.509974359167002567e-01
1.367673731880334476e-01 1.692172501750257296e-01 1.618266429604003354e-01 7.271566604841514514e-02 1.082680659942434759e-01
9.289507733665156031e-02 8.658213513006313145e-02 8.318112509722438985e-02 6.526162947189731445e-02 8.964882083659062029e-02
8.777529919576745887e-02 4.428315400907899269e-02 7.491365722172697861e-02 5.193194036007925396e-02 7.835990811056040006e-02
5.501239936138356545e-02 2.967323492744990479e-02 3.611320714462246118e-02 2.761275587736638018e-02 4.673801227146272275e-02
3.162370788566599977e-02 2.479908765369317342e-02 2.358552221138444233e-02 1.975281630007993255e-02 2.341001339473985574e-02
1.754197608947550766e-02 1.419771294066704027e-02 1.296258896445314987e-02 1.176911675463442573e-02 1.518214597000848952e-02
2.046178322460496801e-01 2.139284780089245608e-01 2.141470543577436714e-01 2.089339700328028404e-01 1.957866810897677112e-01
1.474448087787743611e-01 1.762144483730760103e-01 2.035740458101258921e-01 1.411028594362085109e-01 1.576417527460736434e-01
1.202401889681575103e-01 1.147972314692176088e-01 1.427497143629384291e-01 9.973243654382510370e-02 1.225631100868647821e-01
1.057847261779059078e-01 8.565840996050662348e-02 1.319903653532507326e-01 9.121065438916767243e-02 1.118858504997645165e-01
6.693521102138606793e-02 5.438161696574874554e-02 1.092665631113217961e-01 6.644002301536527932e-02 7.957328936750689141e-02
7.706970798627624242e-02 4.420895473706956680e-02 8.058970753324426473e-02 5.542290502048674572e-02 6.034371952201368627e-02
6.527874956572324305e-02 4.623926666122270268e-02 5.879862921498232170e-02 3.983213582440989220e-02 5.285843759326323832e-02
4.981780103320359449e-02 3.526689244064873385e-02 5.188269263761079164e-02 4.037173413865670357e-02 4.939479494474747351e-02
5.912384905846716776e-02 6.151443140840421459e-02 7.193066188602433020e-02 6.412728719847882175e-02 6.901500214972657032e-02
6.949229827230134215e-02 4.562376045231777283e-02 5.582434678139380768e-02 5.640808664840021164e-02 5.231528392259725269e-02
6.012561953539963255e-02 3.939311639013442362e-02 4.614784365358677587e-02 3.745803363439359490e-02 4.016001372139243325e-02
4.188826662906185855e-02 4.595172908186169469e-02 4.061848933309061133e-02 3.579296234419764022e-02 3.988423440840224016e-02
3.838061917246991112e-02 4.249827475273380839e-02 2.583762621399633003e-02 2.930799516715094227e-02 2.840541512535271762e-02
3.418465900402851976e-02 3.775807444517013944e-02 2.364303878111670421e-02 2.250489559598228134e-02 2.157876602228903096e-02
2.871770110771431142e-02 3.544800006470712195e-02 2.014286131362738597e-02 2.035428096004239518e-02 1.506439951365852459e-02
2.758376666820500089e-02 3.469326928417477279e-02 1.777968003392425486e-02 1.626888374193689174e-02 1.611043084341615833e-02
2.389060053560051744e-01 2.659857122667242391e-01 2.615999138533288138e-01 2.300620532802478413e-01 2.239643324429204385e-01
1.981946145336666854e-01 2.343365101307491316e-01 2.008359922969034927e-01 2.041070473816490038e-01 1.721513264933691167e-01
1.545982974003853316e-01 1.516002281302123722e-01 1.531910386239046240e-01 1.752803145894476777e-01 1.688382062850606880e-01
1.473059571533190115e-01 1.420061841738822772e-01 1.458623027447837617e-01 1.452854878148525375e-01 1.386686044326762846e-01
1.412397764106407272e-01 1.238547673515719705e-01 1.417024498600405469e-01 1.300405603501107454e-01 1.377239088844384729e-01
1.288889953086458651e-01 1.232176109656260843e-01 1.366799679896295860e-01 1.308317422247294026e-01 1.277086068217126724e-01
1.196263486035738788e-01 1.166247295265914613e-01 1.270048797665671025e-01 1.242160939215460475e-01 1.205565208836901075e-01
1.172893932758252156e-01 1.040625756386462653e-01 1.148268300460925512e-01 1.066839760573597279e-01 1.086613003204485450e-01
3.556289069422240434e-01 3.020798490071018860e-01 3.093480784597057998e-01 2.526546597221187573e-01 2.749991460092197082e-01
3.216864186875446063e-01 3.222268538813716776e-01 3.155899750474361332e-01 3.036734860908211209e-01 3.057769749711776175e-01
2.443032107144534337e-01 2.681426813715123147e-01 2.685989201375079682e-01 2.633794825809142037e-01 2.638945643051521794e-01
1.868757680367763296e-01 1.738166632554370705e-01 1.559194670242432246e-01 1.454575310186617398e-01 1.575047071256747422e-01
1.726612775592150928e-01 1.678136092359163722e-01 1.441010523129179766e-01 1.680717604350168703e-01 1.552937587320925572e-01
1.109562454564972100e-01 1.203479088119234347e-01 1.154741363476161631e-01 1.219708376047261983e-01 1.177892071522854689e-01
6.849736687218907494e-02 7.772701877064333575e-02 8.791450737972779372e-02 7.589731225009513360e-02 7.953835589384565530e-02
4.826208542353332964e-02 4.516103978300238520e-02 5.474855474001079358e-02 4.367778980007137879e-02 4.285612811003956801e-02
4.165635534352984948e-01 3.684552832497730579e-01 3.535528527568743140e-01 3.791086305621288455e-01 3.903854490597336024e-01
3.967355294723393655e-01 4.184424296467597060e-01 4.334400656061611068e-01 3.871662660564462177e-01 4.234380659470233788e-01
4.175732568885822116e-01 4.242147955671221604e-01 4.277940870236065507e-01 4.263509696239721758e-01 4.069799282762193715e-01
4.264594396208902793e-01 4.178827000692931226e-01 4.306425831370067070e-01 4.097586536998244489e-01 3.905624371048913579e-01
3.888429320866542693e-01 3.909990114818991946e-01 4.020989871618722011e-01 3.956004597834652525e-01 3.959086005982008216e-01
3.902738116572971316e-01 3.917629070021315663e-01 3.860095234500388051e-01 3.842132912210235451e-01 3.878962251230204661e-01
3.379545342315680156e-01 3.514636675223655193e-01 3.494190736005077236e-01 3.382327840427724608e-01 3.388978864000934399e-01
2.664798150261358245e-01 2.645475109609018993e-01 2.795838539527711886e-01 2.560828584610583825e-01 2.664277977606319681e-01
3.134648896222631542e-01 2.808986741404985166e-01 2.921917972583960577e-01 2.955355538982986086e-01 3.050374684515541057e-01
3.087625420596163961e-01 3.112052335616554144e-01 3.203205718327067908e-01 3.359257098718785861e-01 3.242130870556617639e-01
2.211887472298783575e-01 2.333026968284391267e-01 2.302261867489114322e-01 2.445897942010237247e-01 2.363475597239796944e-01
2.077595210473178189e-01 2.146490428961863872e-01 2.183717067845894477e-01 2.123498227006080652e-01 2.119581210659323423e-01
1.911238909729326974e-01 1.963763242866145564e-01 1.962074125386358281e-01 1.970537635370095686e-01 1.911769491799153176e-01
1.622812730308697271e-01 1.680175529684828362e-01 1.621494572985544003e-01 1.624284479598253894e-01 1.723403106831909171e-01
1.326980765164809672e-01 1.330755321760341003e-01 1.326016452647896804e-01 1.410633857037203176e-01 1.447578391401599107e-01
1.086588541879264930e-01 1.111750902285838227e-01 1.106651479433312241e-01 1.038256618444926421e-01 1.182380899640176342e-01
6.419131350577710338e-01 6.630702157269207087e-01 6.093932747646648718e-01 6.288494786839466943e-01 7.165451558616764416e-01
6.321457947320640036e-01 6.501375176057623273e-01 5.812961252314357008e-01 6.131919001371280986e-01 6.541074971713704000e-01
5.013192309621554710e-01 5.040309103404492230e-01 5.080681475383479473e-01 4.817137084623620558e-01 5.035750550012193516e-01
4.747978838845067773e-01 4.802306805981082505e-01 4.765828805668443913e-01 4.709124529014637739e-01 4.855772254564881263e-01
4.637259026210671098e-01 4.692286548427853643e-01 4.743670346236310564e-01 4.696004212650470855e-01 4.667040467830337880e-01
4.591354366368339823e-01 4.494466409738501200e-01 4.703722205770526910e-01 4.556180936900116052e-01 4.520800187049255348e-01
4.502417795774712461e-01 4.546773194842043120e-01 4.528052907015209239e-01 4.621260314491389964e-01 4.555813266062719857e-01
4.565428693233629653e-01 4.517654662561106926e-01 4.460057824222670719e-01 4.547864201458043931e-01 4.496413788209367435e-01
3.612398716429474632e-01 1.777598940248091286e-01 1.343129917023027642e-01 1.324137991195707686e-01 1.327922060991901243e-01
2.314666715397703523e-01 1.492528122523517076e-01 1.119627037295138489e-01 1.345279410628541228e-01 9.233809463460522504e-02
2.315527426851264337e-01 1.281229763686718703e-01 9.490894694668292053e-02 9.478096553195794471e-02 9.963843156413491886e-02
1.240793457110692388e-01 1.046470750388125842e-01 1.064351039810132182e-01 1.064534952003402257e-01 7.934723740411545045e-02
9.787545068954814353e-02 1.016020998309592471e-01 8.843121959421997025e-02 8.299423343318548807e-02 1.002406076626619208e-01
6.928408321862145058e-02 5.252030620546081774e-02 5.001427475483187501e-02 4.011185322307217471e-02 6.479869376178752638e-02
3.682580745615270101e-02 3.589919906207653805e-02 3.065360336468038113e-02 3.587667550193354704e-02 4.502698436684456074e-02
3.125662662768987493e-02 3.598722052820329392e-02 2.419784839354635966e-02 3.395937491612071452e-02 3.432477769102482146e-02
7.525945323326502234e-02 7.674253042877317299e-02 7.601041015063000894e-02 1.255394606813017844e-01 6.411882593342010939e-02
6.317349599825768103e-02 9.064587183092268075e-02 7.300762806501573388e-02 7.967261862903660119e-02 6.501074919893536086e-02
6.780877220627118396e-02 6.845973365761415241e-02 9.743693479621526321e-02 1.053647124096535048e-01 7.437794888698691376e-02
1.053102882848629129e-01 7.191100400178775109e-02 7.444337923682500802e-02 9.280868491158518474e-02 7.933149130733666010e-02
6.886441248398407489e-02 5.465128361514620670e-02 5.440269076544153315e-02 6.360803458610467254e-02 6.064947566114527178e-02
6.143599331573332961e-02 3.767286189769122884e-02 3.725055415295454309e-02 4.854571789919345098e-02 5.236400049851271804e-02
4.070988106700809683e-02 3.296281814940854593e-02 3.426399984935983578e-02 3.403697928157659036e-02 3.978792448323911074e-02
4.212852435200612616e-02 3.082460062030566508e-02 2.921929942863949956e-02 3.093207813917123877e-02 3.886160616205610457e-02
2.957105558814606683e-01 8.748112414741865406e-02 7.490586279443560425e-02 8.698555664513640817e-02 7.168541034175032745e-02
1.522495129640050737e-01 8.209446879065566971e-02 8.683795277305705884e-02 7.653727195219203749e-02 8.877815642039151023e-02
8.005741368937599467e-02 8.295117870173580876e-02 1.035344213297062221e-01 8.806499932782267670e-02 9.616869358831740822e-02
6.917936964344559292e-02 7.455412650354675819e-02 8.395925097213517707e-02 8.953581587603468006e-02 7.148574893559980770e-02
6.457762307225148324e-02 6.065182709387451077e-02 6.176532154284217896e-02 6.984387564433945650e-02 6.520030456082737125e-02
6.549855082795036365e-02 7.780529245474124278e-02 5.915245756315423709e-02 6.109256063910743773e-02 6.654378057024526449e-02
4.599129052781652377e-02 5.584327511866848948e-02 3.943864499310843069e-02 3.904215809724941033e-02 5.174737933601865347e-02
2.899502966599020251e-02 3.957055421893303226e-02 3.010370626564557589e-02 2.726023648498939259e-02 3.925842362697619381e-02
