2.109481249999999863e-01 1.022716744913928083e-01 1.226804381846635233e-01 1.528431924882629189e-01 2.680212832550860624e-01
1.068056249999999874e-01 8.924256651017216380e-02 1.256876369327073750e-01 8.198372456964006516e-02 9.056588419405323109e-02
8.754437499999997985e-02 1.241959311424100099e-01 7.097026604068858158e-02 7.484632237871674532e-02 8.095023474178404677e-02
4.169249999999999345e-02 5.185039123630676844e-02 4.784663536776212478e-02 4.453145539906099709e-02 4.451392801251953524e-02
2.863812499999999692e-02 2.333896713615021129e-02 3.738841940532079688e-02 4.148857589984354666e-02 3.363630672926446602e-02
2.165312499999997448e-02 1.766885758998437000e-02 2.585289514866982025e-02 2.592425665101719817e-02 2.580532081377154979e-02
1.366874999999994310e-02 1.636431924882641997e-02 1.755242566510181040e-02 2.016588419405316787e-02 1.268356807511738550e-02
6.472499999999968730e-03 1.070985915492959906e-02 1.129327073552419819e-02 7.111737089201831605e-03 5.688888888888915182e-03
2.050240000000000118e-01 2.210113999999999967e-01 2.040112000000000592e-01 1.611947999999999714e-01 1.334567999999999866e-01
2.244928000000000201e-01 2.201857999999999593e-01 2.465685999999999711e-01 2.378645999999999816e-01 2.232396000000000102e-01
2.560047999999999213e-01 2.749247999999999692e-01 2.340121999999999480e-01 2.374774000000000052e-01 2.594800000000000439e-01
2.536373999999999573e-01 2.527659999999999907e-01 2.435103999999999880e-01 2.476462000000000108e-01 2.492909999999999848e-01
2.391655999999999782e-01 2.179268000000000038e-01 2.354672000000000431e-01 2.206069999999999975e-01 2.421674000000000326e-01
2.130583999999999811e-01 2.146026000000000045e-01 2.229531999999999903e-01 2.196359999999999979e-01 2.209695999999999605e-01
1.981238000000000166e-01 2.018159999999999954e-01 2.037894000000000094e-01 1.895555999999999630e-01 1.995301999999999909e-01
1.740340000000000220e-01 1.771525999999999934e-01 1.723283999999999649e-01 1.704595999999999612e-01 1.726468000000000169e-01
1.563072000000000072e-01 2.041376000000000579e-01 1.639263999999999999e-01 1.972671999999999759e-01 1.434527999999999914e-01
1.778656000000000126e-01 1.535136000000000001e-01 1.525311999999999779e-01 1.228864000000000206e-01 1.459104000000000234e-01
1.445536000000000043e-01 1.356128000000000056e-01 1.565151999999999932e-01 1.409440000000000137e-01 1.435839999999999894e-01
1.204576000000000258e-01 1.251488000000000045e-01 1.256768000000000052e-01 1.249407999999999908e-01 1.390080000000000204e-01
1.197568000000000243e-01 1.172479999999999911e-01 1.285055999999999976e-01 1.331327999999999956e-01 1.302880000000000149e-01
1.111039999999999806e-01 1.067296000000000494e-01 1.242176000000000391e-01 1.205088000000000131e-01 1.216992000000000074e-01
1.084992000000000595e-01 1.167520000000000086e-01 1.266592000000000273e-01 1.068736000000000130e-01 9.472319999999999351e-02
1.042720000000000591e-01 9.833280000000002574e-02 1.267039999999999278e-01 1.073888000000000204e-01 9.835840000000004024e-02
3.412459999999999938e-01 3.538310000000000066e-01 3.657030000000000003e-01 3.042110000000000092e-01 2.977250000000000729e-01
2.680209999999999537e-01 3.001659999999999329e-01 3.345829999999999638e-01 3.187599999999999878e-01 2.845119999999999871e-01
2.899700000000000055e-01 3.023740000000000316e-01 3.177339999999999609e-01 2.997199999999999864e-01 2.905619999999999870e-01
2.283280000000000309e-01 2.760170000000000678e-01 2.578360000000000096e-01 2.454219999999999458e-01 2.476709999999999745e-01
2.122460000000000180e-01 2.111260000000000081e-01 2.274030000000000218e-01 2.113400000000000001e-01 2.077250000000000207e-01
1.944110000000000560e-01 1.983499999999999985e-01 1.971509999999999374e-01 1.954959999999999753e-01 1.844719999999999971e-01
1.619919999999999971e-01 1.728849999999999831e-01 1.686759999999999926e-01 1.793460000000000054e-01 1.618989999999999596e-01
1.374050000000000549e-01 1.461750000000000271e-01 1.428709999999999980e-01 1.527919999999999834e-01 1.440639999999999976e-01
2.543829999999999703e-01 3.004719999999999613e-01 2.946280000000000010e-01 2.351350000000000107e-01 2.044089999999999796e-01
2.645409999999999706e-01 2.476010000000000155e-01 2.884200000000000097e-01 2.623800000000000576e-01 2.816159999999999775e-01
2.792709999999999915e-01 1.878300000000000247e-01 2.558710000000000706e-01 2.831009999999999915e-01 2.145179999999999865e-01
2.042739999999999834e-01 1.982919999999999683e-01 1.983309999999999795e-01 2.157060000000000088e-01 1.742739999999999845e-01
1.931260000000000476e-01 1.622899999999999898e-01 1.808890000000000220e-01 1.654979999999999785e-01 1.654360000000000552e-01
1.741809999999999747e-01 1.603600000000000025e-01 1.604369999999999963e-01 1.504169999999999952e-01 1.521460000000000035e-01
1.707599999999999674e-01 1.439830000000000276e-01 1.465930000000000011e-01 1.230430000000000135e-01 1.437890000000000001e-01
1.588430000000000120e-01 1.299410000000000009e-01 1.365929999999999922e-01 1.264090000000000213e-01 1.219510000000000038e-01
2.130828571428571849e-01 9.088857142857140192e-02 7.706571428571427906e-02 8.909714285714288862e-02 9.071942446043165797e-02
2.103342857142857236e-01 1.103285714285714009e-01 6.086000000000003907e-02 6.480857142857142372e-02 8.621870503597121871e-02
1.383799999999999475e-01 9.599428571428569867e-02 5.901714285714286523e-02 5.494857142857141608e-02 8.546762589928055820e-02
7.545999999999997154e-02 7.186000000000000720e-02 4.868857142857145603e-02 4.592857142857146441e-02 6.500143884892090052e-02
6.703714285714279519e-02 6.027142857142862853e-02 4.163714285714283786e-02 4.932285714285714051e-02 5.477985611510788333e-02
5.713428571428570690e-02 5.583428571428568354e-02 5.057714285714284136e-02 3.593714285714287582e-02 5.656978417266189663e-02
6.327142857142858956e-02 5.356571428571425819e-02 4.749714285714282808e-02 4.150571428571429855e-02 5.652661870503594699e-02
6.022000000000005127e-02 4.786285714285716530e-02 4.248571428571432107e-02 3.223142857142854284e-02 5.215251798561154617e-02
4.013329999999999953e-01 3.072659999999999836e-01 3.561299999999999466e-01 3.159049999999999914e-01 3.668029999999999902e-01
4.834370000000000056e-01 4.078809999999999936e-01 4.241359999999998465e-01 4.634000000000000341e-01 3.574780000000000180e-01
4.565509999999999846e-01 4.830929999999999391e-01 4.329889999999999017e-01 4.225959999999999717e-01 3.956979999999999387e-01
4.164579999999998838e-01 4.528369999999999895e-01 4.359659999999999647e-01 4.042820000000000857e-01 4.404769999999998964e-01
3.825689999999999924e-01 4.170199999999999463e-01 4.006190000000000029e-01 3.815190000000000525e-01 4.107900000000000995e-01
3.479820000000000135e-01 3.682460000000000178e-01 3.707709999999999062e-01 3.530650000000000177e-01 3.770669999999999855e-01
3.269639999999999769e-01 3.322339999999999738e-01 3.228169999999999651e-01 3.197139999999999982e-01 3.330350000000000255e-01
2.945730000000000293e-01 2.979839999999999711e-01 2.963239999999999763e-01 2.912359999999999394e-01 2.965260000000000673e-01
1.696930000000000105e-01 1.426219999999999710e-01 1.120619999999999949e-01 1.239080000000000181e-01 1.243191535714285728e-01
1.816051964285714249e-01 1.915509999999999713e-01 1.066539999999999988e-01 8.947183809523809317e-02 1.063814499999999885e-01
1.133858857142857196e-01 1.561500000000000110e-01 9.716199999999997061e-02 9.199712539682540491e-02 1.133809000000000344e-01
1.165056309523809092e-01 1.388876821428572106e-01 1.168158250000000259e-01 9.596469642857144433e-02 1.072348261904761957e-01
1.115690416666667018e-01 1.153019869047618717e-01 9.883706428571430169e-02 8.120332738095240033e-02 9.272257698412700311e-02
1.154568587301587207e-01 1.039400970418470349e-01 9.831156746031746718e-02 8.388206626984126557e-02 9.005281626984126819e-02
1.230696865079365238e-01 1.119415166666666989e-01 1.196440174603174561e-01 9.416161944444442766e-02 1.231493193722943830e-01
1.333233285714285621e-01 1.444075025974025928e-01 1.294253430014429829e-01 1.066667307359307204e-01 1.346130243811744231e-01
1.789229999999999987e-01 1.495559999999999667e-01 2.392350000000000032e-01 1.428360000000000185e-01 1.962139999999999718e-01
1.897220000000000018e-01 2.434149999999999925e-01 2.589689999999999492e-01 1.788519999999999555e-01 1.701040000000000052e-01
1.807370000000000365e-01 2.148589999999999944e-01 2.362910000000000288e-01 2.392509999999999637e-01 2.136959999999999693e-01
1.558150000000000091e-01 1.931109999999999771e-01 2.250510000000000288e-01 2.156929999999999958e-01 1.731670000000000154e-01
1.411270000000000024e-01 1.572589999999999821e-01 1.823020000000000196e-01 1.414120000000000377e-01 1.456159999999999954e-01
1.528160000000000074e-01 1.673859999999999792e-01 1.608009999999999995e-01 1.472580000000000000e-01 1.427430000000000088e-01
1.357830000000000148e-01 1.421079999999999843e-01 1.437940000000000329e-01 1.265470000000000206e-01 1.279119999999999702e-01
1.331990000000000118e-01 1.404460000000000153e-01 1.398890000000000133e-01 1.355020000000000113e-01 1.298430000000000140e-01
1.549505084745762817e-01 1.475023728813559254e-01 1.349681355932203508e-01 1.658108843537415000e-01 2.007972789115646250e-01
1.672894915254237447e-01 1.701016949152542868e-01 1.157925423728813491e-01 1.432965986394557356e-01 1.308136054421768502e-01
1.607959322033898353e-01 1.318833898305084573e-01 1.274684745762711957e-01 1.532380952380952288e-01 1.398857142857143077e-01
1.079877966101694814e-01 1.263186440677965816e-01 1.527905084745762865e-01 1.498013605442176932e-01 1.518380952380952442e-01
1.388786440677966250e-01 1.166360914716168817e-01 1.576759079903147787e-01 1.650020041032286000e-01 1.191945578231292657e-01
1.510969620661824497e-01 1.130473500134517029e-01 1.593551417810061821e-01 1.636867865241334874e-01 1.322866828636216074e-01
1.479118902340597341e-01 1.074844417051874501e-01 1.526117957786093382e-01 1.671792068891048699e-01 1.228760873555771738e-01
1.414343527771663445e-01 1.358097745004524515e-01 1.715062623327708036e-01 2.012172936851508442e-01 1.414678021222919024e-01
3.654718861209964587e-01 2.949729537366548304e-01 3.992498220640569029e-01 3.073786476868327067e-01 3.870782918149466290e-01
3.687462633451957794e-01 3.875704626334519620e-01 4.007637010676157741e-01 3.746825622775801223e-01 4.143110320284696391e-01
3.526701067615657936e-01 3.630967971530248972e-01 3.545807829181494286e-01 3.382839857651245841e-01 3.357288256227757839e-01
3.091313167259785999e-01 3.145035587188611537e-01 2.890238434163700521e-01 2.949889679715302915e-01 3.034900355871886224e-01
2.627345195729537397e-01 2.601395017793594056e-01 2.490124555160141973e-01 2.578644128113878886e-01 2.528946619217082303e-01
2.223644128113878848e-01 2.280249110320285433e-01 2.133551601423487321e-01 2.139345195729537574e-01 2.115651245551601334e-01
1.786498220640569679e-01 1.897882562277580232e-01 1.718362989323843348e-01 1.747330960854092674e-01 1.796131672597864326e-01
1.475444839857651402e-01 1.567309608540924937e-01 1.415697508896797407e-01 1.449693950177936008e-01 1.455697508896797165e-01
1.366173913043478017e-01 3.055797101449275743e-01 2.174608695652174295e-01 1.249507246376811709e-01 1.852521739130434941e-01
1.392376811594202846e-01 1.499565217391304051e-01 1.258898550724637799e-01 1.082405797101449324e-01 1.339420289855072499e-01
1.278724637681159237e-01 1.150753623188405655e-01 1.028289855072463954e-01 1.120173913043478187e-01 1.180202898550724439e-01
1.087594202898550799e-01 1.162753623188405860e-01 1.068000000000000060e-01 1.116840579710145082e-01 1.192869565217391237e-01
1.259275362318840463e-01 1.287449275362318735e-01 1.041449275362318766e-01 1.155797101449275582e-01 1.519999999999999685e-01
9.848695652173912463e-02 9.083768115942029986e-02 9.470724637681157687e-02 1.068898550724637631e-01 1.268086956521739250e-01
1.071507246376811606e-01 9.773913043478263396e-02 8.966086956521737705e-02 1.077420289855072488e-01 1.257188405797101671e-01
1.253942028985507440e-01 1.252492753623188348e-01 9.607826086956523792e-02 9.460289855072463727e-02 1.055942028985507458e-01
1.914520000000000111e-01 1.595579999999999776e-01 1.403739999999999988e-01 9.748599999999998933e-02 1.607899999999999885e-01
1.526700000000000002e-01 1.675900000000000167e-01 1.446500000000000286e-01 9.570999999999998953e-02 1.358940000000000148e-01
1.369480000000000142e-01 9.831200000000001049e-02 1.170579999999999954e-01 1.234560000000000102e-01 1.199360000000000009e-01
1.170119999999999771e-01 1.128459999999999741e-01 1.309539999999999871e-01 1.024120000000000169e-01 1.183820000000000289e-01
9.820399999999999963e-02 9.184799999999999909e-02 1.221700000000000008e-01 7.328600000000000392e-02 1.099279999999999841e-01
1.107540000000000191e-01 1.128079999999999916e-01 1.120200000000000085e-01 1.037380000000000246e-01 1.209779999999999883e-01
1.111839999999999773e-01 7.227200000000000291e-02 1.190260000000000068e-01 9.244399999999999840e-02 9.618400000000001948e-02
1.095639999999999670e-01 1.037020000000000303e-01 1.176480000000000026e-01 9.024600000000000677e-02 9.648600000000001620e-02
8.733199999999999297e-02 2.270033999999999941e-01 2.315630000000000188e-01 1.903089999999999782e-01 2.347544000000000020e-01
2.245113999999999999e-01 3.213790000000000258e-01 2.403331999999999691e-01 2.170887999999999707e-01 2.336087999999999776e-01
1.928614000000000162e-01 2.393716000000000454e-01 2.090520000000000156e-01 1.965942000000000522e-01 2.039764000000000022e-01
1.535882000000000080e-01 1.551792000000000171e-01 1.652460000000000040e-01 1.690782000000000118e-01 1.664304000000000339e-01
1.239809999999999801e-01 1.153830000000000133e-01 1.290237999999999940e-01 1.282645999999999786e-01 1.280059999999999809e-01
9.472480000000001177e-02 8.580360000000000764e-02 9.766539999999999944e-02 9.508199999999998597e-02 9.736379999999997259e-02
7.009679999999998690e-02 6.759519999999999418e-02 7.021859999999999213e-02 7.427360000000000906e-02 7.150820000000002175e-02
5.443999999999996758e-02 5.043280000000003455e-02 4.903080000000001326e-02 5.197799999999998255e-02 5.351720000000000088e-02
1.171038961038961129e-01 1.472727272727272774e-01 1.381766233766233698e-01 3.374405228758169950e-01 2.366901960784313363e-01
1.190701298701298816e-01 1.617038961038961276e-01 2.026337662337662215e-01 1.196941176470587981e-01 1.372993464052287282e-01
1.333194805194805044e-01 1.379662337662337923e-01 1.148129870129870056e-01 1.572287581699346459e-01 1.296941176470588208e-01
1.138467532467532656e-01 1.275116883116883260e-01 1.176285714285714157e-01 1.216209150326797578e-01 1.183111111111111169e-01
1.238077922077922138e-01 1.256883116883116824e-01 1.032467532467532256e-01 1.262405228758170239e-01 1.355686274509803613e-01
1.042467532467532543e-01 1.259168831168831493e-01 1.308857142857142997e-01 1.208052287581699441e-01 1.279947712418300632e-01
1.106493506493506362e-01 1.071012987012987250e-01 1.187168831168831096e-01 1.324496732026143875e-01 1.184130718954248540e-01
1.203324675324675547e-01 1.231636363636363640e-01 1.223662337662337618e-01 1.113777777777777700e-01 1.072209150326797200e-01
7.310662323561344100e-02 1.165600000000000247e-01 2.519060869565217242e-01 2.896443478260870008e-01 6.077391304347825457e-02
9.002605863192181257e-02 1.065765217391304170e-01 1.158217391304347810e-01 4.900434782608695250e-02 6.191217391304346812e-02
7.539370249728558071e-02 1.138086956521739135e-01 5.350478260869564323e-02 8.426739130434782177e-02 9.529478260869563011e-02
8.938979370249729162e-02 8.891130434782609782e-02 7.902956521739133711e-02 1.049656521739130294e-01 9.301608695652174852e-02
7.128642779587406053e-02 7.307521739130437566e-02 6.735391304347829178e-02 8.198347826086957446e-02 6.753652173913041179e-02
5.919565689467970460e-02 6.311913043478264984e-02 5.999695652173914207e-02 6.541043478260868960e-02 6.781521739130433324e-02
5.716178067318132550e-02 5.055521739130437731e-02 5.204391304347829456e-02 5.521409592822640322e-02 4.705956521739133869e-02
5.475910966340932079e-02 4.160091821946171331e-02 4.730535162180814213e-02 5.106056004140785420e-02 4.364092701863353518e-02
9.377492163009407133e-02 1.513304075235109847e-01 2.492915360501566924e-01 1.243661442006269713e-01 1.333147335423197632e-01
1.489310344827586285e-01 1.616025078369906220e-01 2.805611285266457755e-01 2.465661442006269743e-01 2.040727272727272668e-01
1.890852664576802566e-01 2.605937304075235383e-01 3.158012539184952838e-01 2.331586206896552049e-01 1.988965517241379488e-01
2.575843260188087624e-01 2.936601880877742210e-01 2.625347962382444389e-01 2.738326018808777684e-01 2.847109717868337997e-01
2.352909090909091339e-01 2.525147335423197359e-01 2.570733542319749709e-01 2.532025078369906090e-01 2.553561128526645740e-01
2.112068965517241437e-01 2.115410658307209923e-01 2.153642633228839975e-01 2.091918495297805658e-01 2.192557993730407662e-01
1.693453425884460517e-01 1.762583072100313841e-01 1.814275862068965572e-01 1.717567398119122235e-01 1.846068965517241312e-01
1.385029287953425670e-01 1.393918495297806204e-01 1.450633228840125521e-01 1.347458762501866081e-01 1.479405080360252922e-01
2.026208333333333333e-01 2.370874999999999788e-01 2.446791666666666976e-01 2.022031413612565276e-01 2.108020942408376786e-01
1.713041666666666740e-01 1.372979166666666861e-01 2.419229166666666819e-01 1.133821989528795704e-01 1.826429319371727922e-01
1.934937499999999921e-01 1.327791666666666703e-01 1.426937500000000081e-01 9.849005235602095731e-02 9.353717277486910120e-02
1.025187499999999918e-01 1.179479166666666384e-01 1.331645833333333362e-01 1.062010471204188483e-01 1.043120418848167558e-01
1.155395833333333344e-01 1.146708333333333191e-01 1.487541666666666595e-01 1.193361256544502591e-01 1.176816753926701875e-01
1.453000000000000125e-01 1.151520833333333077e-01 1.285291666666666943e-01 1.517884816753926613e-01 1.316921465968586280e-01
1.127854166666666796e-01 1.046916666666666551e-01 9.647291666666665821e-02 1.324062827225130634e-01 1.380293193717277433e-01
1.181854166666666817e-01 1.011020833333334118e-01 9.261875000000001357e-02 1.063623036649214981e-01 1.091560209424084216e-01
1.227717647058823303e-01 1.441869822485207231e-01 1.630532544378698323e-01 2.071763313609467638e-01 1.476639053254438227e-01
1.438423529411764767e-01 1.545278106508875815e-01 2.085183431952662425e-01 1.545514792899408407e-01 1.499029585798816178e-01
1.406399999999999872e-01 1.632568047337278339e-01 1.309278106508875716e-01 1.351881656804733711e-01 1.352071005917159785e-01
1.356164705882352828e-01 1.693609467455621242e-01 1.437798816568047200e-01 1.208544378698224869e-01 1.386556213017751393e-01
1.366305882352941425e-01 1.550106508875739864e-01 1.392757396449703922e-01 1.351905325443787109e-01 1.467384615384615676e-01
1.301717647058823479e-01 1.297088757396449576e-01 1.159313609467455680e-01 1.213704142011834408e-01 1.506177514792899075e-01
1.382117647058823395e-01 1.074745562130177551e-01 1.353585798816568375e-01 1.366556213017751653e-01 1.398887573964497089e-01
1.277152941176470657e-01 1.493727810650888055e-01 1.338934911242603831e-01 1.317254437869822548e-01 1.246556213017751408e-01
1.616075999999999624e-01 9.989500000000001156e-02 1.669432000000000138e-01 1.455185999999999980e-01 2.694110000000000116e-01
5.506499999999998896e-02 5.085520000000000318e-02 4.511559999999999876e-02 1.161152000000000017e-01 7.057079999999997522e-02
6.642519999999998981e-02 4.806559999999998611e-02 4.360880000000001699e-02 4.560399999999999177e-02 4.652939999999999854e-02
3.652779999999999222e-02 4.283239999999998576e-02 3.400859999999998606e-02 6.087379999999999874e-02 2.890280000000002708e-02
4.116360000000001546e-02 2.666260000000001545e-02 4.211099999999999566e-02 5.490520000000000816e-02 3.084739999999999704e-02
4.054000000000000659e-02 3.229400000000000326e-02 4.439679999999999321e-02 4.070959999999999857e-02 3.760280000000000566e-02
4.267180000000000972e-02 3.492719999999998465e-02 3.959939999999999294e-02 4.575599999999999806e-02 4.043440000000000228e-02
5.624359999999999082e-02 4.443760000000003541e-02 5.416859999999999037e-02 5.992640000000000466e-02 4.441820000000000490e-02
1.097443234836702891e-01 1.034099533437013996e-01 9.444790046656301175e-02 1.559486780715396148e-01 8.246562986003107276e-02
8.784385692068429063e-02 9.304883359253499076e-02 7.892970451010884736e-02 1.426793157076205465e-01 7.659626749611196661e-02
6.976143079315709483e-02 8.317418351477448568e-02 7.923576982892692466e-02 8.793748055987556100e-02 9.007309486780715191e-02
7.650824261275272764e-02 8.638600311041989832e-02 6.727122861586314062e-02 7.359875583203734362e-02 6.606687402799377162e-02
7.226687402799378268e-02 9.002519440124416572e-02 6.255458786936239635e-02 6.211197511664072468e-02 6.218506998444790768e-02
6.319409020217728323e-02 8.193810264385691100e-02 6.825443234836706119e-02 5.840311041990664531e-02 6.148740279937790071e-02
6.070419906687404138e-02 7.178475894245724132e-02 6.536267496111976272e-02 4.918786936236392571e-02 6.182519440124419757e-02
6.055707620528769791e-02 6.816609642301711680e-02 6.717698289269051493e-02 5.033437013996892168e-02 5.721088646967338598e-02
1.597702702702702704e-01 2.138503401360543899e-01 1.329414965986394637e-01 2.278149659863945575e-01 1.514829931972788701e-01
1.492513513513513690e-01 1.892136054421768576e-01 1.575374149659863887e-01 2.010748299319727594e-01 1.482530612244898349e-01
1.674081081081081057e-01 1.846204081632653315e-01 1.299755102040816568e-01 1.683482993197278899e-01 1.444136054421768789e-01
1.879702702702702732e-01 1.681142857142857161e-01 1.453278911564626075e-01 1.613877551020407863e-01 1.206367346938775481e-01
1.631324324324324171e-01 1.343591836734693845e-01 1.305414965986394782e-01 1.655537414965986276e-01 1.287999999999999978e-01
1.747162162162162191e-01 1.927510204081632483e-01 1.264571428571428791e-01 1.522231292517007284e-01 1.498258503401360409e-01
1.358000000000000596e-01 1.759755102040816421e-01 1.457795918367346677e-01 1.305088435374149591e-01 1.324108843537414870e-01
1.538216216216216348e-01 1.571346938775510238e-01 1.288870748299319469e-01 1.507455782312924764e-01 1.240544217687074707e-01
6.092715231788080332e-02 6.225165562913903550e-02 6.100795755968169143e-02 1.170806366047744962e-01 1.150997347480106348e-01
4.719999999999999890e-02 9.156874172185433536e-02 8.398938992042441487e-02 8.162546419098146155e-02 7.178567639257296684e-02
6.321536423841062069e-02 4.456847682119207538e-02 4.568169761273211532e-02 3.921273209549070576e-02 4.334270557029172577e-02
5.179072847682123643e-02 3.627814569536426392e-02 3.717400530503978812e-02 3.483129973474803631e-02 2.847267904509289543e-02
2.029192052980135358e-02 2.181456953642384525e-02 2.158779840848805767e-02 1.804350132625991837e-02 2.144509283819632378e-02
1.785642384105967304e-02 1.532238410596031310e-02 2.232997347480105213e-02 1.801856763925736502e-02 1.457506631299739300e-02
1.417642384105959052e-02 1.634013245033116152e-02 1.409708222811670644e-02 1.603713527851460124e-02 1.513793103448266876e-02
1.254993377483439899e-02 1.087417218543050568e-02 1.216816976127324014e-02 1.236923076923081809e-02 1.343925729442970937e-02
1.887474747474747194e-01 1.980242424242423804e-01 1.541575757575757433e-01 1.523313131313130953e-01 1.267474747474747476e-01
2.190747474747474777e-01 1.944989898989899213e-01 2.018343434343434772e-01 1.593717171717171921e-01 1.556565656565656597e-01
2.420525252525252691e-01 2.259959595959596113e-01 1.842707070707070571e-01 1.857535353535353650e-01 2.018585858585858761e-01
3.197252525252525790e-01 2.702303030303029874e-01 2.023919191919191785e-01 2.540080808080807939e-01 2.175717171717171661e-01
3.336484848484848609e-01 2.840303030303030773e-01 2.681070707070706827e-01 3.051878787878787858e-01 2.546222222222221387e-01
3.272222222222221921e-01 2.882747474747474614e-01 2.973333333333333384e-01 3.182606060606060217e-01 2.824727272727273197e-01
3.136787878787878348e-01 2.963676767676767243e-01 3.077474747474747696e-01 3.234202020202020522e-01 2.824121212121212254e-01
2.821595959595959435e-01 2.887757575757575745e-01 2.824626262626263040e-01 2.810161616161616638e-01 2.655393939393939640e-01
3.919938461538461927e-01 3.059717948717949332e-01 3.791748556767158274e-01 3.864384862091084227e-01 3.254147530468249339e-01
4.236961538461539445e-01 3.955028205128204855e-01 4.626817190506734012e-01 4.190883899935856638e-01 3.863207184092367630e-01
4.499061538461537890e-01 3.657956410256410495e-01 4.125385503527902453e-01 4.177819114817190038e-01 4.001796023091726551e-01
3.978787179487179859e-01 3.965469230769230746e-01 3.947209749839640791e-01 3.934262989095574925e-01 3.568549069916613359e-01
3.467787179487178961e-01 3.390928205128204698e-01 3.545813983322642082e-01 3.482624759461193098e-01 3.362817190506734444e-01
3.073261538461538600e-01 3.091315384615384576e-01 3.111148171905067095e-01 3.140182168056445677e-01 3.069970493906349907e-01
2.720333333333333492e-01 2.748735897435897746e-01 2.749783194355355787e-01 2.769080179602309566e-01 2.756164207825529400e-01
2.396846153846154126e-01 2.437956410256410522e-01 2.460241180243745718e-01 2.413259781911481772e-01 2.437141757536882558e-01
3.660331360946744717e-01 2.772833333333333261e-01 3.942404761904761967e-01 3.915166666666666240e-01 3.612499999999999600e-01
3.272497041420118213e-01 2.576071428571428124e-01 3.442285714285713838e-01 3.471595238095238622e-01 3.173285714285714043e-01
2.869491124260354908e-01 2.393928571428571850e-01 3.023571428571428799e-01 2.599619047619047274e-01 2.971976190476190993e-01
2.605420118343195202e-01 2.276833333333333209e-01 2.546523809523809634e-01 2.348571428571428199e-01 2.518547619047619146e-01
2.252710059171597889e-01 2.066999999999999671e-01 2.246071428571428386e-01 2.139571428571428180e-01 2.148809523809523669e-01
2.019786982248520657e-01 1.788000000000000145e-01 1.965428571428571580e-01 1.846904761904761827e-01 1.894714285714285962e-01
1.661680473372781353e-01 1.427357142857142713e-01 1.706238095238095387e-01 1.638047619047618975e-01 1.611404761904761673e-01
1.467810650887574342e-01 1.236880952380952498e-01 1.454714285714285849e-01 1.366547619047619178e-01 1.398642857142857188e-01
4.338033353174603479e-01 3.407668839285714624e-01 4.160277448337825201e-01 2.699749196366177939e-01 3.893913152186736504e-01
3.854674632034632009e-01 2.914035307539682429e-01 3.972265169212338964e-01 3.000146391135071200e-01 3.562415200522747183e-01
3.147068986915861899e-01 2.827113115079365468e-01 4.254405434607321235e-01 2.822315365696498324e-01 3.058782124444389128e-01
3.445500156828465443e-01 3.247232773684648466e-01 3.732677614768181162e-01 3.220055098175856334e-01 3.018571077264085578e-01
3.007254493023315822e-01 3.443562097763347429e-01 3.423959590374685003e-01 3.519802069734357941e-01 3.041009342632379209e-01
3.060006492838421854e-01 3.581050661335741792e-01 3.762176471260014199e-01 3.450379025562149149e-01 3.222227819691328987e-01
3.012844466904475160e-01 3.194482612010808298e-01 3.443239299521028696e-01 3.767066883356613438e-01 3.430554050759685447e-01
2.925567798329801183e-01 2.796167445460809309e-01 2.869021818446244043e-01 3.577392489260205477e-01 3.141325665212608698e-01
2.368646000000000085e-01 1.978861999999999843e-01 2.197033999999999931e-01 3.359905999999999726e-01 2.514558000000000626e-01
3.080881999999999787e-01 2.842061999999999644e-01 3.188698000000000365e-01 3.389369999999999883e-01 3.289089999999999514e-01
3.664812000000000070e-01 3.406213999999999631e-01 3.994281999999999555e-01 3.686878000000000655e-01 3.847829999999999862e-01
3.698167999999999456e-01 3.529569999999999652e-01 3.839499999999999025e-01 3.630214000000000496e-01 3.530163999999999525e-01
3.338912000000000546e-01 3.303794000000000453e-01 3.484838000000000102e-01 3.401038000000000117e-01 3.273411999999999433e-01
2.916898000000000546e-01 2.932924000000000087e-01 3.137261999999999551e-01 2.966331999999999303e-01 2.938250000000000028e-01
2.539856000000000336e-01 2.585888000000000631e-01 2.718278000000000083e-01 2.545955999999999775e-01 2.568692000000000197e-01
2.186560000000000448e-01 2.240875999999999701e-01 2.342138000000000275e-01 2.213545999999999569e-01 2.262087999999999877e-01
7.770547945205474871e-02 8.228493150684931812e-02 1.611178082191780936e-01 1.202749140893471236e-01 1.202749140893471236e-01
6.710821917808217074e-02 8.884246575342466534e-02 2.483753424657534625e-01 1.202749140893471236e-01 1.300481099656357054e-01
7.094520547945201705e-02 5.638493150684932564e-02 1.304534246575342338e-01 6.502542955326459651e-02 8.511752577319588176e-02
6.491095890410961133e-02 7.093424657534244671e-02 1.022013698630136885e-01 6.796151202749142750e-02 8.220756013745703084e-02
5.850136986301370662e-02 5.926712328767123894e-02 6.516164383561642848e-02 6.459931271477661885e-02 7.579106529209625465e-02
5.740000000000002739e-02 5.606164383561641762e-02 5.895342465753429517e-02 6.113951890034361597e-02 6.144192439862543320e-02
4.966651337247227072e-02 5.266027397260271414e-02 5.028139921722114825e-02 5.088154475535919957e-02 5.518213058419243339e-02
4.937082137421179573e-02 5.547451076320938229e-02 4.725279354207435889e-02 5.754276877761414777e-02 4.850996563573888032e-02
1.022364217252396124e-01 1.865175718849840236e-01 6.316805111821086061e-02 1.025641025641025328e-01 8.441025641025641513e-02
8.111437699680515423e-02 5.587859424920127438e-02 5.780319488817890761e-02 1.025641025641025328e-01 9.734230769230767244e-02
6.974696485623002595e-02 7.148115015974437769e-02 7.687795527156547626e-02 8.459358974358975602e-02 6.398589743589740142e-02
9.486134185303514432e-02 8.664025559105430208e-02 6.735207667731629710e-02 6.452820512820513221e-02 7.365512820512819248e-02
6.333929712460061034e-02 5.936613418530350961e-02 6.579297124600638758e-02 6.208076923076923104e-02 6.586153846153844360e-02
6.321789137380194601e-02 6.184996196561691473e-02 6.605157766621025384e-02 5.743076923076924356e-02 6.067435897435892456e-02
4.854132359653124534e-02 5.983093513869871399e-02 5.473510421420967054e-02 6.918333333333333279e-02 5.206853683353681456e-02
6.566495687131472525e-02 6.006381293537845639e-02 5.661445560119680864e-02 5.073259240759240424e-02 4.837978146853142564e-02
1.145959999999999895e-01 9.655840000000000256e-02 1.387652000000000052e-01 1.241604000000000180e-01 1.875597999999999710e-01
1.097752000000000033e-01 9.877999999999997893e-02 1.057713999999999877e-01 9.675980000000003467e-02 1.535658000000000023e-01
8.711839999999998474e-02 9.282280000000001086e-02 7.170140000000001235e-02 5.571340000000000320e-02 6.557219999999999716e-02
5.165519999999999834e-02 5.032974309523809142e-02 5.431680000000001923e-02 6.844659999999999633e-02 6.746999142857143528e-02
4.218150126984127057e-02 3.755088000000000176e-02 4.835642330857049809e-02 5.247077835997335932e-02 4.666050095988977242e-02
4.727220803362751356e-02 3.853300522187773358e-02 4.456478248594619718e-02 4.247221455069610796e-02 4.563582015310959500e-02
3.717733187309614495e-02 3.397025922633621631e-02 3.769173006227419243e-02 3.700571333081957570e-02 4.696234907967723748e-02
3.790010073665222440e-02 3.950185339126542627e-02 3.458388855524820171e-02 3.572665673227381350e-02 4.123295351234822909e-02
2.795885714285714085e-01 1.776761904761905153e-01 2.439807692307692510e-01 1.727115384615384441e-01 2.851423076923076949e-01
1.670933333333333437e-01 1.222057142857142786e-01 1.334346153846153737e-01 2.040461538461538216e-01 2.823769230769230809e-01
1.301676190476190320e-01 1.294400000000000273e-01 1.214000000000000357e-01 1.869923076923076799e-01 2.367423076923076963e-01
1.119314285714285984e-01 1.382819047619047725e-01 1.216038461538461457e-01 1.165286997724497009e-01 1.610469368131867696e-01
1.093049070294784542e-01 1.226704761904761770e-01 1.166919093406593444e-01 8.861459797434249885e-02 1.531838912369681283e-01
1.000469327286470228e-01 1.322852108843537156e-01 1.304763644688644864e-01 1.022984046595954155e-01 1.209765353376392183e-01
1.175467902150759275e-01 1.382468755684868600e-01 1.169382875457875420e-01 1.230487502076268169e-01 1.683700008264920611e-01
1.032552065316763301e-01 1.373207815048902436e-01 1.039949257065449634e-01 1.258060494113291961e-01 1.181744543274642484e-01
9.589573459715641790e-02 1.289213270142180179e-01 1.540284360189572987e-01 8.611374407582937651e-02 1.169035629453681613e-01
8.030331753554498242e-02 9.327867298578199073e-02 1.052805687203790946e-01 6.241990521327010072e-02 1.076959619952494174e-01
1.006123222748815244e-01 1.118625592417061138e-01 9.779205935454747534e-02 8.707298578199050565e-02 1.172779097387172814e-01
7.985497630331754582e-02 9.816682464454977441e-02 7.139852779658467652e-02 7.533270142180092943e-02 7.780902612826604003e-02
7.596587677725116783e-02 7.938497743173097976e-02 7.864589407959075851e-02 5.845781990521327354e-02 9.367980997624700268e-02
7.154931669127771732e-02 8.209408253147584822e-02 6.738033534133062996e-02 7.159446847964630323e-02 5.637677511370915717e-02
6.277449652696327764e-02 9.524870138000955666e-02 6.673058814570015373e-02 6.134251543975866028e-02 4.330621055297363686e-02
4.898242425049900706e-02 7.035289971647697149e-02 5.042393670786635834e-02 6.176036942669296120e-02 4.655085018836182392e-02
9.172792792792794359e-02 6.756756756756754356e-02 1.155243243243243290e-01 1.009909909909910003e-01 6.864253393665165071e-02
9.811171171171170768e-02 6.756756756756754356e-02 9.274594594594587349e-02 8.056396396396393877e-02 6.857918552036199045e-02
8.999639639639633870e-02 6.463603603603609860e-02 6.823963963963965151e-02 6.805225225225224051e-02 7.389683257918551462e-02
8.186666666666667092e-02 7.446666666666668100e-02 8.033153153153152481e-02 6.867027027027032549e-02 7.284343891402714211e-02
7.871351351351352221e-02 7.456576576576583182e-02 6.981981981981980057e-02 6.107747747747745842e-02 7.009954751131222683e-02
7.911171171171169081e-02 5.824504504504506019e-02 6.607387387387389510e-02 5.278918918918917846e-02 5.082171945701359494e-02
6.878835263835261782e-02 4.990630630630631115e-02 4.988763191763193744e-02 5.030199699699696575e-02 4.943923507864687872e-02
5.851525096525102276e-02 5.157508008008009071e-02 5.536526026026027114e-02 4.507874731874736418e-02 5.604627522803994066e-02
1.033698000000000256e-01 1.231621999999999995e-01 5.244119999999998644e-02 8.478859999999999175e-02 5.907839999999998926e-02
5.688539999999999569e-02 3.930319999999999647e-02 3.861039999999999611e-02 3.713920000000001109e-02 3.358939999999998455e-02
2.690700000000000730e-02 6.765879999999999117e-02 2.970300000000001411e-02 2.952480000000001770e-02 3.774839999999998752e-02
2.629519999999998039e-02 4.865940000000001930e-02 2.957340000000001703e-02 3.088060000000002539e-02 3.425000000000001654e-02
2.775840000000000946e-02 2.750880000000002074e-02 3.245839999999999143e-02 2.868780000000001329e-02 3.006580000000000363e-02
2.782580000000000470e-02 2.673740000000000144e-02 2.718539999999999152e-02 3.002900000000001748e-02 3.441860000000002834e-02
3.165039999999996745e-02 2.257260000000000169e-02 3.083639999999997564e-02 3.239699999999998831e-02 3.644339999999997304e-02
3.140139999999998210e-02 2.229879999999998669e-02 2.817139999999999228e-02 2.710879999999996764e-02 2.998159999999999020e-02
1.862434087882823275e-01 9.276159999999997186e-02 2.489973333333333483e-01 1.344960000000000044e-01 6.401653333333333362e-02
1.818940079893475448e-01 1.192154666666666724e-01 1.569909333333333046e-01 8.347199999999999065e-02 6.741173333333332074e-02
9.658588548601862445e-02 4.599733333333334839e-02 5.805279999999999468e-02 5.523679999999997481e-02 1.341141333333333574e-01
7.815659121171771029e-02 5.897173333333333156e-02 9.120906666666668550e-02 5.319946666666668100e-02 5.898666666666666641e-02
5.889853528628495594e-02 5.636480000000002738e-02 5.335626666666665185e-02 6.754880000000000606e-02 6.653440000000002130e-02
4.886125166444740126e-02 6.275733333333334552e-02 6.579360000000002151e-02 5.853866666666664859e-02 5.901706666666667322e-02
6.125539280958721550e-02 6.711146666666666094e-02 6.273066666666667068e-02 5.012639999999999457e-02 5.154613333333333408e-02
5.399467376830892340e-02 5.510933333333332962e-02 5.570666666666666128e-02 4.727413333333333606e-02 5.598773333333334490e-02
1.675508771929824503e-01 1.605192982456140338e-01 1.427719298245614388e-01 2.401614035087719368e-01 1.014300884955751936e-01
1.302421052631578813e-01 1.112771929824561273e-01 1.415438596491228052e-01 8.992982456140349856e-02 9.179469026548674193e-02
8.709824561403510523e-02 9.864912280701754188e-02 7.626315789473685214e-02 9.385614035087722073e-02 9.551150442477877867e-02
6.748421052631581318e-02 7.806315789473686206e-02 8.034385964912278688e-02 8.214385964912276905e-02 8.319292035398234697e-02
6.580000000000003901e-02 6.890877192982454436e-02 7.858947368421048685e-02 6.392982456140353098e-02 7.199292035398233147e-02
6.612631578947367195e-02 6.693684210526315570e-02 6.364210526315784711e-02 6.741403508771928732e-02 8.255929203539821848e-02
6.109122807017545315e-02 6.126315789473683882e-02 6.790877192982455735e-02 7.416491228070179464e-02 7.906902654867256630e-02
5.297543859649119641e-02 6.052982456140345441e-02 5.257192982456142250e-02 6.194385964912280107e-02 7.874690265486730678e-02
1.526105457909343044e-01 1.283419056429232485e-01 7.178316373728028943e-02 8.210989824236818169e-02 2.128255555555555456e-01
4.455689176688253789e-02 1.761961147086031354e-01 1.355988899167437645e-01 4.622497687326549559e-02 2.096955555555555795e-01
4.803589269195189526e-02 8.675633672525438767e-02 1.021158186864014744e-01 6.513450508788161397e-02 1.045662962962962961e-01
5.146901017576317738e-02 5.625531914893618091e-02 6.765365402405179585e-02 7.090508788159115283e-02 3.796148148148145024e-02
3.578538390379276679e-02 4.845032377428305087e-02 4.525217391304346692e-02 4.256688251618871016e-02 3.578370370370367176e-02
4.624421831637372943e-02 3.959666975023128088e-02 4.813654024051805536e-02 3.130767807585567442e-02 4.126777777777777823e-02
4.263718778908422158e-02 4.483219241443110042e-02 4.806956521739128713e-02 3.315004625346903294e-02 3.688962962962961945e-02
5.063903792784461150e-02 4.208399629972246758e-02 4.533320999074930829e-02 4.090064754856613527e-02 3.847777777777777741e-02
1.686274881516587609e-01 7.408530805687203735e-02 2.598862559241705283e-01 2.940075829383885786e-01 1.235298578199052200e-01
1.027810426540284594e-01 8.759052132701422577e-02 1.495165876777250769e-01 9.503127962085307356e-02 1.236000000000000015e-01
9.224834123222749871e-02 1.070995260663507170e-01 1.130180094786729789e-01 9.954312796208530933e-02 1.222426540284360097e-01
8.021421800947867164e-02 1.045232227488151755e-01 1.118104265402843495e-01 1.077345971563981042e-01 1.027165876777251380e-01
9.143886255924169038e-02 9.416113744075829683e-02 9.960568720379148200e-02 1.078767772511848300e-01 7.510521327014217652e-02
9.700853080568720699e-02 9.216113744075829506e-02 9.541042654028433767e-02 9.416113744075829683e-02 7.715260663507109151e-02
8.834123222748815896e-02 7.418578199052131006e-02 9.697630331753555322e-02 8.587677725118481042e-02 6.861042654028436105e-02
7.271279620853079995e-02 7.724170616113745780e-02 7.891943127962086635e-02 8.699905213270144044e-02 7.507488151658768538e-02
7.105567765567766259e-02 1.098166819431713737e-01 1.567446379468377671e-01 9.773382218148488065e-02 7.392960586617780550e-02
1.545816849816849525e-01 1.337030247479376599e-01 1.694463794683776225e-01 2.151728689275893558e-01 1.111813015582034658e-01
1.414758241758241886e-01 1.281283226397800235e-01 1.407574702108157771e-01 1.818379468377634978e-01 1.493803849679193330e-01
1.198439560439560070e-01 1.210221814848762845e-01 1.404872593950504400e-01 1.365268560953253885e-01 1.203285059578368399e-01
9.449084249084252485e-02 8.783464711274059644e-02 9.631970669110907768e-02 9.789660861594864927e-02 8.076883593033916398e-02
6.196996336996336840e-02 6.229477543538038120e-02 6.699688359303393459e-02 6.432227314390467909e-02 6.139908340971587941e-02
3.848864468864472699e-02 4.231237396883597013e-02 4.371475710357471123e-02 4.076076993583867270e-02 4.157653528872593679e-02
2.565238095238098204e-02 2.708120989917509741e-02 3.112300641613197083e-02 2.791604032997254542e-02 2.795893675527042627e-02
3.165191222570533092e-01 3.239573667711598270e-01 2.867247648902820911e-01 2.557459119496855449e-01 3.481974842767295852e-01
3.535021943573667391e-01 3.235009404388714538e-01 3.417454545454545189e-01 3.396930817610063214e-01 3.643685534591195041e-01
3.805517241379310356e-01 4.025818181818182073e-01 3.597993730407523794e-01 3.451408805031446203e-01 4.158289308176100763e-01
3.998344827586207129e-01 3.608877742946708378e-01 3.730746081504702216e-01 3.706276729559749294e-01 4.318364779874214188e-01
3.722996865203762051e-01 3.682357366771159546e-01 3.489329153605015832e-01 3.455408805031446318e-01 3.970138364779874363e-01
3.589065830721003270e-01 3.610457680250783730e-01 3.478407523510971822e-01 3.473194968553459661e-01 3.695207547169811479e-01
3.261492163009404588e-01 3.236037617554859414e-01 3.296514106583071646e-01 3.218603773584906014e-01 3.349132075471698000e-01
2.800463949843260414e-01 2.867009404388715099e-01 3.025266457680250709e-01 2.898779874213836538e-01 3.079433962264151448e-01
1.319384615384615600e-01 1.306666666666666532e-01 1.798769230769231009e-01 1.441379310344827747e-01 1.202689655172413941e-01
1.400649572649572683e-01 1.524991452991452667e-01 2.253162393162392863e-01 1.230758620689655081e-01 1.435379310344827575e-01
1.396239316239316353e-01 1.320854700854700858e-01 1.300820512820513031e-01 1.284931034482758583e-01 1.316689655172413875e-01
1.185948717948717979e-01 1.351589743589743375e-01 1.336581196581196340e-01 1.244310344827586345e-01 1.388655172413793271e-01
1.282871794871794924e-01 1.458222222222222142e-01 1.304615384615384621e-01 1.191655172413792901e-01 1.260310344827585971e-01
1.286769230769230776e-01 1.516205128205128649e-01 1.329162393162393596e-01 1.269137931034482469e-01 1.415793103448275692e-01
1.120376068376068429e-01 1.414222222222222547e-01 1.555965811965812073e-01 1.353034482758620205e-01 1.095206896551724346e-01
1.531521367521367361e-01 1.475555555555555509e-01 1.367999999999999772e-01 1.189689655172414123e-01 1.249758620689655209e-01
1.113961538461538670e-01 3.858607692307692294e-01 3.799800000000000400e-01 1.040730769230769209e-01 9.622999999999999610e-02
1.730153846153846264e-01 1.883715384615384514e-01 2.076607692307692044e-01 1.114661538461538398e-01 9.197076923076921706e-02
1.329692307692307840e-01 1.158807692307692455e-01 8.175769230769228124e-02 7.215461538461540036e-02 6.213307692307694363e-02
4.824769230769233169e-02 6.678153846153844775e-02 4.300846153846153708e-02 5.488384615384615806e-02 4.646769230769231401e-02
7.202461538461538137e-02 8.124769230769227080e-02 4.321846153846155281e-02 4.660307692307692762e-02 5.500538461538460877e-02
5.671153846153845907e-02 6.240692307692308205e-02 7.769846153846157732e-02 6.031076923076923724e-02 9.884307692307689464e-02
9.040384615384614020e-02 1.059669230769230835e-01 1.507130769230769496e-01 1.080146153846153617e-01 1.278546153846153721e-01
1.533384615384615624e-01 1.255369230769230460e-01 1.882953846153846145e-01 1.095500000000000085e-01 1.588546153846153719e-01
7.666680000000000716e-02 1.198701999999999962e-01 8.772779999999999467e-02 1.470700000000000340e-01 1.150697999999999999e-01
5.626599999999999657e-02 4.907059999999997119e-02 3.846159999999999857e-02 1.370432000000000039e-01 6.956519999999999371e-02
5.224840000000001428e-02 3.329820000000000696e-02 7.755280000000000507e-02 9.494539999999999924e-02 5.798959999999999532e-02
5.588779999999998749e-02 6.721299999999998109e-02 6.117219999999999602e-02 6.251899999999999125e-02 4.296399999999998831e-02
5.019600000000001838e-02 3.192660000000002718e-02 4.524860000000002769e-02 4.164060000000001371e-02 4.092579999999999829e-02
3.122100000000000569e-02 3.363960000000001949e-02 3.816659999999993946e-02 3.086260000000000739e-02 3.109139999999999127e-02
2.533980000000000260e-02 3.777280000000002996e-02 2.984759999999993946e-02 2.019639999999998242e-02 2.480520000000002723e-02
2.715280000000006716e-02 3.115758904761904008e-02 2.486780000000003016e-02 1.865650476190478663e-02 2.289733476190475639e-02
9.380197238658778691e-02 6.311637080867849026e-02 6.311637080867849026e-02 6.311637080867849026e-02 3.978814229249012790e-02
5.842603550295864118e-02 3.293096646942800937e-02 6.311637080867849026e-02 5.585088757396448195e-02 6.343557312252960656e-02
6.316528599605522598e-02 3.874398422090733624e-02 5.316844181459567942e-02 4.593767258382645824e-02 5.095573122529645227e-02
4.500197238658774912e-02 4.254043392504926885e-02 5.349191321499012497e-02 5.191084812623275591e-02 5.245375494071145145e-02
4.716607495069030653e-02 3.907850098619326806e-02 3.703826429980276030e-02 3.654358974358971196e-02 4.725612648221340362e-02
4.733806706114401103e-02 2.546745562130182244e-02 3.709980276134122734e-02 4.493017751479294608e-02 4.303557312252968836e-02
4.300276134122284905e-02 3.928205128205126268e-02 3.011518737672586044e-02 3.328362919132150932e-02 4.321739130434788800e-02
4.463510848126235608e-02 3.422721893491122158e-02 3.601183431952663383e-02 2.776568047337282796e-02 4.168774703557315275e-02
2.995925925925926325e-01 2.267462962962963346e-01 2.338425925925925741e-01 2.202185185185184524e-01 2.517962962962962958e-01
2.929592592592592526e-01 2.446425925925925782e-01 2.662296296296295384e-01 1.968962962962962915e-01 2.734166666666666967e-01
2.639240740740740887e-01 2.654537037037036362e-01 2.856759259259258887e-01 2.060925925925925772e-01 2.897296296296296148e-01
2.385703703703703771e-01 2.469240740740740736e-01 2.473481481481481503e-01 1.820685185185185184e-01 2.224092592592592510e-01
2.068222222222222406e-01 2.132407407407407585e-01 1.998796296296296293e-01 1.981240740740740636e-01 2.133388888888888280e-01
1.733851851851851977e-01 1.981611111111111212e-01 1.654000000000000192e-01 1.704037037037036684e-01 1.830629629629629551e-01
1.515925925925925566e-01 1.880240740740740935e-01 1.329388888888888842e-01 1.479703703703703910e-01 1.412277777777777854e-01
1.287037037037037090e-01 1.447499999999999898e-01 1.009555555555555761e-01 1.249129629629629756e-01 1.276981481481481162e-01
1.582503267973856542e-01 1.937281045751633735e-01 1.504232026143790812e-01 1.025798855273916538e-01 1.845805396565822210e-01
1.247578431372549090e-01 1.629189542483659991e-01 1.497460784313725535e-01 1.289602616516762057e-01 1.636883074407195493e-01
1.219826797385620970e-01 1.029542483660130792e-01 1.036722222222222350e-01 1.145762878168438414e-01 1.467256403068177284e-01
1.151921568627451153e-01 9.286405228758169705e-02 1.048848114077280957e-01 8.463188879803762443e-02 1.085840941478799226e-01
7.844302683246309749e-02 7.359690437286026121e-02 8.131431051065854398e-02 5.892099676829028881e-02 8.314591084304086277e-02
6.726447765469825701e-02 5.739759547460528133e-02 6.613083084945203804e-02 5.681970790180113084e-02 7.324905468081006898e-02
6.295135235329366030e-02 5.427982738477678953e-02 8.232333935206861963e-02 5.378769200434004027e-02 6.443055258120559958e-02
5.454678382813506199e-02 5.500834975567336915e-02 5.223922637499212041e-02 5.660252977734873958e-02 6.020797988021327207e-02
1.418749090909091071e-01 1.301047272727272330e-01 1.812890510948905187e-01 1.828919708029197178e-01 2.962467153284671362e-01
1.238952727272727150e-01 1.682341818181817827e-01 1.024832116788321201e-01 1.155343065693430760e-01 1.862043795620438313e-01
9.219345454545457841e-02 1.217890909090909302e-01 8.146423357664235587e-02 9.964233576642336776e-02 1.211503649635036900e-01
8.540509090909094436e-02 9.110400000000000442e-02 8.141021897810221675e-02 8.282481751824818939e-02 9.070656934306572938e-02
7.534400000000000819e-02 6.591709090909089741e-02 7.153138686131388368e-02 7.717372262773722347e-02 7.263211678832114104e-02
5.157672727272729490e-02 4.462109090909090192e-02 5.008467153284672235e-02 5.714306569343069464e-02 5.281751824817522423e-02
4.024290909090908613e-02 2.621672727272726308e-02 4.088613138686127135e-02 3.845401459854010107e-02 3.793284671532848318e-02
2.327272727272724356e-02 1.548509090909093965e-02 2.113722627737227994e-02 2.539708029197076250e-02 2.430364963503655121e-02
2.349813333333333198e-01 1.666880000000000028e-01 4.429386666666667027e-01 2.348993288590603967e-01 1.668832214765100797e-01
1.358853333333333302e-01 2.009599999999999442e-01 2.344453333333333389e-01 1.804026845637583532e-01 1.373167273889421280e-01
2.237866666666667170e-01 1.660340703222702718e-01 1.112597925925925962e-01 1.734899328859060286e-01 1.487136669668884803e-01
1.904666666666667008e-01 1.803602561808562432e-01 1.360458090428091349e-01 1.485959731543624041e-01 1.358639134020341865e-01
1.801209015873015962e-01 1.809772167610167737e-01 1.336610919672920617e-01 1.567622243528283554e-01 1.223927700861184437e-01
1.637962091678302201e-01 2.153624235527916431e-01 1.517267677388430547e-01 1.534397048862106705e-01 1.237869898571379856e-01
1.520915625838721863e-01 1.765643017559744288e-01 1.559400413830249188e-01 1.437482958350619344e-01 1.308062375486151452e-01
1.351467333346668409e-01 1.668660244944540627e-01 1.387165011543739779e-01 1.845967894031138590e-01 1.371215019875850205e-01
7.139660000000000450e-02 9.271900000000000974e-02 1.400127999999999928e-01 1.540147999999999795e-01 4.562819999999999376e-02
1.797377999999999754e-01 8.180920000000002634e-02 1.440060000000000229e-01 1.001514000000000015e-01 1.176384000000000041e-01
1.202768000000000032e-01 9.264380000000001225e-02 8.746639999999999970e-02 1.096883999999999915e-01 1.218053999999999942e-01
9.486839999999999162e-02 9.198100000000002108e-02 8.174099999999998034e-02 7.915380000000001026e-02 8.399080000000001822e-02
6.202000000000001956e-02 7.107340000000000879e-02 5.868599999999999511e-02 6.041800000000000642e-02 6.294735039682541888e-02
4.718025492063489257e-02 4.522154928571432697e-02 5.093129523809521858e-02 5.059080250360751402e-02 5.055176905483406424e-02
3.473418783438784324e-02 3.570477842601846308e-02 3.048230671328671509e-02 3.659562642413144440e-02 3.516952225191473380e-02
2.219751265063219653e-02 2.522603353501903095e-02 2.048252010546494986e-02 2.292497712765905610e-02 2.261303235080533089e-02
1.717111111111110922e-01 2.657407407407407218e-01 1.198185185185185048e-01 1.466000000000000081e-01 2.971296296296296324e-01
1.179962962962962936e-01 1.818851851851852053e-01 1.732333333333333503e-01 1.402481481481481496e-01 2.902333333333333432e-01
1.695037037037037120e-01 1.815296296296296241e-01 1.324296296296296194e-01 1.187555555555555448e-01 2.868148148148148557e-01
1.751962962962962944e-01 1.637703703703703717e-01 1.607185185185185106e-01 1.561222222222222178e-01 1.992407407407407460e-01
1.912370370370370387e-01 1.548333333333333228e-01 1.222518518518518615e-01 1.506518518518518701e-01 1.337629629629629446e-01
1.243666666666666948e-01 1.373333333333333628e-01 1.295037037037037042e-01 1.370111111111111113e-01 1.315851851851851662e-01
1.302518518518518686e-01 1.515185185185185246e-01 1.366148148148148000e-01 1.326629629629629825e-01 1.219148148148147814e-01
1.543999999999999817e-01 1.401925925925925909e-01 1.395481481481481156e-01 1.409481481481481557e-01 1.204148148148147940e-01
4.586759999999996673e-02 5.065360000000000001e-02 8.302760000000000695e-02 1.219999999999999973e-01 6.833759999999995671e-02
4.746579999999998162e-02 3.406580000000002106e-02 3.390239999999998532e-02 6.060399999999999121e-02 6.563739999999999852e-02
5.000219999999998277e-02 3.424079999999999485e-02 2.556619999999999379e-02 3.122599999999998641e-02 3.501439999999999414e-02
3.319680000000000547e-02 2.649979999999999697e-02 2.282040000000001498e-02 2.663800000000000195e-02 2.682059999999999306e-02
2.458320000000002725e-02 2.982639999999999250e-02 2.931759999999996452e-02 2.387919999999996851e-02 2.529560000000001183e-02
2.341680000000004314e-02 2.780340000000005099e-02 2.291820000000002050e-02 2.564900000000002595e-02 2.786960000000002213e-02
2.427660000000000928e-02 2.188099999999999073e-02 2.025540000000002755e-02 2.960280000000004019e-02 2.818900000000001960e-02
2.088239999999999194e-02 2.279960000000001014e-02 1.967840000000001949e-02 2.691960000000000533e-02 2.347160000000001259e-02
6.268334177215191538e-02 5.206055696202531446e-02 1.073822784810126441e-01 6.786484295845998660e-02 1.036243161094224929e-01
4.424384810126581746e-02 6.154491139240507447e-02 6.253326582278481705e-02 7.021073961499492422e-02 5.405187436676798379e-02
5.951372151898733781e-02 4.940536708860759213e-02 4.134622784810127599e-02 4.923404255319147743e-02 4.746180344478218016e-02
7.669488607594936169e-02 4.221103797468353513e-02 6.149387341772152155e-02 6.259594731509625365e-02 6.799189463019250645e-02
6.467402531645569108e-02 6.968162025316455843e-02 8.525124050632910955e-02 6.440060790273557934e-02 7.878480243161094243e-02
6.585113924050631229e-02 6.602146835443037376e-02 8.147362025316452760e-02 8.264640324214793388e-02 8.951205673758863557e-02
9.922410126582278944e-02 9.085934177215192198e-02 1.182821265822784768e-01 1.223941236068895461e-01 1.264166160081053591e-01
1.345263797468354561e-01 1.414914430379746457e-01 1.538442531645570210e-01 1.547821681864235133e-01 1.630838905775076342e-01
9.706719999999999238e-02 9.295240000000000447e-02 2.237721999999999767e-01 2.166469999999999785e-01 1.621971999999999858e-01
2.262626000000000082e-01 2.467876000000000514e-01 2.006583999999999590e-01 1.691943999999999948e-01 2.221439999999999804e-01
2.022277999999999576e-01 2.028866000000000280e-01 1.650072000000000205e-01 2.129328000000000054e-01 1.803139999999999743e-01
1.771356000000000042e-01 1.701393999999999962e-01 1.584728000000000248e-01 1.829848000000000030e-01 1.470859999999999945e-01
1.521176000000000195e-01 1.223383999999999999e-01 1.305280000000000329e-01 1.565713999999999717e-01 1.382367999999999930e-01
1.196156000000000164e-01 1.103862000000000176e-01 1.148484000000000310e-01 1.344944000000000139e-01 1.229842000000000157e-01
1.073430000000000079e-01 9.076880000000003834e-02 1.004456000000000238e-01 1.078450000000000103e-01 9.835959999999999148e-02
9.266840000000001187e-02 7.690120000000003064e-02 8.147299999999998987e-02 8.786160000000001191e-02 8.385680000000002299e-02
2.392279999999999962e-01 1.866440000000000321e-01 2.809040000000000425e-01 1.413960000000000217e-01 1.752799999999999914e-01
1.307880000000000154e-01 2.751159999999999717e-01 1.912040000000000128e-01 2.603680000000000438e-01 1.915200000000000513e-01
1.294839999999999880e-01 2.456480000000000052e-01 2.169120000000000492e-01 2.141040000000000165e-01 1.920240000000000280e-01
1.316280000000000228e-01 2.357520000000000171e-01 1.963280000000000025e-01 2.530320000000000347e-01 2.114079999999999848e-01
1.533960000000000046e-01 2.105839999999999657e-01 1.800079999999999736e-01 1.785079999999999723e-01 1.503599999999999937e-01
1.647673666666666648e-01 1.744073904761904992e-01 1.203200000000000103e-01 1.754130047619047450e-01 1.522960000000000147e-01
1.550816952380952851e-01 1.985491190476190160e-01 1.068040000000000100e-01 1.515466666666666629e-01 1.751520000000000299e-01
1.606184285714285787e-01 1.794732380952381023e-01 1.535120000000000096e-01 1.607382634920634934e-01 2.054158619047619094e-01
2.290334545454545123e-01 1.234796363636363747e-01 9.706109090909090242e-02 1.397447272727272982e-01 1.268861818181818146e-01
1.452978181818181669e-01 2.042425454545454822e-01 1.344952727272727133e-01 1.962032727272726984e-01 1.799105454545454619e-01
1.639945454545454484e-01 1.985552727272726636e-01 1.436352727272727225e-01 1.688418181818181762e-01 1.531243636363635863e-01
1.542694545454545429e-01 1.356058181818182162e-01 1.423585454545454598e-01 1.601600000000000246e-01 1.510345454545454769e-01
1.434872727272727411e-01 1.295472727272727331e-01 1.340178181818182102e-01 1.293047272727272934e-01 1.503374545454545519e-01
1.200563636363636277e-01 1.163825454545454469e-01 1.234589090909091330e-01 1.225683636363636558e-01 1.118796363636363339e-01
1.028636363636363793e-01 1.078323636363636429e-01 1.053545454545455062e-01 1.053716363636363756e-01 9.631090909090908592e-02
8.230000000000001203e-02 8.941527272727274600e-02 8.718181818181819365e-02 8.915200000000003677e-02 8.381418181818181545e-02
6.705420000000000824e-02 5.809720000000000162e-02 1.464505999999999863e-01 4.084039999999999199e-02 1.412268000000000412e-01
6.671880000000000865e-02 7.275239999999998097e-02 7.444100000000000716e-02 5.641999999999999099e-02 5.572660000000000113e-02
4.131560000000000787e-02 3.971580000000002331e-02 8.693100000000002214e-02 4.891840000000001465e-02 3.743820000000000481e-02
3.576519999999999699e-02 4.283419999999998895e-02 3.797000000000001763e-02 5.589639999999999886e-02 4.190620000000000456e-02
4.403060000000001001e-02 3.341860000000000663e-02 4.164199999999999152e-02 5.672659999999999508e-02 5.766120000000000967e-02
5.435300000000001935e-02 4.881660000000000860e-02 5.634380000000001332e-02 5.203999999999999598e-02 7.954959999999997033e-02
6.322140000000001092e-02 6.337360000000000215e-02 7.227400000000000491e-02 6.066700000000000564e-02 6.785579999999999390e-02
7.184319999999999595e-02 6.880179999999999629e-02 6.969580000000000219e-02 7.275020000000001485e-02 6.872879999999999268e-02
1.903037037037036971e-01 1.836314814814814789e-01 1.453129629629629493e-01 1.720037037037036864e-01 1.095092592592592506e-01
1.858796296296296169e-01 1.952592592592592435e-01 1.577370370370370645e-01 2.058703703703703702e-01 1.375648148148148342e-01
2.739314814814815535e-01 2.983648148148148049e-01 2.370240740740740537e-01 2.132277777777777383e-01 2.411981481481481338e-01
3.083833333333333426e-01 2.958907407407407320e-01 2.961537037037036968e-01 2.874722222222222401e-01 2.836814814814814789e-01
3.386907407407407367e-01 3.471462962962963417e-01 3.120740740740740593e-01 2.779277777777778291e-01 3.176629629629629248e-01
3.363629629629629747e-01 3.381962962962963282e-01 3.417851851851852474e-01 2.929037037037037772e-01 3.211296296296296537e-01
3.164462962962963366e-01 2.973444444444444668e-01 2.961277777777778231e-01 2.816518518518519310e-01 3.054037037037037328e-01
2.611851851851851314e-01 2.532055555555555726e-01 2.554999999999999494e-01 2.629074074074073675e-01 2.720925925925926081e-01
1.465388174807197852e-01 1.036381443298969030e-01 1.517567010309278375e-01 1.066319587628866000e-01 9.639175257731957824e-02
9.333264781491001916e-02 1.182237113402061918e-01 9.965876288659795967e-02 1.101804123711340316e-01 1.320721649484536131e-01
9.081336760925450002e-02 1.061113402061855809e-01 9.262989690721648572e-02 8.748144329896909155e-02 1.089680412371133861e-01
9.562879177377890672e-02 1.004072164948453666e-01 1.046670103092783438e-01 8.757216494845361521e-02 1.141938144329897042e-01
9.698611825192801628e-02 1.102123711340206036e-01 1.111154639175258030e-01 1.084639175257731958e-01 1.068597938144329740e-01
9.018920308483291404e-02 1.337494845360824858e-01 1.170835051546391670e-01 1.009845360824742355e-01 8.793092783505154775e-02
8.380051413881747790e-02 1.165082474226803999e-01 1.079237113402061743e-01 9.111443298969071347e-02 1.012340206185567276e-01
8.108791773778920020e-02 1.124680412371133753e-01 1.059422680412371032e-01 1.051793814432989693e-01 1.060350515463917703e-01
1.124259259259259291e-01 8.333333333333337034e-02 1.776481481481481661e-01 8.333333333333337034e-02 1.182962962962963022e-01
1.035592592592592676e-01 8.333333333333337034e-02 1.270666666666666611e-01 6.404814814814813184e-02 8.144814814814813064e-02
9.923703703703704027e-02 8.968518518518517335e-02 1.147259259259259256e-01 7.247037037037037943e-02 1.172703703703703859e-01
9.165925925925927364e-02 1.067925925925925501e-01 1.113999999999999851e-01 7.135925925925926117e-02 9.235185185185185164e-02
9.323333333333334860e-02 9.723703703703708012e-02 8.751481481481485081e-02 5.535925925925926083e-02 7.184814814814817485e-02
9.561111111111113281e-02 9.535925925925924085e-02 8.001111111111106067e-02 4.431851851851850710e-02 7.870740740740739261e-02
9.044814814814816639e-02 8.113333333333333508e-02 7.723333333333333439e-02 8.272962962962961131e-02 7.062592592592589757e-02
7.784074074074076588e-02 7.272962962962967182e-02 6.842962962962964579e-02 7.923703703703703638e-02 7.027407407407411377e-02
1.083066115702479432e-01 5.371900826446285304e-02 1.472231404958677659e-01 5.965991735537184981e-02 5.377456049638051905e-02
8.546818181818180427e-02 5.371900826446285304e-02 1.201219008264462762e-01 6.830041322314045482e-02 9.815677352637022790e-02
5.255867768595040568e-02 4.076115702479339575e-02 4.586611570247932368e-02 5.281115702479340090e-02 6.759420889348499717e-02
3.517685950413224072e-02 2.773925619834709602e-02 3.074669421487602472e-02 2.529793388429750836e-02 3.690093071354705323e-02
2.418760330578510059e-02 2.588388429752071576e-02 1.943388429752072183e-02 1.979876033057845902e-02 1.939524301964840047e-02
2.278884297520659616e-02 2.515454545454551966e-02 1.884504132231410237e-02 1.790991735537192375e-02 2.146597724922443690e-02
1.595371900826452610e-02 1.799214876033059657e-02 1.386074380165295064e-02 1.556363636363638191e-02 1.654684591520168974e-02
1.233512396694215127e-02 1.241446280991735651e-02 1.485950413223138811e-02 1.358057851239670433e-02 1.405501551189244046e-02
1.460208092485549281e-01 1.063815028901734100e-01 1.068589595375722262e-01 1.376591304347826450e-01 8.822840579710145015e-02
9.752601156069364008e-02 1.033387283236994331e-01 9.633410404624279111e-02 7.943304347826092571e-02 1.018272463768115921e-01
5.520000000000001295e-02 1.038427745664740193e-01 8.815838150289019570e-02 1.086886956521739001e-01 7.834666666666667556e-02
6.256763005780346942e-02 6.962543352601160973e-02 7.894797687861275504e-02 5.563130434782607991e-02 6.875362318840580467e-02
5.593294797687862335e-02 7.034450867052020884e-02 6.544855491329479302e-02 4.628753623188401611e-02 6.587362318840579711e-02
5.514335260115602738e-02 5.586705202312142182e-02 4.969479768786128765e-02 4.163942028985506000e-02 6.341333333333332156e-02
5.072023121387281286e-02 3.573410404624270675e-02 3.480462427745662640e-02 3.347246376811591206e-02 4.349565217391308108e-02
3.218959537572255170e-02 2.693526011560690853e-02 2.451907514450871184e-02 2.548057971014488013e-02 2.654608695652169864e-02
1.306502164502164609e-01 1.277567099567099573e-01 9.155324675324677530e-02 1.627939393939394075e-01 1.117887445887446179e-01
7.489870129870128401e-02 8.610649350649349221e-02 9.529898783755927361e-02 1.234588744588744486e-01 9.639307359307359990e-02
8.075584415584415032e-02 8.526233766233766442e-02 9.047735630891473591e-02 1.070623376623376782e-01 6.698008658008658411e-02
9.214546176046176096e-02 8.456190476190474092e-02 5.907427277148054323e-02 9.725887445887446137e-02 6.340596212589719172e-02
7.436666804095373728e-02 8.696017316017316812e-02 5.753407665686886829e-02 7.298480495807847801e-02 5.206178347562798875e-02
6.802225112589090072e-02 7.189727700361774054e-02 4.926458158136304277e-02 6.461342879547918305e-02 5.152819102375285482e-02
5.188890805741776940e-02 6.115505551715973154e-02 5.419626470849377153e-02 5.376125795207733343e-02 5.673805515777321368e-02
5.497872074230012590e-02 5.546812679529026374e-02 5.201388840185613288e-02 4.324419010941551317e-02 5.012790428600568532e-02
3.418509999999999049e-01 3.990650000000000031e-01 3.386969999999999703e-01 3.261500000000000510e-01 3.390559999999999685e-01
3.268909999999999871e-01 3.566870000000000873e-01 3.805099999999999039e-01 3.259949999999999237e-01 3.938979999999999704e-01
3.032749999999999613e-01 3.230029999999999846e-01 3.699069999999999858e-01 3.208460000000000756e-01 3.246030000000000304e-01
3.035560000000000480e-01 2.801870000000000194e-01 3.203179999999999916e-01 2.865410000000000457e-01 2.745859999999999412e-01
2.557469999999999466e-01 2.521700000000000053e-01 2.782330000000000081e-01 2.562849999999999850e-01 2.585629999999999873e-01
2.176600000000000201e-01 2.122409999999999852e-01 2.345490000000000352e-01 2.171990000000000032e-01 2.272799999999999820e-01
1.751530000000000031e-01 1.903600000000000014e-01 2.003770000000000273e-01 1.798320000000000196e-01 1.945270000000000332e-01
1.538740000000000108e-01 1.561450000000000338e-01 1.686960000000000126e-01 1.554530000000000078e-01 1.635190000000000254e-01
1.989365999999999912e-01 9.512680000000001135e-02 1.674003999999999770e-01 1.376169999999999616e-01 9.506719999999999060e-02
1.887088000000000099e-01 1.813054000000000054e-01 1.548057999999999657e-01 1.433859999999999857e-01 1.859283999999999659e-01
1.577974000000000043e-01 1.632465999999999917e-01 1.938193999999999750e-01 1.499048000000000047e-01 1.672626000000000113e-01
1.541473999999999900e-01 1.531652000000000291e-01 1.729870000000000019e-01 1.495118000000000003e-01 1.556601999999999986e-01
1.403207999999999955e-01 1.320217999999999670e-01 1.413965999999999834e-01 1.448468000000000255e-01 1.517245999999999595e-01
1.214723999999999943e-01 1.297694000000000070e-01 1.226249999999999840e-01 1.264561999999999908e-01 1.405070000000000208e-01
1.144496000000000124e-01 1.287541999999999853e-01 1.171548000000000034e-01 1.219117999999999868e-01 1.267176000000000136e-01
1.036505999999999955e-01 1.114522000000000013e-01 1.020441999999999877e-01 1.112391999999999825e-01 1.173117999999999661e-01
6.574159999999999726e-02 9.340459999999999041e-02 2.106819999999999804e-01 2.183545999999999820e-01 6.789240000000000552e-02
6.102419999999999373e-02 4.511239999999997613e-02 1.268568000000000195e-01 4.810379999999998824e-02 7.156500000000001749e-02
7.882599999999999330e-02 6.125939999999998470e-02 4.772080000000000072e-02 4.236939999999998763e-02 4.296719999999999706e-02
5.769960000000000366e-02 6.052099999999999147e-02 3.952559999999998019e-02 5.316899999999998710e-02 5.216440000000002047e-02
7.876519999999996580e-02 8.035599999999998300e-02 6.015920000000000295e-02 8.239380000000000315e-02 5.829619999999998553e-02
9.199560000000002458e-02 5.877980000000001398e-02 5.830519999999998759e-02 7.304460000000001507e-02 4.269280000000000991e-02
6.936000000000001886e-02 4.799799999999999900e-02 4.415820000000002243e-02 5.147179999999999811e-02 4.845559999999998757e-02
4.290000000000000757e-02 4.114339999999999664e-02 4.079780000000000212e-02 4.182920000000000388e-02 4.757440000000000280e-02
9.840400000000000535e-02 1.222058000000000033e-01 1.825867999999999935e-01 2.727499999999999925e-01 1.316714000000000218e-01
1.530210000000000181e-01 1.192536000000000013e-01 1.157046000000000047e-01 2.698710000000000275e-01 1.437099999999999489e-01
1.053639999999999854e-01 1.285535999999999901e-01 1.329440000000000066e-01 1.506583999999999701e-01 1.526479999999999504e-01
1.026414000000000215e-01 9.241980000000002415e-02 1.014730000000000076e-01 1.284134000000000109e-01 1.248887999999999943e-01
1.076517999999999919e-01 9.569579999999999753e-02 1.035548000000000163e-01 7.758500000000001506e-02 9.240080000000000515e-02
7.679659999999999265e-02 7.098159999999999192e-02 8.663260000000000405e-02 6.210700000000000248e-02 7.933140000000002412e-02
6.307020000000000681e-02 4.525560000000002775e-02 7.700339999999998575e-02 7.150919999999999499e-02 6.740799999999999570e-02
4.874040000000003786e-02 4.759739999999999804e-02 4.944000000000000478e-02 6.602919999999999623e-02 6.954699999999999771e-02
1.856268000000000085e-01 1.975218000000000251e-01 1.873705999999999983e-01 2.178910000000000013e-01 1.899164000000000407e-01
2.516323999999999783e-01 2.707552000000000292e-01 2.625616000000000061e-01 2.656883999999999912e-01 2.429588000000000303e-01
3.377203999999999762e-01 3.325503999999999682e-01 3.517533999999999939e-01 3.182598000000000371e-01 3.398317999999999062e-01
4.002227999999999897e-01 3.708924000000000110e-01 3.834705999999999948e-01 3.637601999999999780e-01 3.913438000000000194e-01
4.282928000000000290e-01 4.149209999999999843e-01 4.137254000000000209e-01 4.262788000000000688e-01 4.272880000000000011e-01
4.545599999999999641e-01 4.400073999999999930e-01 4.360736000000000057e-01 4.556293999999999622e-01 4.469017999999999047e-01
4.704900000000000193e-01 4.515549999999999287e-01 4.456613999999999853e-01 4.622180000000001288e-01 4.686993999999999327e-01
4.805113999999999774e-01 4.657647999999999788e-01 4.553285999999999722e-01 4.592883999999999856e-01 4.678069999999999729e-01
1.070559999999999984e-01 1.225735999999999770e-01 5.604260000000001185e-02 3.645659999999999179e-02 7.939340000000001674e-02
5.092659999999998854e-02 6.872939999999998217e-02 7.110220000000000429e-02 6.027439999999999187e-02 2.973400000000000001e-02
4.196960000000000274e-02 5.310220000000000218e-02 4.503939999999999333e-02 4.299300000000000344e-02 3.398620000000000113e-02
7.945399999999999685e-02 3.714680000000000065e-02 4.088640000000000330e-02 7.828540000000000498e-02 4.763999999999999485e-02
8.426300000000000456e-02 8.957079999999997821e-02 8.884840000000000793e-02 8.766920000000003044e-02 1.010444000000000064e-01
1.208309999999999940e-01 9.781080000000003105e-02 1.035836000000000257e-01 1.095566000000000040e-01 1.164400000000000157e-01
1.343118000000000090e-01 1.266077999999999926e-01 1.369790000000000174e-01 1.324242000000000197e-01 1.372584000000000304e-01
1.540246000000000115e-01 1.377003999999999728e-01 1.431341999999999892e-01 1.489434000000000036e-01 1.627593999999999985e-01
1.885945121951219661e-01 8.599634146341458840e-02 1.402439024390244038e-01 1.402439024390244038e-01 1.389312977099236290e-01
7.757195121951218630e-02 5.881890243902441334e-02 1.253365853658536255e-01 1.402439024390244038e-01 7.999511450381677213e-02
6.573902439024391364e-02 6.847621951219513836e-02 1.099768292682926918e-01 9.210182926829275918e-02 6.742534351145042237e-02
4.164817073170731798e-02 3.837012195121952685e-02 4.313292682926832267e-02 7.300365853658538629e-02 5.018320610687027061e-02
5.259390243902439810e-02 3.396524390243903235e-02 3.627499999999996005e-02 3.898841463414632474e-02 4.007694656488551554e-02
3.657500000000001028e-02 3.148475609756094806e-02 3.141036585365849371e-02 2.478170731707314556e-02 3.185954198473281429e-02
2.422413230739447337e-02 2.773312131626182869e-02 3.174146341463410931e-02 2.334343786295008452e-02 3.068189732497368302e-02
2.244176954032420929e-02 2.089676821568944853e-02 2.692063008284519346e-02 1.830333938250100489e-02 2.406392871069161152e-02
1.803855799373040858e-01 1.740075353218210608e-01 1.182285714285714329e-01 1.042222919937205450e-01 2.150957613814757363e-01
3.167247648902821178e-01 1.681368916797488233e-01 3.053708006279435283e-01 1.379629513343799130e-01 2.606361067503924489e-01
3.128263322884012321e-01 2.746084772370486204e-01 3.036445839874410968e-01 1.745400313971742501e-01 2.960477237048665389e-01
2.550689655172413972e-01 3.129557299843014340e-01 2.815817896389324893e-01 2.637155416012558762e-01 2.905488226059654844e-01
2.513391849529780231e-01 2.917996860282573990e-01 2.910775510204082206e-01 2.657268445839874316e-01 2.741073783359497806e-01
2.453115987460814940e-01 2.586185243328100736e-01 2.548772370486656058e-01 2.442260596546311224e-01 2.329098901098901331e-01
2.127899686520376421e-01 2.137777080062794322e-01 2.136012603722808323e-01 2.122329670329670126e-01 2.108182103610675429e-01
1.696915360501567438e-01 1.845550990506092115e-01 1.833990236973910004e-01 1.793871510802123037e-01 1.738838304552590142e-01
1.382080000000000253e-01 6.092399999999999205e-02 5.669439999999999202e-02 4.507119999999999183e-02 1.420000000000000151e-01
1.345923999999999732e-01 7.191519999999998469e-02 7.194839999999999569e-02 7.495200000000000473e-02 9.845320000000001848e-02
5.116559999999997776e-02 4.036439999999995309e-02 6.363520000000000287e-02 3.403799999999997800e-02 6.229359999999999065e-02
5.119479999999998476e-02 4.606519999999998671e-02 5.995360000000000966e-02 3.890599999999998226e-02 3.935999999999998528e-02
4.239319999999999200e-02 6.977880000000000194e-02 6.374360000000001136e-02 5.121480000000000476e-02 5.144599999999995704e-02
7.026079999999998438e-02 5.358880000000000587e-02 8.172720000000001372e-02 5.186800000000000438e-02 5.612800000000001122e-02
6.568039999999999989e-02 5.686560000000003001e-02 6.852519999999998057e-02 5.670799999999998064e-02 5.937799999999997247e-02
5.617400000000003640e-02 5.421120000000001493e-02 5.196880000000000249e-02 5.093400000000001399e-02 5.106600000000001416e-02
