1.505403157326751784e-01 3.024760967742072815e-01 3.368885779467596930e-01 3.046562637682373453e-01 2.989011273406627645e-01
4.826241753533508927e-01 4.844227043142068645e-01 4.412590085566280851e-01 4.222574795585724017e-01 4.179177642807720972e-01
5.735244536916611624e-01 6.068610418771130943e-01 5.161835460512149698e-01 5.731819871617875872e-01 4.404278215706705635e-01
8.198759727761171234e-01 7.712761038962112625e-01 7.360156496575729346e-01 7.315158071905035753e-01 6.753631898054759386e-01
8.998620209137525583e-01 9.021984983423990689e-01 8.589486811774253994e-01 8.399325035127841454e-01 8.625084338518469451e-01
9.586399871089188451e-01 9.184705919941509311e-01 9.197697270084421728e-01 8.934764479281251948e-01 9.416510656304974969e-01
9.705557065897434388e-01 9.548179739963794654e-01 9.573968191641591963e-01 9.536291066136216577e-01 9.761603127379256950e-01
9.918584746447856038e-01 9.780370625168659515e-01 9.855780545147322380e-01 9.905944297581525948e-01 9.874533919667201065e-01
4.998422098920221046e-01 5.149723617863719571e-01 5.185804651865718595e-01 4.477165427153611543e-01 4.281607351613064272e-01
5.849983132915728135e-01 6.272329528625555373e-01 6.075641946829100082e-01 5.840462872049961840e-01 5.988550722200189913e-01
6.958572445736936896e-01 7.364421217084347049e-01 7.157792818210285679e-01 7.124896071797806041e-01 7.024986665971952871e-01
7.664849233681494400e-01 7.986181892126410498e-01 7.917535912225004413e-01 7.907107002432296472e-01 7.910392179205396612e-01
8.249326356868479371e-01 8.505262774332281728e-01 8.502202286732725156e-01 8.325355304811654644e-01 8.415802023454480585e-01
8.718497144597497917e-01 8.870349082487486436e-01 8.991070707277707408e-01 8.845494220514226180e-01 8.851699037422200433e-01
9.192805607107714660e-01 9.219883992559241292e-01 9.289606442136560949e-01 9.111741642567148247e-01 9.262562430198506558e-01
9.437265569103624463e-01 9.570431460783621613e-01 9.560037150414304463e-01 9.478903112629453176e-01 9.486186014858954962e-01
7.569888857989116593e-01 4.967443622695652539e-01 6.600604565852881134e-01 4.916390593556913546e-01 7.229028118072571285e-01
7.361115928108914463e-01 6.248772902562341747e-01 6.805985121128707016e-01 6.960787206485111733e-01 7.489146915772190161e-01
8.163031411812834426e-01 7.347070739394899741e-01 7.730841597810107491e-01 7.117985308223915286e-01 7.658995128878333114e-01
8.001949940124717386e-01 8.078102149758287220e-01 8.111579644249191645e-01 8.274578490710797762e-01 8.542453474146766146e-01
8.607595088321371435e-01 8.964163790092861683e-01 8.462508089188542915e-01 9.055523816153258077e-01 9.102523473007229082e-01
9.380456659476650305e-01 9.179224589224773689e-01 9.214746530090177634e-01 9.021024186124305677e-01 9.085595841706135545e-01
9.323655302720537108e-01 9.613221698498076728e-01 9.450938840220372006e-01 9.444454825553018074e-01 9.441531100383551145e-01
9.777634570218804999e-01 9.640533503003221316e-01 9.424207713794464647e-01 9.585855015315798422e-01 9.582508368629859552e-01
8.000000000000001554e-01 8.477777777777777413e-01 8.283333333333333659e-01 7.533333333333332993e-01 7.816666666666665098e-01
8.433333333333333792e-01 8.794444444444444731e-01 8.655555555555555225e-01 8.483333333333333837e-01 8.322222222222223076e-01
8.972222222222223653e-01 9.088888888888888573e-01 9.205555555555555713e-01 8.949999999999999067e-01 8.877777777777776658e-01
9.322222222222222854e-01 9.411111111111110095e-01 9.433333333333333570e-01 9.477777777777778301e-01 9.194444444444445086e-01
9.427777777777779367e-01 9.433333333333333570e-01 9.472222222222222987e-01 9.483333333333332504e-01 9.099999999999999201e-01
9.672222222222222054e-01 9.588888888888889017e-01 9.611111111111110272e-01 9.605555555555556069e-01 9.288888888888889861e-01
9.749999999999999778e-01 9.744444444444443354e-01 9.772222222222222143e-01 9.761111111111111516e-01 9.577777777777777279e-01
9.861111111111110494e-01 9.777777777777776347e-01 9.816666666666666874e-01 9.766666666666665719e-01 9.655555555555555003e-01
5.599999999999999423e-01 5.150000000000000133e-01 5.138888888888888395e-01 4.711111111111112026e-01 4.772222222222221033e-01
6.122222222222222232e-01 6.111111111111111605e-01 5.911111111111110317e-01 5.655555555555554781e-01 5.933333333333333792e-01
6.905555555555554781e-01 6.316666666666665986e-01 6.288888888888888307e-01 6.294444444444444731e-01 6.338888888888888351e-01
7.399999999999999911e-01 7.011111111111112404e-01 6.788888888888887641e-01 7.016666666666666607e-01 6.783333333333333437e-01
7.377777777777778656e-01 7.238888888888889150e-01 7.449999999999999956e-01 7.211111111111111471e-01 7.372222222222222232e-01
7.672222222222221388e-01 7.644444444444443709e-01 7.711111111111110805e-01 7.455555555555555269e-01 7.638888888888888395e-01
7.933333333333333348e-01 7.766666666666666163e-01 7.661111111111110761e-01 7.972222222222222765e-01 7.983333333333334503e-01
8.205555555555555935e-01 7.794444444444443842e-01 8.155555555555554781e-01 8.288888888888890083e-01 8.022222222222221699e-01
8.059312416315809191e-01 8.687412396524385461e-01 9.048913043478259421e-01 9.843750000000000000e-01 8.891031607876869192e-01
7.992446762303405672e-01 8.760507454258992244e-01 9.372197309417040767e-01 9.843750000000000000e-01 8.727106227106226077e-01
8.109212628614926865e-01 9.488281926964337032e-01 9.404049681536310601e-01 9.843750000000000000e-01 8.902453449436867894e-01
8.560960262526980946e-01 9.746372090439491265e-01 8.884842967683204140e-01 9.843750000000000000e-01 9.035838150289017268e-01
8.761483955063156248e-01 9.745421230979574023e-01 8.948556641821584501e-01 9.719916407465006847e-01 8.936050143350182662e-01
8.608042421564295887e-01 9.778551181822339178e-01 9.170635662620698625e-01 9.843750000000000000e-01 8.633669784477847609e-01
8.543155825940352832e-01 9.714512034662963202e-01 8.915742626662573889e-01 9.843750000000000000e-01 8.971220506315187304e-01
8.608042421564295887e-01 9.655477388563842300e-01 9.143220215819042318e-01 9.843750000000000000e-01 9.068771751106631251e-01
7.616666666666666030e-01 7.183333333333331572e-01 7.294444444444444509e-01 6.355555555555555403e-01 6.872222222222224008e-01
8.305555555555554914e-01 7.755555555555554426e-01 7.944444444444445086e-01 8.122222222222221788e-01 7.688888888888888440e-01
8.688888888888890438e-01 8.544444444444444509e-01 8.555555555555557357e-01 8.377777777777778434e-01 8.455555555555556158e-01
8.955555555555555491e-01 9.022222222222222587e-01 9.250000000000000444e-01 8.777777777777778789e-01 8.972222222222223653e-01
9.349999999999999423e-01 9.361111111111111160e-01 9.411111111111110095e-01 8.888888888888889506e-01 9.166666666666667407e-01
9.505555555555555980e-01 9.388888888888888840e-01 9.627777777777778434e-01 9.244444444444445130e-01 9.188888888888889772e-01
9.705555555555556158e-01 9.644444444444444375e-01 9.722222222222220989e-01 9.266666666666667496e-01 9.533333333333333659e-01
9.772222222222222143e-01 9.744444444444443354e-01 9.766666666666665719e-01 9.455555555555555935e-01 9.711111111111110361e-01
5.266666666666667274e-01 5.688888888888889994e-01 5.705555555555555935e-01 5.627777777777775992e-01 6.261111111111110628e-01
5.494444444444445130e-01 5.516666666666667496e-01 6.577777777777776835e-01 6.511111111111110850e-01 6.633333333333333304e-01
6.266666666666667052e-01 6.049999999999999822e-01 6.650000000000000355e-01 6.738888888888887596e-01 6.794444444444444065e-01
6.811111111111111116e-01 6.449999999999999067e-01 6.650000000000000355e-01 6.883333333333332416e-01 6.994444444444445352e-01
7.016666666666667718e-01 6.655555555555554559e-01 6.922222222222220722e-01 7.061111111111111338e-01 7.127777777777778434e-01
6.999999999999999556e-01 6.416666666666666075e-01 7.244444444444445574e-01 7.277777777777778567e-01 7.238888888888890261e-01
7.111111111111110272e-01 7.033333333333333659e-01 7.127777777777778434e-01 7.344444444444444553e-01 7.294444444444444509e-01
7.211111111111111471e-01 7.044444444444445397e-01 7.111111111111112493e-01 7.377777777777778656e-01 7.322222222222222188e-01
5.894444444444445486e-01 5.322222222222222632e-01 6.166666666666666963e-01 6.405555555555555447e-01 6.233333333333332948e-01
6.500000000000000222e-01 6.338888888888888351e-01 6.949999999999999512e-01 6.616666666666667362e-01 6.172222222222222276e-01
6.755555555555555758e-01 6.772222222222221699e-01 7.344444444444444553e-01 7.416666666666666963e-01 6.983333333333332504e-01
7.211111111111110361e-01 7.344444444444444553e-01 7.661111111111110761e-01 7.577777777777777724e-01 7.383333333333333970e-01
7.294444444444445619e-01 7.477777777777777635e-01 7.738888888888888484e-01 7.911111111111110983e-01 7.455555555555555269e-01
7.649999999999999023e-01 7.638888888888888395e-01 7.861111111111110938e-01 8.055555555555555802e-01 7.761111111111109739e-01
7.772222222222222587e-01 7.733333333333332060e-01 7.944444444444443976e-01 8.027777777777778123e-01 7.938888888888888662e-01
7.872222222222222676e-01 7.888888888888889728e-01 7.933333333333332238e-01 8.105555555555555847e-01 7.972222222222221655e-01
8.785869288018351153e-02 1.856747842610377286e-01 1.135558431153446124e-01 1.044108858948969709e-01 9.396529521887320505e-03
4.057693360216261397e-02 1.541294725484006756e-01 1.695873111616452711e-01 4.492667077899901301e-02 1.427528469745254214e-01
1.087854778513607651e-01 2.096056503971569229e-01 1.901302396904203384e-01 1.411406458548489229e-01 1.571640457407105784e-01
2.331154114798131560e-01 2.040404192821963503e-01 1.728059142590392672e-01 1.791712435309363305e-01 1.659753239318266238e-01
2.269485928018706300e-01 2.587461039516060768e-01 2.231417863070327690e-01 2.062928682187576135e-01 2.808007522708034776e-01
2.707491525622734985e-01 2.419975330725546436e-01 2.709889080420844754e-01 2.213010968007894930e-01 2.375755817601764852e-01
3.041353915334707447e-01 2.753472116006333570e-01 2.806413164012339645e-01 3.165054755570844147e-01 2.873127158407902115e-01
3.607664655180174984e-01 3.172354862366858486e-01 2.784829859830779131e-01 3.003872857540586527e-01 3.130487498552109171e-01
7.826612186713026720e-01 7.477309407249023154e-01 7.773471332804949840e-01 7.263509236471006325e-01 8.339183837156969314e-01
8.665343900881466999e-01 8.710869310288590350e-01 8.821630310020387444e-01 8.578492194671005766e-01 8.675424116842650468e-01
8.977838161406941353e-01 9.199290813933711508e-01 9.165627382673324774e-01 9.132059531554214127e-01 9.053019025121340491e-01
9.474079293245030176e-01 9.426647195175783533e-01 9.365337321038321727e-01 9.448398658902554814e-01 9.353500827788303607e-01
9.642134534860309358e-01 9.626337575285068837e-01 9.620394728543972818e-01 9.584809026308986901e-01 9.462234290223998645e-01
9.788447673153750639e-01 9.715293728024988473e-01 9.713322863813729224e-01 9.673776291835816110e-01 9.691574524673391977e-01
9.861601120940196585e-01 9.784493409269223729e-01 9.735068758153282431e-01 9.770657830262259314e-01 9.780541294657190132e-01
9.883349359221776931e-01 9.879395526596320698e-01 9.798337840798261311e-01 9.847765307147909875e-01 9.839853310423063437e-01
3.588186539105997497e-01 1.137033179703049318e-01 2.366065095302043453e-01 6.790378664385307017e-01 6.354540040006786406e-01
4.979169220746771929e-01 3.448459331666240413e-01 3.844820336927367022e-01 6.465912589062268179e-01 4.664048419775290166e-01
4.842058813526632366e-01 3.704775707849017885e-01 4.711583856325461950e-01 6.487053690512001314e-01 5.998509580478155190e-01
6.254822207458035077e-01 5.082559306890546136e-01 6.023879616273045690e-01 7.121213914816404422e-01 7.014873582273125630e-01
6.167552345735950459e-01 4.818909880934853507e-01 6.511090810954489605e-01 6.565732958636242289e-01 6.747990080339445473e-01
6.324842988067630456e-01 5.411533223160115424e-01 6.049274878511592402e-01 7.423852443341847351e-01 7.484562060905753933e-01
6.453101043033006023e-01 6.229842945881880478e-01 7.137272483487662189e-01 7.991156749843300044e-01 7.971682054666651140e-01
6.204307215845730195e-01 6.411701584242542884e-01 6.680003360678025137e-01 7.425169981173108669e-01 8.740577801358302423e-01
1.309770742738838034e-01 -4.451998405877475445e-02 1.796616717975347277e-01 7.804758696150593256e-02 1.030152088260961191e-01
1.872651983416189492e-01 4.335798339450034483e-02 1.683439239668403087e-01 2.698532770441799400e-01 1.065250925377897451e-01
1.221122207553746175e-01 1.306543539427169887e-01 2.594799076743971034e-01 3.052881855937822908e-01 1.232211808868881667e-02
2.258668963427029885e-01 2.789636473217573243e-01 2.848424558387160355e-01 1.903160877905763215e-01 2.337854607125995909e-01
3.271038407164101880e-01 3.071142292849410316e-01 2.266242030814691333e-01 2.954679551585746577e-01 3.027094928880643687e-01
1.943449631637210184e-01 2.820482710183326303e-01 3.574978593642294533e-01 3.339729097377506228e-01 3.333146453492769612e-01
3.445650793157207237e-01 4.312897404546343627e-01 2.629125769170949090e-01 2.953369414818253214e-01 2.788810153110355960e-01
4.046634795296538134e-01 5.057699566956351811e-01 2.735032172722654531e-01 3.698868888828108492e-01 3.377442205517101059e-01
6.846785958894630042e-01 8.443342123971492308e-01 8.209276219236093519e-01 7.395782455932070620e-01 7.875043185466209517e-01
8.751159005868507368e-01 9.158685606536209889e-01 8.921969337441518766e-01 8.478472760220403526e-01 8.513010883389323658e-01
9.183269156289648461e-01 9.436522022038467128e-01 9.296515845600215044e-01 9.199853096040511158e-01 9.030905780099700575e-01
9.649929023494973057e-01 9.531000987863613716e-01 9.678830081798203144e-01 9.517715652470215559e-01 9.466559651270085585e-01
9.777727375901097417e-01 9.757727799231844523e-01 9.804410232593612218e-01 9.759949260836503493e-01 9.768836547712747009e-01
9.844412687338559564e-01 9.841076355976227097e-01 9.848860109020032283e-01 9.849968570576164151e-01 9.876638469780962826e-01
9.912203533365548935e-01 9.888862969259557545e-01 9.907758222396720882e-01 9.916649633552916399e-01 9.898866860938614343e-01
9.944432885866716365e-01 9.926651020425862892e-01 9.937764785249132427e-01 9.944432717586559889e-01 9.924429282142357422e-01
2.962053907461563718e-01 5.623491778544909003e-02 1.357539434891371632e-01 5.405208721750738576e-02 3.548852150344229406e-01
4.084094856227585280e-01 1.528284827752826869e-01 2.585575824865984362e-01 1.975710875313463899e-01 2.340717306606748538e-01
4.466750672892018659e-01 1.557052031747060139e-01 3.636837016626435770e-01 1.889805857810503975e-01 3.856652056718268828e-01
4.789485735362098984e-01 3.365008777240155458e-01 3.633744880245878273e-01 2.310803584766054075e-01 4.061044210969197432e-01
4.279321096928866974e-01 3.947844971764787880e-01 3.645303215105826222e-01 3.900233798279900688e-01 2.883858694992021965e-01
4.371841951254898939e-01 3.665369417904827398e-01 4.569115637722928613e-01 3.297701857519932389e-01 4.671584591740998715e-01
4.642826129969373494e-01 4.583975446026856138e-01 5.124104688614439240e-01 3.973157205531446801e-01 4.753114606386981689e-01
5.205949834613122773e-01 4.699698560696011218e-01 4.543400903195008445e-01 3.905978696779213166e-01 5.288399897360159807e-01
4.800372413498051882e-01 3.338685485005114528e-01 2.376045940262269396e-01 1.922969997413323806e-01 6.821394618714472502e-01
6.647063889045488061e-01 3.403476822272441527e-01 4.753770269547728522e-01 6.472414307228951946e-01 6.654321051817455590e-01
7.181006168796683076e-01 5.089846280837082571e-01 6.098937482345739847e-01 7.136466297892454236e-01 7.404239597803329298e-01
7.305135379927414352e-01 6.427713852612029211e-01 7.231780945813793826e-01 7.466153503725090346e-01 7.829832500280053953e-01
7.999231501838601766e-01 7.938161551462543652e-01 7.894617174787228464e-01 7.875841477214862163e-01 8.221342680976075901e-01
8.016057294013506640e-01 8.310554083621418675e-01 7.784555627453088045e-01 8.413634137307937078e-01 8.307261823481214558e-01
8.494768043250358058e-01 8.596246588707698866e-01 8.219689604952467032e-01 8.730804481393033001e-01 8.689630820956988355e-01
8.774681784914191152e-01 8.875132190082176686e-01 8.544063334341268634e-01 8.971988294426456179e-01 8.889202343213199464e-01
2.651788508379232523e-01 1.630021452773966761e-01 4.409204554359204553e-01 2.095664621602301436e-01 3.059268772574282313e-01
2.836149880272029189e-01 4.383791234916245005e-01 5.305963228422813094e-01 4.733761379309141537e-01 4.890323565660997795e-01
5.285523944765724291e-01 6.214550678735116795e-01 5.972020050417150561e-01 5.860928097861801689e-01 5.472583803881823084e-01
6.728312730194231372e-01 6.830730345283925198e-01 7.007062456830477348e-01 6.699700595024828953e-01 6.939058996408553615e-01
7.221366146434818889e-01 7.167776603217108633e-01 7.625823596203520349e-01 7.977708201778541675e-01 7.632436882986342042e-01
7.675649333535485841e-01 8.334488225675320550e-01 8.070968611649466107e-01 8.175110400482458184e-01 8.431034700977090290e-01
8.375368402172391757e-01 8.598559026977641295e-01 8.541133173426015412e-01 8.544546070806522398e-01 8.756522039260788981e-01
8.584145283511418478e-01 8.652398954235733797e-01 8.644875343629868647e-01 8.665396048662874495e-01 8.998831982390609330e-01
8.616649510812098012e-02 4.579718245928916798e-02 -2.410390267092823308e-02 0.000000000000000000e+00 3.474400861763134174e-02
9.817842234521638456e-02 6.208274596532252498e-02 3.043803930985839942e-02 1.133466016565441298e-01 -5.401233028237805833e-04
3.534155954647420078e-02 1.635925452143081327e-01 -2.387589301677421963e-02 1.924022989495218494e-01 2.353532604857963284e-01
2.877258046222213039e-01 2.925844745276943715e-01 2.294570606887637310e-01 3.825604290425547171e-01 2.976191743552598079e-01
4.470742512428855231e-01 4.750315961712857638e-01 3.248588497800581343e-01 4.750415686655844461e-01 3.785145304239749819e-01
6.147637922567609214e-01 5.104638878313403350e-01 6.054253164677181331e-01 7.251272020164295506e-01 5.451445447413248990e-01
7.664422051531291080e-01 6.464166112115954377e-01 7.574457148892821401e-01 7.985186222925554356e-01 7.461871795556243026e-01
9.315356131192015221e-01 8.365639644012974330e-01 8.767983386451388972e-01 9.412018034752452911e-01 9.293987471002804757e-01
3.807956644936850710e-01 3.396266076543077439e-01 3.849213737369674426e-01 3.427067491061345783e-01 3.482511451013278747e-01
4.204151941567225714e-01 4.821706482059134879e-01 4.098398341770847497e-01 5.823040270487755965e-01 4.080509455295603383e-01
5.586324922753970190e-01 5.054541365498949057e-01 5.678783954316108940e-01 6.354856203704739581e-01 4.817218570797603405e-01
6.250848382824254479e-01 5.357488399341050478e-01 5.933286295754930384e-01 6.815123194829002529e-01 5.586289617544666353e-01
6.988113625169852794e-01 6.038264832542801219e-01 6.922740748528898314e-01 7.366167968033998648e-01 6.413307014705547093e-01
7.176861809639614176e-01 6.417850262803975747e-01 7.112319652679890414e-01 7.382072667663688303e-01 6.747157164143855468e-01
7.662620230852306147e-01 6.843424563108261305e-01 7.141282793563139553e-01 7.491785938659955013e-01 7.302632726501172566e-01
8.038094714483176029e-01 7.001313297387781187e-01 7.789235134876709710e-01 7.996395155453012160e-01 7.995897313873714385e-01
1.830918318814093726e-01 3.126669371206411974e-01 1.859142941119881209e-01 2.242447807246152891e-01 -2.269650097612851969e-02
2.491683278752281905e-01 2.474552971633109111e-01 2.385403250305155876e-01 1.529757948246903143e-01 3.139386098685377768e-01
4.408755383574337050e-01 4.024105946641537424e-01 4.096608864601964939e-01 2.121130255531186726e-01 3.287174647175160613e-01
4.869084556320683599e-01 4.267856737174663406e-01 4.453764211985745125e-01 4.221141780610181971e-01 4.658981654164703334e-01
5.175883283832277693e-01 4.846451689653344941e-01 5.166514770132527579e-01 4.600830661321128612e-01 5.015670763224615580e-01
5.267770738556696308e-01 5.477684416158170588e-01 5.665186686719566600e-01 5.209160824613545682e-01 5.352210126769216814e-01
5.669691153740605838e-01 5.723202723645449685e-01 5.745107963657378747e-01 5.535775294051550333e-01 5.678983594314288563e-01
6.083801769776113755e-01 6.027495517772573086e-01 6.124883240579607202e-01 5.978741383343393334e-01 5.946377440211909615e-01
6.317227322323437644e-01 7.728303072928616180e-01 7.564168303265017546e-01 7.138337463629248481e-01 7.321803038773124772e-01
7.520033601476349139e-01 7.782869257159588106e-01 7.607844370010699020e-01 7.543838184721445295e-01 7.808401523700944091e-01
8.018844790677697176e-01 8.091273282214992424e-01 7.994077535623889119e-01 8.069555302043400768e-01 7.971032875368864179e-01
8.317178132545018920e-01 8.192296851818230419e-01 8.081193734411232787e-01 8.008616034557315411e-01 8.095260101330762348e-01
8.367457941430000989e-01 8.428285158177377667e-01 8.212703160211031195e-01 8.350432979738711126e-01 8.287473368697633180e-01
8.582545825789006377e-01 8.610337785553372481e-01 8.458977044188100702e-01 8.578046681026144649e-01 8.613866308596932475e-01
8.719954529011024746e-01 8.791718359746036882e-01 8.697173979818266787e-01 8.788338103367110410e-01 8.790762388563422292e-01
8.886106338986454745e-01 8.916534649661034262e-01 8.856894256874717763e-01 9.012012243371885223e-01 8.962455024323375818e-01
1.523033007163766550e-01 2.587008852526119229e-01 2.720879160509739325e-01 3.472951135417478019e-01 3.929919002479890233e-01
3.519160681035465310e-01 2.846842775973518758e-01 3.114909331853524810e-01 3.426788250716452100e-01 3.567958881292023210e-01
4.354412105038630298e-01 3.218614065205949171e-01 3.220179837365229059e-01 3.652489902816529743e-01 4.605086101948719923e-01
4.138163635861825673e-01 3.555864195380977755e-01 2.310639764132703944e-01 4.085881028878753929e-01 4.480290608583807344e-01
4.558022829222550532e-01 4.327349072826250920e-01 3.509308186691740272e-01 4.812895694238195077e-01 4.619041871153966028e-01
4.988406740576042386e-01 4.574903021415200888e-01 4.307143932393834307e-01 5.067098278996832184e-01 5.339679541494909421e-01
5.405390095104574133e-01 4.977902032422497069e-01 4.575689569038181581e-01 5.139833580948985903e-01 5.378008821033306575e-01
6.061886653722832197e-01 6.123654611449296237e-01 4.998134481817638752e-01 5.161071225059844503e-01 6.042456111767775528e-01
0.000000000000000000e+00 0.000000000000000000e+00 0.000000000000000000e+00 6.471086528518717185e-02 3.963842247390124141e-01
2.321191562970653099e-01 3.738566407651666788e-03 2.099551712577093221e-01 3.734307150602902275e-02 3.255694767643159127e-01
5.519779208831665333e-03 1.145773662870815945e-01 3.718427164614480640e-01 6.029948705012500021e-02 2.843280494211770093e-01
3.034615590391098738e-02 3.975079796898041140e-01 4.100148382671133795e-01 1.484326303116521584e-01 4.607476429479085978e-01
4.395909776551702453e-01 6.378457322524410111e-01 5.291926038304372026e-01 5.073926831482226119e-01 4.468730426360080221e-01
5.554266056319723255e-01 6.769059994866246655e-01 5.446975892603507230e-01 5.112536325885422839e-01 5.558412098400357104e-01
6.219751614531874306e-01 6.942926081742200051e-01 6.026801584528348465e-01 6.500871842486407592e-01 6.853400547472117132e-01
7.558229907950652082e-01 8.045020091439214482e-01 7.936298847109390930e-01 7.591454311734475713e-01 7.184269829907546923e-01
3.844444444444444775e-01 4.488888888888888928e-01 3.222222222222222432e-01 3.833333333333333592e-01 2.922222222222222721e-01
4.799999999999999822e-01 4.622222222222222565e-01 4.477777777777777746e-01 4.244444444444444575e-01 4.144444444444443931e-01
5.655555555555554781e-01 5.577777777777777057e-01 5.077777777777777724e-01 5.111111111111110716e-01 5.222222222222221433e-01
6.733333333333333393e-01 6.677777777777778034e-01 6.688888888888888662e-01 6.411111111111110761e-01 6.544444444444443842e-01
8.000000000000000444e-01 7.622222222222221344e-01 7.444444444444444642e-01 7.699999999999999067e-01 7.899999999999999245e-01
8.911111111111111871e-01 8.455555555555553937e-01 8.344444444444445441e-01 8.522222222222222143e-01 8.488888888888889150e-01
9.377777777777775992e-01 9.022222222222222587e-01 9.255555555555554648e-01 9.277777777777778123e-01 9.344444444444445219e-01
9.577777777777777279e-01 9.533333333333333659e-01 9.577777777777777279e-01 9.644444444444444375e-01 9.533333333333333659e-01
6.839999999999999414e-01 6.612000000000000099e-01 6.914008003861197293e-01 6.983460066836809643e-01 6.525745670864306902e-01
7.875999999999999668e-01 7.830666666666667997e-01 8.057410554600494823e-01 8.054770823313696093e-01 7.699848337243975216e-01
8.578666666666666663e-01 8.268000000000000904e-01 8.625779389200770586e-01 8.733858875980929914e-01 8.467016697764384592e-01
9.078666666666667107e-01 9.045333333333334114e-01 9.114099696154397412e-01 9.160794979852033837e-01 9.007368155430880430e-01
9.305333333333333234e-01 9.307999999999999607e-01 9.282207417094099355e-01 9.340909408467148456e-01 9.271535286751181326e-01
9.263999999999998902e-01 9.334666666666666668e-01 9.262198639670963241e-01 9.364925633214313816e-01 9.158128434168549825e-01
9.469333333333332936e-01 9.569333333333333025e-01 9.530365819678822126e-01 9.559717624899585209e-01 9.482334524544603349e-01
9.598666666666666458e-01 9.705333333333333590e-01 9.639769587066840950e-01 9.683797113638513698e-01 9.587735662311471785e-01
9.204141711335973586e-01 8.812547560633923194e-01 9.566835806630523686e-01 9.367857504104062372e-01 9.498155849420852892e-01
9.827717670565243591e-01 8.905501997246180190e-01 9.514162002844219757e-01 9.519044464813284367e-01 9.584483972824273668e-01
9.879529779211424501e-01 9.210558891540202575e-01 9.601566461559721821e-01 9.827075026740942354e-01 9.861721163652124034e-01
9.879663694245592875e-01 9.722217195185699490e-01 9.791881342130303034e-01 9.827018121911038628e-01 9.879047709115933440e-01
9.931152973162451492e-01 9.809156476975265937e-01 9.809327203329798461e-01 9.861617997423988147e-01 9.878997862469592883e-01
9.913955499909041791e-01 9.756861431357501946e-01 9.757403756642227810e-01 9.826936022526314707e-01 9.896217941928234785e-01
9.948352264045230431e-01 9.913293774930123092e-01 9.774554838709678117e-01 9.913548101086657738e-01 9.982701812191103752e-01
9.982792852415618423e-01 1.000000000000000000e+00 9.809115041876627084e-01 9.861378733041472611e-01 1.000000000000000000e+00
3.798342822626419452e-02 4.525559231318850018e-02 1.102913960831539662e-02 7.401856486297855864e-02 4.604242238712117491e-02
3.693037350293766619e-02 6.189661417215557015e-02 6.503412153483889568e-02 1.356833018260110435e-01 4.100265637379592321e-02
9.011766993584383045e-02 7.176309980925558996e-02 1.715199335804922301e-02 1.090230928759626100e-01 3.938969844635598072e-02
8.096795644037660389e-02 6.988015743132058866e-02 3.921376389124906631e-02 7.729376383785790949e-02 2.232740433333937208e-02
5.608665725014456982e-02 9.497595852034441954e-02 9.292540633764122954e-03 8.865031605845379026e-02 2.376559714355081995e-02
4.618615833493959488e-02 1.003670709320254872e-01 5.329294701192233141e-02 8.171348825076621414e-02 2.995200794180428311e-02
7.138268647974280179e-02 4.391031420245185973e-02 2.103062645894113875e-02 1.312230877274501994e-01 1.039826208965990463e-02
5.103880845863366378e-02 4.120526508127040494e-02 5.922348411646564947e-02 6.632397070001321004e-02 4.603430452466681505e-02
5.431220907960068178e-01 5.710992361489228841e-01 5.640739696927581370e-01 6.422667766126278766e-01 5.834220562252323550e-01
6.761082030852466618e-01 6.652395805067563561e-01 6.842027541015230918e-01 6.933943587752480209e-01 6.796499063812286856e-01
7.916513082449659899e-01 7.623873649642690653e-01 7.995948453967154368e-01 7.895349235491202489e-01 7.654315332346464107e-01
8.433848045082639189e-01 8.381273051729604129e-01 8.590581483076169533e-01 8.560287240696213829e-01 8.344877778960144710e-01
8.893902034700026382e-01 8.849460231498704754e-01 8.808447502521534744e-01 8.887414365454077148e-01 8.807443842094697661e-01
9.111878833280885326e-01 9.085256340603994341e-01 9.063053325925812809e-01 9.043116748388706494e-01 9.031939594277668126e-01
9.250825493650779441e-01 9.203014253204720996e-01 9.344251109476452433e-01 9.348672495044543229e-01 9.310906971164258916e-01
9.436485092382650430e-01 9.508734837480371516e-01 9.493156765119834528e-01 9.555410474593157844e-01 9.494299029625252739e-01
6.086318105640435572e-02 3.955229825478996375e-01 5.859443987750036914e-02 0.000000000000000000e+00 0.000000000000000000e+00
1.291442274597499051e-01 3.602214510203544107e-01 8.043371008339569861e-02 0.000000000000000000e+00 2.827806351598978127e-02
2.701312740665922155e-02 4.465521712701865376e-01 1.511860554832447634e-01 3.263637330952013360e-01 1.834895885318832964e-01
2.859782012511756788e-01 3.747389813647696855e-01 2.775152236410581841e-01 3.610316444416031834e-01 3.025083131089681410e-01
3.945716943795957721e-01 4.079224356160077170e-01 3.080567379434342445e-01 3.951394422435089981e-01 4.414760697816860757e-01
4.929762003676749771e-01 4.894416379367528824e-01 4.619348189667499827e-01 5.293634539741811640e-01 5.079211869454782757e-01
6.047818470333076180e-01 4.600551954129953325e-01 4.008971365507830731e-01 6.752375633999877502e-01 5.693774042713294348e-01
5.716611737522402370e-01 6.202984978442207531e-01 5.486897199458342644e-01 6.081858956691312823e-01 5.178904299471097650e-01
0.000000000000000000e+00 -3.884389229556339806e-02 -2.384920826609102790e-02 0.000000000000000000e+00 -8.070155886655894228e-02
3.693462341718393993e-02 4.071655560679276857e-03 6.149211663977631470e-02 0.000000000000000000e+00 -6.605077107594059310e-04
6.581687924276750923e-02 6.765973694148774698e-02 1.788243659848395839e-01 1.158176091142073816e-01 1.492655104577056691e-01
-2.069498596929850859e-02 1.071633513796775572e-01 2.113491988503975461e-01 1.628272988081732875e-01 2.468808224180064070e-01
6.258174913189680499e-02 1.773457590657995520e-01 2.869902333293368746e-01 1.016710886434518957e-01 3.001468689303080639e-01
2.132567988271726056e-01 1.964889837404082407e-01 2.036643719921555906e-01 5.620382804907517876e-02 3.941503843713654587e-01
2.605840235323841902e-01 1.935546154739662961e-01 2.905180437361855050e-01 1.100119217217848944e-01 3.322489916447243230e-01
2.926186903651490923e-01 1.643547363014697393e-01 2.408403535345183255e-01 2.264457412906906997e-01 2.718970956477206324e-01
2.898435883680632388e-02 7.157785727506267570e-02 -4.158511263032042826e-02 1.321147418567232834e-01 -1.284732281536906696e-02
1.900562379035041494e-01 2.214170971985162661e-01 2.839629441936406679e-02 3.009555488113990762e-02 -3.627880984076745779e-02
1.465125121754710380e-01 1.081213830415588689e-01 2.112822882083537357e-01 6.726400980408087094e-02 1.303192436575896229e-01
1.701829397556146317e-01 1.115453239412625142e-01 1.448476944244179998e-01 1.364240020491510053e-01 1.190651422617985677e-01
2.053980596661229563e-01 1.520457916718420122e-01 1.686481287400009854e-01 2.211939128925850540e-01 1.852266833477874131e-01
1.641457589815814577e-01 2.072658669698794753e-01 1.611127389437710389e-01 2.109571508626724712e-01 1.553973094071511851e-01
1.607271044192207510e-01 1.872252197650116634e-01 1.791046893633820580e-01 2.149830085875508168e-01 1.795611671669951614e-01
1.819694593231385715e-01 2.004247494074235247e-01 1.852329091826638297e-01 2.083070625775652052e-01 2.130235726253117134e-01
-1.855757064529717226e-02 3.026680735891338903e-01 -4.047281927752752889e-02 2.142753373296843178e-01 -1.623564257465792693e-01
2.979272377064496879e-01 8.801580234059891428e-02 3.241053350820339296e-01 2.903807753092192967e-01 -1.571670936280669950e-01
2.353111147313275975e-01 2.177499959644890737e-01 2.839447995603763819e-01 2.631627510956098814e-01 -5.254358845984507913e-03
3.909288495078639403e-01 4.828719746844257754e-01 3.846111077422251223e-01 3.661504383459113221e-01 4.001942493449549554e-01
3.738335493707437562e-01 4.209371625158750407e-01 5.292807320830414941e-01 5.044542949881539728e-01 3.355539796683100207e-01
3.071634180042756568e-01 3.736970630863799547e-01 3.222882410705361633e-01 4.813817589194492319e-01 3.999109098313066712e-01
3.214786692192588835e-01 5.403457826421007582e-01 4.602044519182915683e-01 4.729076460245772440e-01 3.602316759278226810e-01
3.974073326933943440e-01 5.097501971571796187e-01 4.994940813005654401e-01 3.896270883032567633e-01 4.549370511108694615e-01
9.054236849419432243e-02 1.945654202097782393e-01 0.000000000000000000e+00 3.180369207550595712e-01 2.846147503620933272e-01
-3.670990419980557640e-02 2.004371735750991590e-01 2.163665834912285868e-01 2.504377470315409804e-01 2.230985844838570265e-01
1.683687071091103937e-01 2.009909492242711870e-01 1.130920120567162207e-01 3.422502366805400542e-01 2.269420350885753557e-01
2.234362702291217140e-01 9.663657274100512229e-02 2.427447439479712976e-01 3.741393914208015481e-01 2.135520987731188147e-01
3.191746740417631956e-01 1.547651336625522900e-01 3.254823659133531111e-01 3.269660344341066005e-01 2.623570682279043886e-01
2.533627979778120265e-01 1.790417323038316633e-01 3.324383439346293434e-01 1.215323081536852090e-01 2.672344223957259235e-01
3.380833445587829722e-01 1.467985601307045807e-01 3.298285795361688422e-01 1.233297803096063960e-01 2.683217872953337357e-01
3.462853132514568943e-01 2.241845107757661215e-01 2.997855431999184028e-01 3.193042686471201930e-01 2.709907214629981853e-01
9.219865866563796419e-02 0.000000000000000000e+00 1.736972704714639937e-01 1.723696669339938592e-01 1.099700258044685325e-01
1.220959830042862154e-01 0.000000000000000000e+00 -3.085563291186193061e-02 2.225912886789730705e-01 6.874567221783642323e-02
5.508489368843474260e-02 -9.869190566749175275e-03 -6.238922367954624626e-02 1.698491535702628631e-03 5.695918558914046109e-02
6.439505645347771978e-02 4.608678852923768499e-02 2.154939306543392913e-02 1.136083380524786496e-01 -2.691064440267680949e-02
1.424969157285199128e-01 1.054148242078154774e-01 3.769892342021251563e-01 6.559962994996888785e-02 5.274264219466928867e-03
2.523408335512528078e-01 3.947427210749845372e-01 3.232051987606773258e-01 1.480521278971072552e-01 -1.272920292002490718e-02
2.555662939045518778e-01 3.733745322834952640e-01 3.598683341797477842e-01 2.533839464358552118e-01 -8.556759840273819862e-03
1.120650807879934180e-01 1.036708709332407191e-01 3.559618890183720019e-01 2.757906967191923187e-01 1.007686134124988475e-01
2.822751393543139753e-01 1.435457787034394861e-01 4.224152079390696701e-01 2.234512534173810627e-01 2.736223779706530301e-01
4.197661716343579208e-01 4.075345199656072448e-01 3.656682790832181396e-01 3.917171952089654186e-01 3.341774452985641353e-01
3.597139022432725430e-01 3.279820515586296947e-01 4.556467605689847877e-01 4.232186604224461024e-01 2.983877622237772753e-01
4.796747868951317662e-01 3.844182965208816083e-01 4.329106967080356694e-01 4.341533592252747598e-01 3.760457352939298725e-01
4.645098353580778827e-01 5.005108683430024019e-01 4.098399677809106412e-01 4.655670169508622780e-01 4.366770884363118665e-01
4.775050714748928504e-01 4.925249098673347703e-01 4.326463929555071641e-01 4.598639407695433445e-01 4.656715428418881642e-01
5.071516417952366407e-01 4.878167410637235801e-01 4.942212810282732294e-01 5.018586601451184848e-01 4.822714691570137435e-01
4.970131326764393731e-01 5.157841396232484277e-01 5.010469251057577678e-01 5.103021189337112462e-01 5.052904007794574159e-01
1.540536639106714900e-01 1.649474784443072661e-01 -6.207086864716417768e-02 1.592601940912002079e-01 2.170644873772165639e-01
1.811776660732826172e-01 1.675566206583224693e-01 3.542423124958695574e-02 1.268684591720310728e-01 1.906952970227557553e-01
2.180980696655858142e-01 2.827087311256438196e-01 1.901181319476883402e-01 2.712725637677353974e-01 2.005134232478388567e-01
2.786905859129751861e-01 3.587369444530088547e-01 3.320385624330067231e-01 3.209771182912960485e-01 3.495962166390893522e-01
3.551453633254238462e-01 4.094653806953673647e-01 3.525588304922135374e-01 3.419502642739428167e-01 3.150323454083341912e-01
4.681798939902787060e-01 3.956279167725976764e-01 4.491250829053202165e-01 4.216151379836908797e-01 4.240601988851049886e-01
5.255650940425412587e-01 4.451982416721873004e-01 4.973052885119958466e-01 4.623410276755979820e-01 4.650317260825155286e-01
5.142666340221657695e-01 5.368466237085220971e-01 5.515856789404069982e-01 5.108133045274432238e-01 5.378597541420802042e-01
5.097811308127099261e-01 7.496748974462565940e-01 8.235605949649984492e-01 3.210340318175045615e-01 7.192813245943330269e-01
8.879656588482010005e-01 7.945448647194039982e-01 7.660636465569219400e-01 7.764971359033939757e-01 7.668694719278770222e-01
9.887462981243830829e-01 8.449615499272233876e-01 8.252640632248902097e-01 8.465307835592830177e-01 7.980433838313762962e-01
9.962487660414609536e-01 9.062529178591807177e-01 8.408332222410608292e-01 8.423581903167560725e-01 8.131721774318994012e-01
9.292732623599219144e-01 9.245925697839453283e-01 9.237683185627870719e-01 9.395692261656559685e-01 8.551252967380051917e-01
9.515753301831522126e-01 9.479280883929611656e-01 9.164222762574001369e-01 9.735917617335554386e-01 8.366815751484351082e-01
9.551916148051097233e-01 9.223816407718576915e-01 9.347896816174762202e-01 9.737409967241894559e-01 8.152615984121732717e-01
9.775269999666955645e-01 9.663765092448673988e-01 9.425981873111781706e-01 9.698410843247066149e-01 8.956266784701787387e-01
2.882772066612259709e-01 9.184479124418057361e-02 2.963190276232725573e-01 3.277763781126177833e-01 -1.139866468788470685e-02
4.637488699251938185e-01 1.823185176401076746e-01 3.143785153332691595e-01 3.446392549198075139e-01 4.409114710424821945e-04
5.144305565997804308e-01 3.671809227044044444e-01 3.521716939508870992e-01 3.234103087895224826e-01 1.789188485654982785e-01
5.037880140667592155e-01 4.363304539186778075e-01 5.012327435499283057e-01 3.840712972523155910e-01 5.292893670407741169e-01
6.348334316490402696e-01 4.744855625142502253e-01 5.443814383953669012e-01 5.383993210958765152e-01 5.993422540639710139e-01
6.741581049498852618e-01 5.672736592318907700e-01 6.097973500764759525e-01 6.068250138821208450e-01 5.843128877557446366e-01
6.999893299842533390e-01 6.749404942838692634e-01 6.274851679725950149e-01 6.454479047147587689e-01 6.404786493753235055e-01
7.627301285875096593e-01 7.461821401061496939e-01 7.064489855599488388e-01 7.296756423923757007e-01 7.544606296422315950e-01
4.122859627532096671e-01 5.264629896796575448e-01 5.929835639679394838e-02 -1.878134845815877460e-02 4.431514077874836310e-01
4.050645590760302284e-01 6.282967855287819869e-01 3.859771926810457443e-01 3.320282593943549299e-01 3.864809826990566743e-01
5.415914799557965953e-01 6.710215997271677946e-01 3.375903593653791779e-01 4.998110315294483352e-01 6.285193173345314799e-01
5.712075857239580223e-01 5.507669942107833450e-01 4.840509424073564659e-01 4.990930638520246210e-01 6.905464698025032266e-01
6.138846532418511526e-01 6.964744369912004851e-01 5.768871067630895189e-01 5.800246827688610995e-01 6.496339814521978617e-01
6.523826197839082131e-01 7.276961494239959638e-01 7.004955190699648782e-01 6.583739207207192079e-01 6.614279561442077959e-01
6.801291345440623193e-01 7.691628504350891404e-01 6.444261855040001041e-01 6.888499344979479577e-01 6.981289021893796187e-01
6.992748489879684337e-01 7.652379341660658918e-01 6.807964087311263457e-01 7.708211906833921656e-01 7.358512214829091569e-01
2.422029289390165707e-01 3.166696530979764002e-01 1.250742402231817263e-01 1.022660043286929277e-01 2.867294181388223007e-01
3.487264162949069712e-01 3.713650167339851427e-01 3.137014651293675849e-01 3.744363784402967577e-01 4.154738201967859146e-01
4.868368718484438196e-01 5.088112524112118340e-01 4.704521646994674344e-01 4.930852728699767762e-01 4.720871973560641921e-01
3.785890431627033648e-01 4.028800872785651133e-01 3.854417300600020413e-01 4.026387498440685553e-01 4.325210711257330698e-01
6.817127009733776610e-01 6.856848653302820562e-01 6.873137160660205414e-01 7.151412905118708085e-01 7.004089416978497296e-01
7.857988906112471916e-01 7.690630465479530997e-01 7.900877876572887093e-01 7.915618339756262944e-01 7.844305969772868981e-01
8.686632662587510101e-01 8.628922759616559635e-01 8.586352827861152281e-01 8.755109457291154751e-01 8.354420278944152400e-01
9.174049453344161886e-01 9.037802670054351228e-01 9.008726463398579742e-01 8.938388356353647035e-01 8.849683584034547801e-01
6.426020797360203485e-01 6.648809671034219271e-01 5.742840637728937603e-01 5.973765392978772626e-01 6.079824209614466124e-01
6.982748276928054665e-01 7.247379294720934784e-01 6.586383798868726824e-01 6.665956402597433827e-01 6.750470663036869379e-01
7.965645872671569538e-01 7.770329061079296329e-01 7.582582659777683531e-01 7.484064790261569788e-01 8.161948554016396074e-01
8.613610087598537746e-01 8.146494880592261012e-01 7.965657280321422062e-01 8.273850061082328455e-01 8.546370959588143190e-01
8.836565053041776086e-01 8.523056330330455177e-01 8.376737397153874998e-01 8.483554482984063672e-01 8.846875085201595379e-01
9.275492414078551073e-01 9.003658821536955070e-01 8.920086263081327127e-01 8.881893243773593127e-01 9.189331401085242268e-01
9.268501027797519942e-01 9.219677407321139606e-01 8.829516604462753770e-01 9.140486184728580099e-01 9.119510783433308898e-01
9.400867010995970219e-01 9.393857972732782002e-01 9.324257683715304612e-01 9.280245747931360478e-01 9.412992420968698815e-01
1.715035902829739056e-01 2.040348886968439968e-01 -7.691291342273331999e-02 2.713871394468800879e-01 1.093921727623821116e-01
1.870869622339081662e-01 2.454812082455727629e-01 -6.081402800169733065e-03 1.098045773314044321e-01 2.390537401311144949e-01
1.839787213798857457e-01 2.634966205348434065e-01 5.361859039836580632e-02 3.507385881211972922e-01 2.122200531689484859e-01
8.594893579073632772e-02 1.662013125918778422e-01 1.612515750181531815e-01 2.318028662022755260e-01 5.350569333192616017e-02
9.968100850540777269e-02 1.145854399344378854e-01 1.537337363537385204e-01 1.848928377589134642e-01 1.108917110037580950e-01
1.873669350415467783e-01 1.188823912599437094e-01 6.219897303247960696e-02 2.091700989711075265e-01 9.269304408761454284e-02
2.127498773242567920e-01 8.992639362816942650e-02 1.462843908446492258e-01 1.924924716049392914e-01 1.195247113950785589e-01
2.742951695799875078e-01 1.841384896662202897e-01 2.224834039910098815e-01 1.448223674736522637e-01 2.331373360515585913e-01
5.769230769230768857e-02 -9.230769230769198669e-03 3.076923076923066078e-03 -1.692307692307686365e-02 -1.692307692307690875e-02
-1.307692307692307453e-02 9.230769230769219486e-03 3.076923076923077094e-02 -2.615384615384614905e-02 -3.615384615384611283e-02
-6.769230769230763500e-02 9.999999999999986330e-03 8.923076923076919686e-02 8.615384615384613642e-02 -3.076923076923066078e-03
5.384615384615383527e-02 2.076923076923076206e-02 1.076923076923076844e-01 7.538461538461538325e-02 5.923076923076921879e-02
1.300000000000000044e-01 5.999999999999998390e-02 1.076923076923076705e-01 9.769230769230767553e-02 1.276923076923076883e-01
6.307692307692305822e-02 1.046153846153845962e-01 7.923076923076921574e-02 7.538461538461538325e-02 1.276923076923077160e-01
3.846153846153843592e-02 1.023076923076923217e-01 1.700000000000000122e-01 1.069230769230769401e-01 1.284615384615384603e-01
1.099999999999999867e-01 1.699999999999999845e-01 1.930769230769230627e-01 1.746153846153846168e-01 1.153846153846153771e-01
5.102839277943033158e-01 5.107680473929127052e-01 5.168224898473544604e-01 5.658176101357685894e-01 4.869106596018294431e-01
4.878615835248362731e-01 5.910033857645264899e-01 5.338404280365424137e-01 3.881128763589968278e-01 6.384322599226297523e-01
6.817812724231494537e-01 7.887676029661635502e-01 7.350716845512637043e-01 7.268541593822032132e-01 6.959781434948554280e-01
7.429678516946891520e-01 8.256729135802156616e-01 7.965873191637123929e-01 7.854976720647355304e-01 7.656934315580514738e-01
8.070387237436253969e-01 8.313560440157466980e-01 8.403339357391367281e-01 8.386363477836983327e-01 7.987782980178335102e-01
8.419167666733582411e-01 8.582810230645337990e-01 8.485759097661954575e-01 8.732986460411419349e-01 8.156113362585074578e-01
8.680419939734699275e-01 8.751439303778880685e-01 8.507157554773441266e-01 8.826106292148360177e-01 8.332151336181755630e-01
8.903044545206053595e-01 8.867749566426210706e-01 8.818419900608459594e-01 8.769244369299924458e-01 8.653553186783742301e-01
3.802383670306545005e-01 0.000000000000000000e+00 0.000000000000000000e+00 0.000000000000000000e+00 1.995348694726668815e-01
4.459898889663058696e-01 2.597277519909438892e-01 0.000000000000000000e+00 -5.984804208065419746e-03 7.515483277742525392e-02
4.274721352529007312e-01 3.765326005806887144e-01 3.345198532782456269e-02 2.337707713429200140e-01 1.645465997517469303e-01
4.153669363683589744e-01 3.008498096097739216e-01 0.000000000000000000e+00 3.174621058718429256e-01 2.815973648642407512e-01
5.571476501711941642e-01 4.311542886987831946e-01 3.024143993044652312e-01 2.658750263770875977e-01 3.506257676629253028e-01
4.455905623601567056e-01 3.608750844773008781e-01 3.349810645886670546e-01 3.021601584111620609e-01 3.338057134425567729e-01
5.240238402607660939e-01 4.670515012695509727e-01 4.196400225211111001e-01 2.925123353789209069e-01 3.685597995862697762e-01
5.220674559208091647e-01 4.299113501478505350e-01 4.650030110323413735e-01 2.661993372445658479e-01 4.027113046962219056e-01
6.520833333333333481e-01 5.572916666666667407e-01 5.947916666666666075e-01 6.177083333333334147e-01 6.447916666666666519e-01
6.458333333333332593e-01 7.104166666666665853e-01 7.343749999999997780e-01 6.250000000000000000e-01 7.145833333333332371e-01
7.468749999999999556e-01 7.666666666666666075e-01 7.604166666666666297e-01 6.781249999999998668e-01 8.218750000000000222e-01
7.812500000000000000e-01 8.281250000000000000e-01 8.135416666666668295e-01 7.031250000000000000e-01 8.249999999999999556e-01
8.562499999999999556e-01 8.895833333333333925e-01 8.708333333333333481e-01 8.499999999999999778e-01 8.947916666666667629e-01
8.906250000000000000e-01 9.177083333333333481e-01 8.854166666666667407e-01 8.645833333333332593e-01 9.052083333333333925e-01
9.000000000000000222e-01 9.406250000000000444e-01 9.041666666666667851e-01 9.020833333333333481e-01 9.250000000000000444e-01
9.395833333333334370e-01 9.552083333333332149e-01 9.468750000000000222e-01 9.354166666666665630e-01 9.385416666666666075e-01
1.132924219470851923e-01 9.611682868801815771e-02 9.271184112163714797e-02 1.384731897594312922e-01 6.721079131854335031e-02
1.313969268791614353e-01 1.541812849492803783e-01 1.520540329905828436e-01 1.551933524361217565e-01 1.138031050550019074e-01
1.889787771004644568e-01 2.163381872873434142e-01 2.165426228858304825e-01 2.239808911430953842e-01 1.603471144882681887e-01
2.569193679070677083e-01 2.326483745426864702e-01 2.359488587497212408e-01 2.466598026479485117e-01 2.185695038332723938e-01
2.913012927701058019e-01 2.899730761257363065e-01 2.904486286999606870e-01 3.073430586624651406e-01 2.733467968543276116e-01
3.336986101439264885e-01 3.313315824162593182e-01 3.106384637002768123e-01 3.431549775506816391e-01 3.353934389183154119e-01
3.716657991663913085e-01 3.786910108172928946e-01 3.476264066961280430e-01 3.878520737515326333e-01 3.804296125493866754e-01
4.208189061382953122e-01 4.194872664859045086e-01 4.088384530613348167e-01 4.406323754896142586e-01 4.097021486214694752e-01
6.581994033558263846e-01 9.062152164362151652e-01 8.363997029983891718e-01 5.601174096496033261e-01 3.590103066060189585e-01
8.983766383640773290e-01 8.923287131850121678e-01 8.403839149317887669e-01 8.168930251622403826e-01 7.692797721985772386e-01
9.511051793738062310e-01 8.937624119578870818e-01 8.560232304965389449e-01 9.749183281260342948e-01 8.610509743387954051e-01
9.896638314256728242e-01 9.414678229763021600e-01 9.456567288352195622e-01 9.749349894420753504e-01 9.274585466910674203e-01
1.000000000000000000e+00 9.823574195510879070e-01 9.529627853393247694e-01 9.764304061093087572e-01 9.632167036804990534e-01
1.000000000000000000e+00 9.970559109279232279e-01 9.896749239996905922e-01 9.970496392807148833e-01 9.926205213325495214e-01
1.000000000000000000e+00 1.000000000000000000e+00 9.955732666313265034e-01 9.941016573683640889e-01 1.000000000000000000e+00
1.000000000000000000e+00 1.000000000000000000e+00 1.000000000000000000e+00 9.970496392807148833e-01 1.000000000000000000e+00
-1.719035377108696638e-01 4.242033588405205030e-02 1.829998872394820730e-01 0.000000000000000000e+00 1.235476800532906393e-02
1.815661340413233793e-01 1.956080085438273997e-01 2.309450671681447798e-01 2.098267897324038178e-01 1.130534916811211099e-01
2.539576441591364642e-01 3.301955104996380230e-01 4.878043652933925639e-02 3.330760919895046079e-01 1.568624954361603208e-01
3.324915419289914409e-01 2.698696537856399291e-01 2.067523515396367806e-01 3.052836195872878911e-01 2.901023814033340531e-01
1.971947202901623564e-01 1.568296795952781597e-01 2.956630651190119141e-01 3.099011797591028627e-01 3.032857593545935093e-01
3.131306250322994922e-01 2.786691270833533407e-01 2.514777774421676493e-01 2.823781199400627884e-01 4.103681207779077411e-01
4.291064022974335757e-01 3.372533171684515274e-01 2.078297993010899403e-01 3.315872959525559271e-01 4.182038508145954347e-01
4.218966744263488167e-01 4.604316546762589613e-01 2.063150431722077516e-01 3.344252531268612216e-01 3.141990944713315415e-01
1.770124837550195451e-01 4.289570207250733569e-01 2.278961555381656401e-01 3.397675089891958322e-01 2.951569135630235929e-01
5.079421050650957392e-01 4.417402136246740829e-01 5.457193435469001042e-01 4.658714697149548556e-01 4.423902559962388237e-01
6.456856551732039762e-01 6.290427774449984799e-01 5.911561433295340340e-01 6.133248631400147755e-01 6.215498671477013293e-01
7.313115120220919918e-01 7.399362058226151007e-01 7.185033790036680079e-01 7.271706356524775261e-01 7.074846613171077436e-01
8.030587296082469795e-01 7.987321035462902064e-01 8.097887713620167682e-01 7.839996133694518976e-01 7.706561791182352517e-01
8.617536349761829584e-01 8.478919938935393086e-01 8.519957393953270230e-01 8.508892867670517779e-01 8.343165311122324734e-01
9.073814811664820956e-01 9.078496288232550393e-01 8.832746361984800121e-01 8.993050649111310468e-01 8.849106929812566857e-01
9.476808483060024102e-01 9.547773756310320437e-01 9.393214581477303815e-01 9.418265559187636304e-01 9.329431775283014705e-01
2.055769585758204787e-01 1.101192161626340094e-01 1.783227832092984244e-01 3.220674570559171057e-01 2.684678177742214622e-01
1.933201415812460522e-01 1.716128424145605402e-01 2.617062849051717821e-01 4.921224231932327942e-01 1.991995058983550282e-01
1.939834314195811316e-01 2.205337760878021136e-01 4.252580394443251643e-01 2.984581204850053626e-01 1.622139981078310200e-01
2.076678764486889206e-01 2.160807188621006181e-01 4.168387548814808663e-01 4.422536206741874421e-01 2.126138143382586831e-01
1.749649752635728528e-01 2.995668502551256940e-01 3.856922655520301779e-01 5.045175753059671919e-01 2.673478630482213347e-01
4.028432627990243264e-01 4.743626604055256601e-01 4.086205044268479969e-01 5.242091219763438392e-01 4.132604089791452329e-01
4.625047355147310912e-01 4.714127025545572502e-01 5.307465811874074735e-01 6.095868594228306403e-01 5.793910829135096030e-01
6.060125754370856432e-01 5.643535322255025521e-01 5.671392035805764564e-01 7.304169312557080573e-01 5.821345106906334887e-01
1.813911389779648275e-01 1.478465221960798548e-01 8.019618121609770056e-02 0.000000000000000000e+00 1.482682152443484946e-01
2.105006061403664752e-01 2.263634972072073315e-01 5.807088818132648267e-02 9.619414826465433332e-02 1.876720869834335725e-01
1.744741651910872160e-01 2.181962366702465128e-01 1.501187608722049927e-01 1.701747752082565235e-01 2.549908504803439779e-01
9.468245368497299475e-02 1.252617746628300888e-01 1.457725364441470606e-01 1.598004356661104353e-01 2.581950859054339409e-01
3.634580379451390897e-01 2.296149354601200732e-01 2.916068659774025962e-01 2.838010746801833406e-01 3.457063538421069060e-01
3.972232961259892225e-01 2.763442385572982829e-01 3.787493335796101590e-01 3.466901958211264234e-01 4.438048330233896333e-01
4.197653419040395795e-01 3.525018785800528853e-01 3.881162358017815062e-01 3.656329787076721405e-01 4.577871674822476256e-01
4.119128281367217537e-01 4.096059194288657612e-01 3.721472703003588789e-01 3.697383193247585353e-01 4.718059224494460802e-01
1.827749984457513466e-01 5.745302536294372153e-02 8.506840748314334344e-02 1.210429012158486806e-01 1.708572979976548112e-01
1.959646397205580537e-01 8.421347385933219964e-02 1.260454213003384116e-01 1.847203734229331262e-01 2.361216311519528932e-01
2.388225672292033919e-01 2.682866765224016792e-01 2.000188450034098564e-01 2.437487394148990794e-01 2.573759834324093054e-01
2.742059056679969631e-01 2.977390879587956674e-01 2.697649531789775845e-01 2.816912895681754070e-01 2.618948538843964835e-01
3.248284185466315810e-01 3.044530442842818263e-01 3.114687967642206234e-01 3.148090874365618852e-01 3.383886541272068671e-01
3.714007151563104570e-01 3.566327225380331312e-01 3.565283596577463743e-01 3.410434968447860760e-01 3.728363571200650761e-01
4.093459171799443408e-01 4.003835756591812012e-01 3.822912662368165293e-01 3.828317009154426076e-01 4.184576815093737912e-01
4.351904030001775281e-01 4.426001647995122523e-01 4.244170690181910399e-01 4.261025849136496069e-01 4.509183919919371175e-01
6.361765944546696749e-01 6.073918371239707126e-01 6.967898990452688901e-01 6.459908652662906814e-01 6.408605736268213615e-01
7.790020763176713769e-01 7.909589827402887519e-01 7.562767732329841452e-01 7.108808276374034563e-01 7.652574856047091867e-01
8.473668019856990252e-01 8.356100156709389548e-01 8.300720664997655041e-01 8.357394775713862245e-01 8.452809249273794956e-01
9.032479010769487449e-01 8.751382289287704674e-01 8.863147086922985585e-01 8.979857593250146763e-01 8.925619118441365796e-01
9.387728169843663206e-01 9.267338186657223531e-01 9.260275734421709037e-01 9.314406498606313534e-01 9.266152978019175368e-01
9.552414709004535265e-01 9.559723197567697728e-01 9.444364144781258741e-01 9.446833706323900515e-01 9.508043556279606179e-01
9.643987936131095395e-01 9.642742105113952800e-01 9.611402208007426839e-01 9.636799884364682933e-01 9.640361453767105626e-01
9.856860966272373847e-01 9.809942056879463745e-01 9.844844223996856991e-01 9.879722984716139411e-01 9.813563090488838236e-01
1.204340047114989820e-01 7.519749974536083501e-05 -2.069875442763209270e-02 -5.164169796296404907e-02 -4.027191603026935955e-03
1.001887088659409730e-01 1.671509249393416871e-02 -3.259764560447771242e-02 2.187108818726684126e-02 5.363611375029016248e-02
7.390243564176106339e-02 4.010741233054156141e-02 -1.170590851613060729e-01 2.884962627502389923e-02 7.550467477216164791e-02
7.188344447985536845e-02 1.054382019582044833e-01 2.196657452992647336e-02 7.610453735045941311e-03 6.743991897162190940e-02
9.032982041051806216e-03 5.410257631177526477e-02 2.584645202471842415e-02 1.527657545334132616e-01 8.401026901294032789e-02
-5.244119816248638336e-03 1.881920099787342537e-01 9.191129785099554084e-02 5.848690773460083620e-02 5.254676396449986520e-02
-6.808649124841700817e-02 5.972577325934680381e-02 8.703766583749546204e-02 1.176243076986858982e-01 4.415574315172907799e-02
7.890413658560022081e-02 6.457303413131851300e-02 3.224010862075452760e-02 9.537417776144843651e-02 -4.225756772928672411e-02
8.657999999999999030e-01 7.920000000000001483e-01 7.670000000000000151e-01 7.911999999999999034e-01 7.916000000000000814e-01
8.884000000000000785e-01 9.202000000000000179e-01 8.785999999999999366e-01 9.328000000000000735e-01 8.966000000000000636e-01
9.536000000000000032e-01 9.467999999999999750e-01 9.153999999999999915e-01 9.646000000000001240e-01 9.294000000000000039e-01
9.778000000000000025e-01 9.634000000000000341e-01 9.625999999999999002e-01 9.752000000000000668e-01 9.609999999999999654e-01
9.814000000000000501e-01 9.815999999999999170e-01 9.821999999999999620e-01 9.843999999999999417e-01 9.847999999999998977e-01
9.861999999999999655e-01 9.885999999999999233e-01 9.856000000000000316e-01 9.932000000000000828e-01 9.919999999999999929e-01
9.944000000000000616e-01 9.932000000000000828e-01 9.958000000000000185e-01 9.976000000000000423e-01 9.960000000000001075e-01
9.961999999999999744e-01 9.974000000000000643e-01 9.958000000000000185e-01 9.978000000000000203e-01 9.965999999999999304e-01
2.367809419035238339e-02 2.640273467068710023e-02 -2.006985449765039814e-02 5.575870843610344213e-02 4.034295898864607988e-02
-1.604792603725324618e-02 4.660966117196787412e-02 3.296122032403055180e-02 2.702274400763831144e-02 3.054944438437510318e-02
1.626349612076767245e-02 7.769518986443062214e-02 4.756875231528845394e-02 4.462651242700173271e-02 5.361720784709411713e-02
4.837185084061290663e-02 9.532071779877929196e-02 6.730480538127492363e-02 7.446344517685540842e-02 8.384557616690144211e-02
1.318081171324396172e-01 1.422636716525670919e-01 1.837150793612309652e-01 1.623581522125070176e-01 1.628019731152401117e-01
2.877549539624381647e-01 2.840249412436316456e-01 2.700296535381255802e-01 2.957597847045103090e-01 2.884773060655764221e-01
3.979918603337157523e-01 4.002853108701055485e-01 3.958133681312699936e-01 3.675966626916706281e-01 4.359886890106499102e-01
4.850889175084098781e-01 4.854288376980863129e-01 4.705694987108728355e-01 4.820870637746103027e-01 4.995367165134488308e-01
3.588530557764877393e-01 5.429247437935054155e-01 3.490898803312965093e-01 4.713078087816060524e-01 4.466376119555510726e-01
4.747293321339882688e-01 6.859502009065231443e-01 5.614255378933120655e-01 6.137179376555907950e-01 5.541281532022138689e-01
6.649457346924008139e-01 7.978648288472727224e-01 6.417086493521371171e-01 7.482889064523285949e-01 6.954919489527245924e-01
8.094980296402892739e-01 8.444778303760445137e-01 7.998127197306754699e-01 8.409747200832017322e-01 8.430671086394048164e-01
9.025917270149358407e-01 9.226960584046338676e-01 8.823699127032487155e-01 9.141056218497338737e-01 9.290032599820758907e-01
9.629202989770734300e-01 9.534016383181326271e-01 9.735096990694902530e-01 9.448771051599663684e-01 9.713925991202273513e-01
9.872850799284587087e-01 9.798712913688196746e-01 9.788112211105467475e-01 9.851640812391752045e-01 9.872839883813137041e-01
9.968213479227161500e-01 9.915234906621590572e-01 1.000000000000000000e+00 9.936412143428153820e-01 9.978808726425931752e-01
3.225796581335304558e-01 4.693152855774537224e-01 3.278610430099630491e-01 3.991559945166235912e-01 4.536665758304086471e-01
3.659820796810774324e-01 5.528859930779117526e-01 3.997457828184790007e-01 5.356475499871251600e-01 5.611100793303362977e-01
4.689070940668912391e-01 6.018254397851803272e-01 4.636176884860695457e-01 5.557312638124924931e-01 5.700533307107175096e-01
5.275505321323304964e-01 5.632813087907819760e-01 5.699387198119008069e-01 6.154524285288600627e-01 6.128003586893580046e-01
5.891365405123446530e-01 6.516484969183495846e-01 6.576592693696881042e-01 6.549667059484379772e-01 6.763133949754129848e-01
6.138034637870545263e-01 6.445559232803473870e-01 6.890377477558573549e-01 7.008376419498262289e-01 6.478594057227937686e-01
6.251690041420105981e-01 6.935604287973611282e-01 6.875428260724802954e-01 6.662832996744469938e-01 6.387389030255945510e-01
6.454887182083586250e-01 7.045016008605236024e-01 7.174066684005525607e-01 7.342667192821717981e-01 6.920304507486161327e-01
1.109656293118316539e-01 0.000000000000000000e+00 2.032698834979148050e-01 0.000000000000000000e+00 2.854006398625319463e-01
-4.657293832381905613e-02 0.000000000000000000e+00 1.909786347211273327e-01 -2.838983050847443401e-02 3.048203768500206690e-01
1.966751378026199149e-02 1.433262711864406735e-01 3.347921172839392057e-01 1.586978928080622908e-01 4.262418591847231819e-01
1.218962176216640686e-01 0.000000000000000000e+00 4.004105371193979468e-01 0.000000000000000000e+00 4.869116698903933615e-01
1.945289415216266971e-01 0.000000000000000000e+00 3.437500000000001110e-01 1.769067796610157561e-02 3.706521739130435589e-01
7.722711805252586992e-02 3.437500000000001110e-01 5.443037974683544444e-01 -1.694915254237305824e-02 3.163337250293771774e-01
3.430608644516318084e-01 6.231464737793850350e-01 6.531401202287276941e-01 3.191241874786178156e-01 5.098563504480159159e-01
7.622863520408162952e-01 6.428571428571427937e-01 7.840135241282742973e-01 4.782608695652174058e-01 6.535262206148282349e-01
1.729891229331232405e-01 0.000000000000000000e+00 9.356908162061214340e-02 7.933931783884487499e-02 0.000000000000000000e+00
2.189662403800245460e-01 0.000000000000000000e+00 2.109725769651749627e-01 -4.241960305093828371e-04 1.291451186560340081e-01
3.301973631230238904e-01 0.000000000000000000e+00 7.156249999999975131e-03 0.000000000000000000e+00 4.759131387956352238e-02
2.361755848992219131e-01 1.038391777509068969e-01 1.094563435543776525e-01 0.000000000000000000e+00 7.155844917590492918e-03
6.173930091152011190e-01 3.017225319123031935e-01 6.529485279678107768e-01 1.915323695396172754e-01 6.913085280163527857e-01
8.735005847229995180e-01 8.191807262770531839e-01 8.347393782116869776e-01 7.947606483226535845e-01 8.830210013671078162e-01
8.709404387098891309e-01 8.405016837747648628e-01 8.611565478127115592e-01 8.563046836838520415e-01 8.796009400961685154e-01
8.816007957597724598e-01 9.181653994776473038e-01 8.592571663129717763e-01 8.780821496366539858e-01 8.789598079072817871e-01
3.294712900434765279e-01 2.978258699490906047e-01 4.199962445375414188e-01 2.960355978072327643e-01 3.368800014096670070e-01
5.047452816638918760e-01 4.181557440421368455e-01 4.988728916881640663e-01 5.123868767340593600e-01 5.484354640348014787e-01
5.906030691886402506e-01 5.106085492863083886e-01 4.852876468317296466e-01 7.631959656001174874e-01 6.399363754610594146e-01
7.224779698930259286e-01 7.505574872842685208e-01 7.302071017109179607e-01 7.758856759876227027e-01 7.236681283168613366e-01
7.461512924958866311e-01 8.270013024773501531e-01 7.637716095654989434e-01 8.326905684642834649e-01 7.747748865798620432e-01
8.008928459080613127e-01 9.115265908842914433e-01 8.981144079839487038e-01 9.232344833539336548e-01 8.702477058825015543e-01
9.029221259246916764e-01 9.348872954307981820e-01 9.449193473058880022e-01 9.562896795948985229e-01 9.485588582118168466e-01
9.797630548602205280e-01 9.720709149479123123e-01 9.761548273746198934e-01 9.782502687311069867e-01 9.721191249116104549e-01
6.691919191919193377e-01 6.888888888888888840e-01 7.065656565656566190e-01 6.979797979797980334e-01 7.106060606060606855e-01
7.727272727272727071e-01 7.449494949494950280e-01 7.116161616161615910e-01 7.707070707070706739e-01 7.585858585858586967e-01
8.090909090909091939e-01 8.252525252525252375e-01 7.843434343434343425e-01 8.444444444444444420e-01 8.176767676767676685e-01
8.277777777777778345e-01 8.595959595959594690e-01 8.070707070707070496e-01 8.525252525252525748e-01 8.404040404040404866e-01
8.727272727272726849e-01 8.944444444444444864e-01 8.333333333333333703e-01 8.898989898989899672e-01 8.742424242424242653e-01
8.651515151515152269e-01 9.131313131313131271e-01 8.611111111111110494e-01 9.136363636363636909e-01 8.914141414141413255e-01
8.777777777777778789e-01 9.196969696969696795e-01 9.015151515151513806e-01 9.212121212121212599e-01 9.075757575757574802e-01
9.035353535353536358e-01 9.308080808080807511e-01 9.085858585858586078e-01 9.202020202020202433e-01 9.272727272727273595e-01
8.194444444444444198e-01 8.761111111111110628e-01 7.955555555555555713e-01 8.022222222222221699e-01 8.294444444444444287e-01
8.344444444444445441e-01 9.061111111111112004e-01 8.877777777777776658e-01 8.605555555555556291e-01 9.133333333333333304e-01
8.766666666666665941e-01 9.283333333333333437e-01 9.050000000000000266e-01 9.116666666666667362e-01 9.227777777777778079e-01
9.377777777777778212e-01 9.233333333333332282e-01 9.466666666666666563e-01 9.461111111111110139e-01 9.400000000000000577e-01
9.383333333333332416e-01 9.311111111111112226e-01 9.716666666666666785e-01 9.599999999999999645e-01 9.683333333333333792e-01
9.427777777777777146e-01 9.400000000000000577e-01 9.755555555555555092e-01 9.761111111111111516e-01 9.788888888888889195e-01
9.572222222222223076e-01 9.444444444444444198e-01 9.783333333333332771e-01 9.772222222222222143e-01 9.844444444444444553e-01
9.594444444444445441e-01 9.505555555555554870e-01 9.761111111111111516e-01 9.877777777777778656e-01 9.850000000000000977e-01
5.596463155792156252e-01 5.395186293864911997e-01 6.037415555986835880e-01 5.582244313424835624e-01 5.189830535559324387e-01
6.684858670377298306e-01 6.355577312198772422e-01 6.666083668372936311e-01 6.106440935630988998e-01 6.628540124345858597e-01
7.205726312679624490e-01 7.194267417904195439e-01 7.131355171460588283e-01 7.010994316527822123e-01 7.166598223390827638e-01
7.675610193568219719e-01 7.587763249419904321e-01 7.545531826707827516e-01 7.544402288957590130e-01 7.666698789617985010e-01
7.930045506688065959e-01 7.826588644404788297e-01 7.752203209576874476e-01 7.853366330929614225e-01 7.897765462812034176e-01
8.085538079111443954e-01 8.153339842555734629e-01 7.953356611595129300e-01 7.983382769705243964e-01 8.108849208710070533e-01
8.271105660728439446e-01 8.377760645682368335e-01 8.154437753644421250e-01 8.278966967680153610e-01 8.248894144551657259e-01
8.447748950017659464e-01 8.536639272063695216e-01 8.301087247747547249e-01 8.484452062509675319e-01 8.485547037970858630e-01
2.654897170014545726e-01 1.271397370998167964e-01 1.115842792338376521e-01 -5.697184562579944711e-02 1.722937544553330702e-01
3.251363928607483023e-01 2.821708534277297398e-01 2.728512015143632619e-01 3.105213829689509319e-01 3.028330674126126221e-01
3.823465151243538029e-01 3.944057581956006420e-01 4.025296070360658840e-01 4.345300098112878651e-01 3.911112297611879507e-01
4.950050050102793864e-01 5.067953004301580799e-01 4.615132916811353070e-01 4.858915032130198819e-01 5.032464947715638015e-01
5.740291162720350115e-01 5.250088416672122893e-01 5.278585101582307093e-01 5.243344904255662353e-01 5.518131429609327565e-01
6.323891896030525706e-01 6.132035553934753747e-01 6.039146451312330521e-01 6.052742511819630966e-01 6.066018091742135798e-01
6.943296327190915385e-01 6.859554359979307403e-01 6.793081835381092892e-01 6.676951095269874070e-01 7.007833277022699203e-01
7.510064112561105620e-01 7.360785895923096511e-01 7.351587336993637978e-01 7.184273704829495788e-01 7.536342327972158639e-01
5.093525123016138384e-02 1.639494705463468913e-02 2.649057377066872318e-02 -9.381097070660481940e-04 9.475469465504570907e-03
3.374547609442910684e-02 2.651019847915223743e-02 -1.187870447700229912e-02 -2.884537285682729074e-02 1.361386261309043347e-02
2.446798924998516700e-02 1.896354243277631468e-02 -2.567988795462525925e-02 -3.430155990992504733e-02 1.537438090433067631e-02
-1.667111044493885339e-03 2.553687884008160047e-02 -5.004651624776079548e-03 -6.958109462887951575e-03 1.387979781549564338e-03
-9.204795505804419173e-03 1.109069162554536872e-02 -3.216613226702551287e-02 2.746608664840586439e-02 3.941243355652934710e-03
-2.305562162967396064e-02 3.489601329185343208e-03 -2.462152176173653187e-02 3.315832776468110449e-02 -1.637184134575142558e-03
-6.486862263782589011e-03 1.690251766879560108e-02 -9.051874046994434070e-03 -1.662048090876737730e-02 9.827974265335104320e-04
1.243618025406370044e-02 3.024076164702695774e-02 4.422316408774195837e-03 -6.795248810904053367e-03 -6.818797101019758236e-03
3.470920428135342850e-01 3.505053143079699951e-01 3.291627914944157407e-01 3.590920206647161828e-01 3.537366409033505521e-01
4.232889836521476212e-01 4.215416205090484203e-01 4.172619304031103260e-01 4.264341723403072271e-01 4.118906914700685151e-01
5.206285917974136090e-01 5.145744237865769177e-01 5.244844770686294400e-01 5.151983964217341505e-01 5.120411944718845643e-01
5.918680415340402678e-01 5.901487291741951413e-01 5.969733018081576637e-01 5.824889785511411233e-01 5.996361753588599353e-01
6.560827634688293220e-01 6.523170832348161863e-01 6.501559087755287569e-01 6.614094333657577485e-01 6.600773100704783181e-01
7.100647472477544797e-01 6.989365615964278078e-01 6.921745742905038856e-01 7.097502195926903568e-01 6.970910545326898244e-01
7.673256466228799422e-01 7.823567837901502786e-01 7.727400547584997170e-01 7.797890090269380403e-01 7.838816681084073146e-01
8.310171298733391998e-01 8.425691408895540357e-01 8.372484772934625230e-01 8.367356324304605630e-01 8.411321502259532235e-01
1.005197417704880858e-01 1.091971106945774511e-01 1.208956997047854892e-01 1.372655098383253058e-01 7.392161750479989135e-02
1.226668055499465088e-01 1.467447397893435479e-01 1.525671910127201214e-01 1.533012646374538879e-01 1.484519720936745280e-01
1.611346107165882169e-01 2.069837367919951931e-01 1.777546873494457169e-01 2.057065484744968753e-01 1.623024635125183135e-01
2.161686287870473733e-01 2.400586627531701711e-01 2.323066317008101733e-01 2.509059607104618950e-01 2.237624506287553827e-01
2.601404913408277286e-01 2.897684666860410596e-01 2.801692836275266885e-01 2.780672382577693003e-01 2.663390454156331910e-01
2.942179665390909915e-01 3.054021237502713704e-01 2.981607082966697408e-01 3.069795198560189564e-01 3.064542718983794822e-01
3.470760743586286390e-01 3.566179405204545905e-01 3.392268145635696786e-01 3.431195630544686126e-01 3.309897922834139083e-01
3.614273886836173455e-01 3.848515117628905080e-01 3.726138397364581190e-01 3.561342301278148659e-01 3.664025954434630417e-01
-6.401340958592589836e-02 1.363918181684800612e-01 0.000000000000000000e+00 0.000000000000000000e+00 0.000000000000000000e+00
1.205912064821925735e-02 2.688060329063337583e-01 6.462467302440262629e-02 0.000000000000000000e+00 3.045350327112489874e-01
2.250799186583917755e-01 3.103797649382930013e-01 3.060204232018121084e-01 2.672474215240697726e-01 3.237997425254911521e-01
4.628959777862042269e-01 4.444312525142137815e-01 4.725117478313831110e-01 3.529162891231348853e-01 4.540788316404071878e-01
5.608224681827513880e-01 5.632568653502105782e-01 5.832162910987721549e-01 5.456987292783350707e-01 5.412611429730059820e-01
7.201336837959695369e-01 7.640612817507108634e-01 7.695425579032227903e-01 7.937690400225994036e-01 7.131124310546732570e-01
8.361703103694708705e-01 8.369644768306028215e-01 8.679320632669103031e-01 8.298507820389909861e-01 7.840843455096159209e-01
8.596133945597529413e-01 8.375282672416874963e-01 8.982723685151009496e-01 8.444462130588858972e-01 8.467898320534315015e-01
4.124263049649994350e-01 3.730316445691033711e-01 3.655129959599973111e-01 1.915609515521617401e-01 3.534969095946406403e-01
5.536353314932462855e-01 4.658451398739451577e-01 4.543096189316285782e-01 5.021770726552515773e-01 5.253524128854550890e-01
6.606178564509405104e-01 6.760921709522798029e-01 5.802116843073237273e-01 5.816495734634725689e-01 6.604899976089216862e-01
6.734430971940956745e-01 7.497590618890750402e-01 7.168789486224437235e-01 6.878721686975002303e-01 7.319431655956879501e-01
8.025329464678939706e-01 8.085884110269301317e-01 8.106492737197017462e-01 8.028029586605722745e-01 8.068171027904638137e-01
8.580582610867674154e-01 8.919059282991759208e-01 8.855581142065845901e-01 8.720164287366864997e-01 8.693817849184389823e-01
9.112793266755412347e-01 9.293172272567948866e-01 9.124638783745749882e-01 9.247834800624307183e-01 8.998207229174319810e-01
9.159428976440789905e-01 9.387717963823043466e-01 9.282178048757783184e-01 9.330331136693932326e-01 9.192439197936057571e-01
1.086408679112781384e-01 1.974119263430860471e-01 9.168366879692846361e-02 1.774644792710879104e-01 0.000000000000000000e+00
2.456126551981955564e-01 2.132127217801783881e-01 2.873147616113443936e-01 2.626860231245972122e-01 1.450754421968281360e-01
3.281882298760458450e-01 2.663178015434990442e-01 2.998258393106408848e-01 2.781132926045349341e-01 1.600553363746401170e-01
3.775668386990856940e-01 3.734953440254525359e-01 2.964606898557757830e-01 3.137437374278219115e-01 3.357834585288346774e-01
4.536566224412459936e-01 4.578072615302699044e-01 4.950589261613095315e-01 4.635631256715474491e-01 3.741747837213301731e-01
5.064474088679011832e-01 4.522241447302514095e-01 5.312126650956544571e-01 4.857740538957250331e-01 4.668656836156772627e-01
6.396355735512335716e-01 5.468739077671130877e-01 6.606794474938053607e-01 6.149550976094614319e-01 5.888607001641114058e-01
7.204804227574849174e-01 6.821643919987645521e-01 7.133792717669314998e-01 7.363789323681315668e-01 6.993378455031653562e-01
