1.770024909999996510e-01 1.729381190000012225e-01 1.740038219999959779e-01 1.728126540000047839e-01 1.774874659999881032e-01
1.383223900000025708e-01 1.071425810000050660e-01 1.326990539999997054e-01 1.443906229999996071e-01 1.340486140000081150e-01
2.687946300000021438e-01 8.498265200000076902e-02 8.707035500000159800e-02 9.966963499999792475e-02 1.070317439999968201e-01
1.301418739999995466e-01 1.318486930000020152e-01 1.359799810000055231e-01 1.229552949999970224e-01 1.303655629999980192e-01
2.542819190000003005e-01 2.703205090000011523e-01 2.698594950000057224e-01 2.611778770000015015e-01 2.539802309999998897e-01
3.660583219999971050e-01 3.386266010000014148e-01 3.724784070000026759e-01 3.639857630000022937e-01 3.377047320000059472e-01
5.631937949999965554e-01 5.725529780000044866e-01 6.322470420000030344e-01 7.314175479999960316e-01 6.115084049999950366e-01
1.140615223999994043e+00 1.078304074000001833e+00 1.233638082999995333e+00 1.060720757999995101e+00 1.181653859999997280e+00
5.082867649999940340e-01 4.774962550000054762e-01 5.371517879999885281e-01 5.107626960000004601e-01 5.200979929999789420e-01
1.283491408999992700e+00 1.290753532999985964e+00 1.297025945000001457e+00 1.297033038999984456e+00 1.312256945000001451e+00
2.040210509999994315e+00 2.056015010000010079e+00 2.077864888999982895e+00 2.053117014000008567e+00 2.023143863000029796e+00
2.522370137999999429e+00 2.499065583000003699e+00 2.606687124000018230e+00 2.806192807000002176e+00 2.432236948000024768e+00
4.279546057000004566e+00 4.627345072999986542e+00 4.812149653000005856e+00 4.087983359000020300e+00 4.123408572999949229e+00
1.025628166399999941e+01 1.022053412799999705e+01 7.290994920000002821e+00 9.749878858000045057e+00 9.002876700000001620e+00
9.767223848000000430e+00 1.172691066100000512e+01 1.378902137599999378e+01 1.344783793800002059e+01 1.396336112700004151e+01
2.440634853500000645e+01 1.804471162499999082e+01 1.785212199999998006e+01 1.522420579199996382e+01 1.654918984099998625e+01
9.932541099999525613e-02 8.639797500001122899e-02 1.114841170000318016e-01 1.166138119999686751e-01 9.551674099998308520e-02
1.096800660000099015e-01 1.576230499999837775e-01 1.307319300000244766e-01 1.260232889999883810e-01 1.070927279999978055e-01
1.390504999999961910e-01 1.717344830000229194e-01 1.518524780000234387e-01 1.576006360000405948e-01 1.403521710000177336e-01
2.265904559999967205e-01 1.906327479999845309e-01 1.820943719999945642e-01 1.737252369999850998e-01 1.712535479999814925e-01
2.614996219999738969e-01 2.501959409999585660e-01 2.502449430000410757e-01 2.285786740000048667e-01 2.437194569999974192e-01
3.171010540000338551e-01 3.222572160000254371e-01 3.143522640000355750e-01 3.131262279999873499e-01 2.880592000000206099e-01
4.787532230000124400e-01 5.087045999999872947e-01 5.540486909999913223e-01 4.332973129999686535e-01 4.735130440000148155e-01
5.861987100000192186e-01 7.579145619999962946e-01 7.113915030000157458e-01 6.776779219999866655e-01 8.066685630000165474e-01
4.817944780000402716e-01 4.816664570000170897e-01 4.897033999999962361e-01 4.721630970000205707e-01 4.917867300000011710e-01
5.468599259999677997e-01 5.503286630000161495e-01 5.491283030000317922e-01 5.466244659999688338e-01 5.616752419999784252e-01
6.579791910000380994e-01 6.656638919999977588e-01 6.728111869999793271e-01 6.721253080000337832e-01 6.979941869999493065e-01
1.249343571999986580e+00 1.276483464000023105e+00 1.241077118000021073e+00 1.264342385999952967e+00 1.296915623000018059e+00
1.587913326999967012e+00 1.547536320999995496e+00 1.548540693999996165e+00 1.608942835999982890e+00 1.603896928999915872e+00
2.451666902999988906e+00 2.457117194999966614e+00 2.467778525000028367e+00 2.452612883999961468e+00 2.759143399000095087e+00
3.985829920000014681e+00 4.021886387999984436e+00 3.998075209999967683e+00 4.690334554000003209e+00 4.643276480000054107e+00
6.559914509000009275e+00 6.499344365999945694e+00 6.555131707999976243e+00 7.269757244000004448e+00 6.920237654000061411e+00
1.062076130000377816e-01 1.088649710000026971e-01 1.192773969999052497e-01 1.147431630000710356e-01 1.135647250000602071e-01
1.512999870000157898e-01 1.478270170000541839e-01 1.663305729999819960e-01 1.589696710000225721e-01 1.438012369999341900e-01
2.291532440000310089e-01 2.200649310000244441e-01 2.266768189999766037e-01 2.340110169999434220e-01 2.593451100000265797e-01
4.872128440000551564e-01 4.960815670000329192e-01 5.113413349999973434e-01 5.002272829999583337e-01 4.686640990000796592e-01
5.341299550000258023e-01 5.673717470000383400e-01 5.553169199999956618e-01 5.644976009999709277e-01 5.234118279998938306e-01
8.205103630000394332e-01 8.287251379999815981e-01 8.124195620000591589e-01 8.732479090000424549e-01 7.823651769999742100e-01
1.245444985000062843e+00 1.178958542000032139e+00 1.235958153000069615e+00 1.252087742000071557e+00 1.179195960999891213e+00
1.966862076999973397e+00 1.841972130000044672e+00 1.924385919999963335e+00 1.912165632999972331e+00 1.903927818999932242e+00
8.354339499999241525e-02 8.835998699998981465e-02 8.821947499995985709e-02 8.656709000001683307e-02 8.834312199996929849e-02
8.856832899994060426e-02 9.278947699999662291e-02 9.037767500001336884e-02 8.931209599995781900e-02 8.936836899999889283e-02
9.493561399995087413e-02 9.564578000004075875e-02 9.848965300000145362e-02 9.587722999992820405e-02 9.695156300006146921e-02
1.207707629999958954e-01 1.238616749999437161e-01 1.214685019999706128e-01 1.235698350000120627e-01 1.210879760000125316e-01
1.447799000000031810e-01 1.421299849999968501e-01 1.480162149999841859e-01 1.392083220000586152e-01 1.424392900000839290e-01
1.747882290000006833e-01 1.720346490000110862e-01 1.718045009999968897e-01 1.721607279999943785e-01 1.709093279999933657e-01
3.059271889999308769e-01 3.079634670000359620e-01 3.036518459999797415e-01 3.068194030000768180e-01 2.985298989999591868e-01
4.948859859999856781e-01 4.820562099999960992e-01 4.843324189999975715e-01 4.805064079999965543e-01 4.752487079999809794e-01
4.126843299999336523e-01 4.199040109999714332e-01 4.227923150000378882e-01 4.219430900000133988e-01 4.150347869999677641e-01
4.563851359999944179e-01 4.742307150000897309e-01 4.683769669999264806e-01 4.829337520000080985e-01 4.766001849999383921e-01
5.594593120000581621e-01 5.743301699999392440e-01 5.751151419999587233e-01 5.874027379999233744e-01 5.787747470000113026e-01
1.067070900999965488e+00 1.081528765000030035e+00 1.084112463999986176e+00 1.122921750000045904e+00 1.182178826999916055e+00
1.319399460999989060e+00 1.330033781999986786e+00 1.326653303999933087e+00 1.341029478999985258e+00 1.328162609000060002e+00
2.068522143999985019e+00 2.072968028999980561e+00 2.071864473000005091e+00 2.057930757000008271e+00 2.077322027000036542e+00
3.386361981000050037e+00 3.403285657000083120e+00 3.473442130999956134e+00 3.405921800999976767e+00 3.450883503000000019e+00
5.211862103000044044e+00 5.268110124999907384e+00 5.294461042999955680e+00 5.521494807999943077e+00 5.194029999999997926e+00
5.494401869999592236e-01 5.410792620000393072e-01 5.733790580000004411e-01 5.542097169999351536e-01 5.564734899999166373e-01
6.251293440000154078e-01 6.087307219999047447e-01 6.218516879999924640e-01 6.152961249999862048e-01 6.227578230000290205e-01
7.549225090000390992e-01 7.663069869998935246e-01 7.640194240000255377e-01 7.715100899999924877e-01 7.619901509999635891e-01
1.428919136999979855e+00 1.149356581000006372e+00 9.230594069999824569e-01 8.318220570000676162e-01 6.492858409999371361e-01
1.790138339000009182e+00 1.790045807999945282e+00 1.857142139999950814e+00 1.773338561000059599e+00 1.781374632999927599e+00
2.779767688999982056e+00 2.802122938000024988e+00 2.528365301000008003e+00 2.805791396000017812e+00 2.791305890999979056e+00
3.994072800000026291e+00 1.756330488999992667e+00 2.490664424000101462e+00 2.894597591000092507e+00 3.934238685000082114e+00
4.324881165999954646e+00 4.743889674000001833e+00 3.854734978999999839e+00 5.445908550000012838e+00 7.574656381000067995e+00
1.179396130000895937e-01 1.214383550000093237e-01 1.245976640000208135e-01 1.216599900000119305e-01 1.222097500000245418e-01
1.363851349999549711e-01 1.345104600000013306e-01 1.346119119999684699e-01 1.345101300000806077e-01 1.345142559999885634e-01
1.501561210000090796e-01 1.521502099999452184e-01 1.536409779999985403e-01 1.500911850000647974e-01 1.511001369999576127e-01
2.707034729999122646e-01 2.759856290000470835e-01 2.737672789999123779e-01 2.662003310000500278e-01 2.717730719999735811e-01
3.107418950000919722e-01 3.112441129999297118e-01 3.082256559999905221e-01 3.160367269999824202e-01 3.140744349999522456e-01
4.743779690001019844e-01 4.754246270000521690e-01 4.684109969999781242e-01 4.767700419999982842e-01 4.717065639999873383e-01
7.793054620000248178e-01 7.743202909999808981e-01 7.627045890000090367e-01 7.671833609999794135e-01 7.800054990000262478e-01
1.220951119000005747e+00 1.221450311000012334e+00 1.233161784000003536e+00 1.241374022999934823e+00 1.227965767000000596e+00
9.297423099997104146e-02 9.577585299996371759e-02 9.274047400003837538e-02 8.760327200002393511e-02 9.194639100007861998e-02
1.170511500000657179e-01 1.150878319999719679e-01 1.184331289999818182e-01 1.135647459999518105e-01 1.151102860000037253e-01
1.351834089999783828e-01 1.284481010000035894e-01 1.329952259999345188e-01 1.338571109999975306e-01 1.338383570000587497e-01
1.624647809999260062e-01 1.571459399999639572e-01 1.620722190000378760e-01 1.579881129999876066e-01 1.602819309999858888e-01
2.149810670000533719e-01 2.136218079999707697e-01 2.098388269999986733e-01 2.122087849999161335e-01 2.107479820000435211e-01
3.864268899999387941e-01 3.858540139999604435e-01 3.864545800000769304e-01 3.879446649999636065e-01 3.795430849999092970e-01
7.350145439999096197e-01 7.317481010001074537e-01 7.270574489999717116e-01 7.332465389999924810e-01 7.222999100000606632e-01
1.225741874000050302e+00 1.225768087999995259e+00 1.213583938000056150e+00 1.211451195999984520e+00 1.215684395000039331e+00
4.088098729999956049e-01 4.216437159999486539e-01 4.158274320000145963e-01 4.155685279999943305e-01 4.280848949999835895e-01
4.868152819999522762e-01 4.989747369999122384e-01 4.998985700001412624e-01 5.037721329999840236e-01 4.946073060000344412e-01
6.754862410000441741e-01 6.693001630000026125e-01 6.826014569999188097e-01 6.724480880000101024e-01 6.807862350001414598e-01
1.293676881999999750e+00 1.322926728000084040e+00 1.306011003000094206e+00 1.298503622999987783e+00 1.317561516000068877e+00
2.512117508000073940e+00 2.518944045000012011e+00 2.500400209000190443e+00 2.531766251000135526e+00 2.516104533999850901e+00
4.547818600000027800e+00 4.565387727999905110e+00 4.574613301999988835e+00 4.545347521999929086e+00 4.578524366999999984e+00
6.437976943999956347e+00 7.225318136000055347e+00 7.815414252999971723e+00 8.170563366999886057e+00 7.330249677999972846e+00
8.772475138999993760e+00 8.605746245000091221e+00 9.566015806999985216e+00 8.073915427999963867e+00 1.138182339599984516e+01
8.339101199999277014e-02 8.524226100007581408e-02 8.584433300006821810e-02 8.524716900001294562e-02 8.516818799989778199e-02
8.934993200000462821e-02 8.870179500013364304e-02 8.922903000006954244e-02 8.357693499988272379e-02 8.580036900002596667e-02
9.214181599986659421e-02 9.235075700007655541e-02 8.922958000016478763e-02 8.827253399999790417e-02 8.925987799989343330e-02
1.074111749999246967e-01 1.083364339999661752e-01 1.097417229998427501e-01 1.080657590000555501e-01 1.088783440000042901e-01
1.210245989998384175e-01 1.230748540001513902e-01 1.223365219998413522e-01 1.317507919998206489e-01 1.210468520000631543e-01
1.472498790001282032e-01 1.447697969999808265e-01 1.435475799999039737e-01 1.434269999999742140e-01 1.432726549999188137e-01
2.577588350000041828e-01 2.564669519999824843e-01 2.548129310000604164e-01 2.484720249999554653e-01 2.495214040000064415e-01
3.966863339999235905e-01 4.027212469998175948e-01 3.929195660000459611e-01 4.260097349999796279e-01 3.882184480000887561e-01
8.040458300001773750e-02 9.310354500007633760e-02 8.255895399997825734e-02 1.013789739999992889e-01 8.182034800006476871e-02
9.939940200001728954e-02 1.073916139998800645e-01 9.319078499993338482e-02 9.526254399997924338e-02 1.107234769999649870e-01
1.205272810000224126e-01 1.113564570000562526e-01 1.113032610001027933e-01 1.100277929999720072e-01 1.181880890001139051e-01
1.560283019998678355e-01 1.477061460000186344e-01 1.510569080001005204e-01 1.527975729998161114e-01 1.690080240000497724e-01
2.140696080000452639e-01 2.438687630001368234e-01 2.300530780000826780e-01 2.028213579999373906e-01 2.213311190000695206e-01
4.897647669999969366e-01 5.492251510002006398e-01 6.017285679999986314e-01 5.545211139999537409e-01 5.105107409999618540e-01
1.001264985000034358e+00 8.379485220000333356e-01 9.229835260000527342e-01 9.012239839998983371e-01 8.057293670001399732e-01
1.129834050999988904e+00 1.130284810999910405e+00 1.150862072000109038e+00 1.169315379999943616e+00 1.095347054000058051e+00
1.580228749999150750e-01 1.598944980000851501e-01 1.580858259999331494e-01 1.579464899998583860e-01 1.585696580000330869e-01
1.971242709998932696e-01 2.002913230001013289e-01 1.986747530002048734e-01 2.032615040000109730e-01 1.976201509999100381e-01
3.767523980000078154e-01 3.828268100000968843e-01 3.855896350000875827e-01 3.873038630001701677e-01 3.830448700000488316e-01
6.547244240000509308e-01 6.668595979999736301e-01 6.577334359999440494e-01 6.694165220001195848e-01 6.787158800000270276e-01
1.151465979000022344e+00 1.227842345999988538e+00 1.153876305000039793e+00 1.234159138999984862e+00 1.235476095999956669e+00
2.229246417000013025e+00 2.096776761000000988e+00 2.116937258000007205e+00 2.498664488000031270e+00 2.377709939999931521e+00
4.439859589999969103e+00 3.900757837999890398e+00 4.686441285999990214e+00 4.732906554999999571e+00 4.279593806000093537e+00
8.829043997000098898e+00 6.684130378999952882e+00 8.604864567000049647e+00 7.262930917999938174e+00 7.295265515999972195e+00
7.535612800006674661e-02 7.454022199999599252e-02 7.748673900005087489e-02 7.695816199998262164e-02 7.417433199998413329e-02
8.038461800015284098e-02 7.771651200005180726e-02 8.157024799993450870e-02 7.831650400021317182e-02 7.574888900012410886e-02
8.294814300006692065e-02 7.951012899980014481e-02 7.855840299998817500e-02 8.236598300004516204e-02 7.850462900000820810e-02
7.772189399997841974e-02 8.002356599990889663e-02 8.047408700008418236e-02 7.983076300001812342e-02 7.950303000006897491e-02
8.069870700001047226e-02 8.394322399999509798e-02 8.048909600006481924e-02 8.468643499986683310e-02 8.292442599986316054e-02
8.832958000016333244e-02 8.880360499983908085e-02 8.642646800012698804e-02 8.983205300000918214e-02 8.721938899998349370e-02
1.573500639999565465e-01 1.500756290001845628e-01 1.482477600000038365e-01 1.490838200002144731e-01 1.462653050000426447e-01
2.678694769999765413e-01 2.690952400000696798e-01 2.665911310000410595e-01 2.672177100000681094e-01 2.645629609999105014e-01
3.047934310000073310e-01 3.169587140000658110e-01 3.143595860001369147e-01 3.102863990000059857e-01 3.091012109998700907e-01
3.286125419999734731e-01 3.366621380000651698e-01 3.396000530001401785e-01 3.309341550000226562e-01 3.353866689999449591e-01
3.732030910000503354e-01 3.931798149999394809e-01 3.982256439999218856e-01 3.932244259999606584e-01 3.853966950000540237e-01
5.019239339999330696e-01 5.203260050000153569e-01 5.174326150001888891e-01 5.235425359999226202e-01 5.205804270001408440e-01
1.085174770000094213e+00 1.120162853000010728e+00 1.121668472999999722e+00 1.119435095999961050e+00 1.105301162000159820e+00
2.328688622000072428e+00 2.371217611000020042e+00 2.241589991000182636e+00 1.920538581999835515e+00 2.370055676999982097e+00
3.120636129999866171e+00 2.540920895999988716e+00 2.910608463000016854e+00 3.789857933999883244e+00 4.579664227999955983e+00
5.409493993000069167e+00 6.245236960000056570e+00 6.145972034000124040e+00 7.811503654000034658e+00 4.791245201000037923e+00
4.009101040001041838e-01 4.235135400001581729e-01 4.032291510000050039e-01 4.058867329999884532e-01 4.132603789998938737e-01
4.336062529998798709e-01 4.315596500000538072e-01 4.397885830001087015e-01 4.357001159999072115e-01 4.357502000000295084e-01
5.089390360001289082e-01 5.074149189999843657e-01 5.129891260000931652e-01 4.985603089999131043e-01 5.067080480000640819e-01
6.740743049999764480e-01 6.798384880000867270e-01 6.782870490001187136e-01 6.929167539999525616e-01 6.762047980000716052e-01
1.355930357000033837e+00 1.369523856999876443e+00 1.381800176999831820e+00 1.358261157000015373e+00 1.346615736999865476e+00
2.405308577000141668e+00 2.417535108000038235e+00 2.372419725000099788e+00 2.383015537999881417e+00 2.436452050000070813e+00
5.090849136999850089e+00 5.611566921000076036e+00 5.250032783000051495e+00 4.562846177999972497e+00 5.000967557999956625e+00
8.967678873000068052e+00 9.744035078000024441e+00 9.177037995000091541e+00 9.614359716000080880e+00 7.861241817000063747e+00
7.766208300017751753e-02 7.523631000003661029e-02 8.116287400002875074e-02 6.736592099991867144e-02 8.282434400007332442e-02
1.076804990000255202e-01 1.137979719999293593e-01 8.494043800010331324e-02 8.127430700005788822e-02 9.732054799997058581e-02
1.361938860000009299e-01 1.503797339998982352e-01 1.230762540001251182e-01 1.362877960000332678e-01 1.388290929999129730e-01
1.674512750000758388e-01 1.732137859999056673e-01 1.975521869999283808e-01 1.920374409999112686e-01 2.046110050000606861e-01
2.557835090001390199e-01 2.990538449998894066e-01 2.913915759997962596e-01 2.847176589998525742e-01 2.568430960000114283e-01
6.564921149999918271e-01 6.581645339999795397e-01 6.508331149998412002e-01 6.564401810001072590e-01 6.486768340000708122e-01
1.087267511999925773e+00 1.094221791999871130e+00 1.071129610000070898e+00 1.090729272000089622e+00 1.081166009000071426e+00
1.172403670999983660e+00 1.113326028000074075e+00 1.187059417999989819e+00 1.101153138999961811e+00 1.087387474000024667e+00
2.259640479999234230e-01 2.261773560001074657e-01 2.337980079998942529e-01 2.209643999999570951e-01 2.343674109999938082e-01
1.650264649999826361e-01 1.438572769998245349e-01 1.462950539998928434e-01 1.810492100000828941e-01 1.667979940000350325e-01
1.795196119999218354e-01 1.942767179998554639e-01 1.920289580000371643e-01 1.953143050000107905e-01 1.713854419999734091e-01
2.337070319999838830e-01 2.358773089999885997e-01 2.404954529999940860e-01 2.637471180000829918e-01 2.232458440000755218e-01
3.680609589998766751e-01 3.573114030000397179e-01 3.692957719999867550e-01 3.530535810000401398e-01 3.396802830000069662e-01
6.491822590000992932e-01 6.572661939999306924e-01 6.686817159998099669e-01 6.694392500000958535e-01 6.562566640000113694e-01
8.864174670000011247e-01 7.004567229998883704e-01 1.032465729000023202e+00 9.503362680000009277e-01 8.808916130001307465e-01
1.242135935999840513e+00 1.518788675999985571e+00 1.515766007999900467e+00 1.495191458999897804e+00 1.507648635999885300e+00
7.119473200009451830e-02 7.321798299994952686e-02 7.307380699990062567e-02 7.164850399999522779e-02 7.418804600001749350e-02
7.156041799999002251e-02 7.356914399997549481e-02 7.101037400002496724e-02 7.145093600001928280e-02 7.668498199996065523e-02
7.855157700009840482e-02 8.168805800005429774e-02 7.722087999991344986e-02 1.008338449998973374e-01 7.390160899990405596e-02
8.460780400014300540e-02 8.292271100003745232e-02 8.281707499986623588e-02 8.340421500020056556e-02 8.434546499984207912e-02
2.042953079999278998e-01 2.058336990000952937e-01 2.068496770000365359e-01 2.045332299999245151e-01 2.012708760000805341e-01
4.096611909999410273e-01 4.022304669999812177e-01 4.062269519999972545e-01 3.992775560000154655e-01 3.991948190000584873e-01
1.383793844999900102e+00 1.052012264000040886e+00 1.037196084000015617e+00 1.025426954000067781e+00 1.027271329999848604e+00
2.618869871000015337e+00 2.566034115999855203e+00 2.588936044999854857e+00 2.553219832000195311e+00 2.561818611000035162e+00
9.960738599988872011e-02 1.732344780000403262e-01 1.219429200000377023e-01 1.683345110000118439e-01 1.810178660000474338e-01
1.699016699999447155e-01 2.544546340000124474e-01 2.832132660000752367e-01 2.503800239999236510e-01 2.708834009999918635e-01
3.339901090000694239e-01 4.370573030000741710e-01 4.222660140001153195e-01 4.353977949999716657e-01 4.331574529999215883e-01
1.061615581000069142e+00 1.071898549000025014e+00 1.109689031000016257e+00 1.097491239999953905e+00 1.122673056999929031e+00
1.622399653999991642e+00 1.991255827000031786e+00 1.949679678999928001e+00 1.687213147000193203e+00 1.904669379000097251e+00
3.525208497999983592e+00 4.522044875999881697e+00 3.975001515000030849e+00 3.745320575000050667e+00 3.997445178999896598e+00
7.603752064999980576e+00 6.098514859000033539e+00 7.426191829999879701e+00 7.287838628999907087e+00 8.430079307000141853e+00
1.235911625299991101e+01 1.343565528100020856e+01 9.841040761000158454e+00 1.208178922199999761e+01 1.472470017699993150e+01
1.127974680000534136e-01 1.130260940001335257e-01 1.149188649999359768e-01 1.158247560001655074e-01 1.128534419999596139e-01
1.223836190001748037e-01 1.220441139998911240e-01 1.210301470000558766e-01 1.218823079998401226e-01 1.222145579999960319e-01
1.332245140001759864e-01 1.312186210000163555e-01 1.342766669999946316e-01 1.327579639998930361e-01 1.403778640001291933e-01
1.496185290000084933e-01 1.477140169999984209e-01 1.490814020000925666e-01 1.490243619998636859e-01 1.475209140000970365e-01
1.740043019999575336e-01 1.741930250000223168e-01 1.749456659999850672e-01 1.729301119999036018e-01 1.768586189998586633e-01
2.955812760001208517e-01 2.930370400001720554e-01 2.913153960000727238e-01 2.948217470000145113e-01 2.956341990000055375e-01
3.562618130001737882e-01 3.546718529998997838e-01 3.587990390001323249e-01 3.538731119999738439e-01 3.557459210001070460e-01
5.336215249999440857e-01 5.326258779998624959e-01 5.252676410000276519e-01 5.271600430000944471e-01 5.323122849999890605e-01
7.900490499991974502e-02 5.636178500003552472e-02 6.571347200019772572e-02 5.707355300000926945e-02 5.939743399994767969e-02
1.119087699998999597e-01 1.264104879999194964e-01 1.117262449999998353e-01 7.282445300006656907e-02 1.275054010002349969e-01
1.288985579999462061e-01 1.633953460000157065e-01 1.636724079999112291e-01 1.661767560001408128e-01 1.668641969999953290e-01
2.123811550000027637e-01 2.105647949999820412e-01 2.109776639999836334e-01 2.085272439999243943e-01 2.138082330002362141e-01
4.400607370000670926e-01 4.380019980001179647e-01 4.343615970001337701e-01 4.354737359999489854e-01 4.357200829999783309e-01
8.036027199998443393e-01 8.082945959999960905e-01 8.123325740000382211e-01 8.058884070001113287e-01 8.246718600003077881e-01
1.801254561999940051e+00 1.817361228999970990e+00 1.802406420999886905e+00 1.829187265000200568e+00 1.802387962000011612e+00
3.778830528000071354e+00 4.110961111000051460e+00 4.106549406999874918e+00 4.129318322000017361e+00 4.103106198000205040e+00
2.001687010001660383e-01 1.996505379997870477e-01 2.001174629999695753e-01 2.007644440000149189e-01 2.008364329999494657e-01
2.236961419998806377e-01 2.301087480000205687e-01 2.227285170001778170e-01 2.240290490003644663e-01 2.257274369999322516e-01
2.632530699997914780e-01 2.630177000000912813e-01 2.635458849999849917e-01 2.583483239995985059e-01 2.610898240000096848e-01
3.117108420001386548e-01 3.109966839997468924e-01 3.145346770002106496e-01 3.146917849999226746e-01 3.115666529997724865e-01
5.121045309997498407e-01 5.120229630001631449e-01 5.096940280000126222e-01 5.133815270000923192e-01 5.084916180003347108e-01
6.173982220002471877e-01 6.285893320000468520e-01 6.225082989999464189e-01 6.155571550002605363e-01 6.269601259996306908e-01
9.441002089997709845e-01 9.036079809998227574e-01 9.102660949997698481e-01 9.094599990003189305e-01 9.042682640001658001e-01
1.250996033999854262e+00 1.261047743999824888e+00 1.269456673999684426e+00 1.267509546999917802e+00 1.264851990999886766e+00
1.422605648000171641e+00 1.437367638000068837e+00 1.446602504999646044e+00 1.434833491999597754e+00 1.461764435000077356e+00
2.836844504000055167e+00 2.732412070999998832e+00 2.735703670000020793e+00 2.713162931000169920e+00 2.702314140999988012e+00
3.466571612999814533e+00 3.428596585999912350e+00 3.425166828000328678e+00 3.390625111000190373e+00 3.857394050000038987e+00
6.337623607999830710e+00 6.275584300999980769e+00 6.298017673999765975e+00 6.367364388999703806e+00 6.470749707999857492e+00
1.031708244399987962e+01 1.027286061900031200e+01 1.023374094700011483e+01 1.025576843999988341e+01 1.025706599299974187e+01
1.386286149399984424e+01 1.461018422100005409e+01 1.814667867699972703e+01 1.575019586700000218e+01 1.157774279600016598e+01
1.537783774499985157e+01 1.052703057899998385e+01 1.497997156100018401e+01 1.148142815600022004e+01 1.488444403799985594e+01
2.051713436499994714e+01 2.299708661900012885e+01 2.272068551899974409e+01 1.661108669699979146e+01 1.778946611999981542e+01
6.219652200002201425e-01 6.007314079997740919e-01 6.225038530001256731e-01 6.225126529998306069e-01 6.133726549996936228e-01
6.520485210003243992e-01 6.398394670000016049e-01 6.613047159999041469e-01 6.528145400002358656e-01 6.659464660001503944e-01
1.095395669999561505e-01 7.263376099999732105e-01 1.091741190002721851e-01 1.147080569999161526e-01 1.141451510002298164e-01
1.282787180002742389e-01 1.301786820004053880e-01 1.234871569999995700e-01 1.585198669999954291e-01 1.237868270000035409e-01
1.639490829998067056e-01 1.758124299999508366e-01 1.575831409995771537e-01 1.733774780000203464e-01 1.719251330000588496e-01
2.411149859999568434e-01 2.773740229999930307e-01 2.681574500002170680e-01 2.755634899999677145e-01 2.839693420000912738e-01
1.907075492999865673e+00 2.081750607000230957e+00 1.970892297999853326e+00 2.123554478000187373e+00 1.849957770999935747e+00
4.601692130004266801e-01 4.874094309998326935e-01 4.670854649998545938e-01 4.900921200000993849e-01 4.909417060002851940e-01
1.428963970001859707e-01 1.397230799998396833e-01 1.407238239999060170e-01 1.400656900000285532e-01 1.395285940002395364e-01
1.493137769998611475e-01 1.519277200000033190e-01 1.481853559998853598e-01 1.501845129996581818e-01 1.509969990001991391e-01
1.628495029999612598e-01 1.651771649999318470e-01 1.605873220000830770e-01 1.594796100002895400e-01 1.626826880001317477e-01
1.807118040001114423e-01 1.812741339999774937e-01 1.824113979996582202e-01 1.808842739997089666e-01 1.911514620001071307e-01
2.142036790000929614e-01 2.090201820001311717e-01 2.094186449999142496e-01 2.095019529997443897e-01 2.085478029998739657e-01
3.639412050001737953e-01 3.636212540000087756e-01 3.650764799999706156e-01 3.565094779996798025e-01 3.609916310001608508e-01
5.317824829999153735e-01 5.407360590002099343e-01 3.092554410000047938e-01 5.324685380001028534e-01 5.323826789999657194e-01
7.468144849999589496e-01 7.504147730001022865e-01 7.449599070000658685e-01 7.458942580001348688e-01 7.384178419997624587e-01
1.437516880000657693e-01 1.249672809999538003e-01 1.278437760001907009e-01 1.340087499997935083e-01 1.589191220000429894e-01
1.683656599998357706e-01 1.777985069998067047e-01 1.739798970002084388e-01 1.687768299998424482e-01 1.883975870000540453e-01
5.189071359995978128e-01 6.361414839998360549e-01 7.072231490001286147e-01 5.672416939996764995e-01 5.562941319999481493e-01
8.299042029998418002e-01 8.965937049997592112e-01 8.391131640000821790e-01 8.510899670000071637e-01 8.060284900002443464e-01
1.531017170000268379e+00 1.514355297999827599e+00 1.523745433000385674e+00 1.453113329000188969e+00 1.973873816000377701e+00
2.727866345999700570e+00 2.750331021999954828e+00 2.658954807000100118e+00 2.858895492000101513e+00 2.798338030000195431e+00
4.791008778999639617e+00 4.914890020999791886e+00 4.799120404999939637e+00 4.854379930000050081e+00 5.058835349000219139e+00
8.785196866000205773e+00 8.993723580999812839e+00 8.413254942000094161e+00 8.147691874999964057e+00 8.830050718000165944e+00
3.245305499999631138e-01 3.216219639998598723e-01 3.231250290000389214e-01 3.275663170002189872e-01 3.249930399997538188e-01
3.457429869999941729e-01 3.396302539999851433e-01 3.424779940000917122e-01 3.485665309999603778e-01 3.396239779999632447e-01
3.827985960001569765e-01 3.797791900001357135e-01 3.844522770000367018e-01 3.723040550003133831e-01 3.725931680000940105e-01
4.464932649998445413e-01 4.475595800004157354e-01 4.511303410004074976e-01 4.354523599999993166e-01 4.410847600001943647e-01
6.076449839997621893e-01 6.011690330001329130e-01 6.089689269997506926e-01 5.982406590001119184e-01 6.076152330001605151e-01
1.183413620999999694e+00 1.182616448999851855e+00 1.168272005999824614e+00 1.179819317999772466e+00 1.182097307999811164e+00
1.423461802000019816e+00 2.046246722999967460e+00 2.020593024999925547e+00 2.053961403999892354e+00 2.024730300000101124e+00
2.896800311000333750e+00 2.432870606000051339e+00 2.899872676000086358e+00 3.382225201999972342e+00 3.113717294000252878e+00
1.053520960003879736e-01 7.676729400009207893e-02 8.249440100007632282e-02 7.046953200006100815e-02 5.815031899965106277e-02
1.106339370003297518e-01 8.955427599994436605e-02 1.116601039998386113e-01 1.126326680000602209e-01 1.157675399999789079e-01
1.234506309997414064e-01 1.230864460003431304e-01 1.220531590001883160e-01 1.205310989998906734e-01 1.217795249999653606e-01
1.449017449999701057e-01 1.443962970001848589e-01 1.443181280001226696e-01 1.435574980000637879e-01 1.439519149998886860e-01
1.853876649997800996e-01 1.809436429998640961e-01 1.842506219995811989e-01 1.825595820000671665e-01 1.842458090000036464e-01
3.379084579996742832e-01 3.494247680000626133e-01 3.371020179997685773e-01 3.380221319998781837e-01 3.423311940000530740e-01
6.595505210002556851e-01 6.683873620004305849e-01 6.543975069998850813e-01 6.595454060002339247e-01 6.548495590000129596e-01
1.217657400000007328e+00 1.247326749999956519e+00 1.218092129000069690e+00 1.221751571999902808e+00 1.210134102000210987e+00
7.802509499970256002e-02 7.653811599993787240e-02 7.619594400011919788e-02 8.163532500020664884e-02 7.616961199983052211e-02
8.030060100008995505e-02 8.134074399958990398e-02 8.170921600003566709e-02 8.191965599962713895e-02 8.709981799984234385e-02
1.137132720000408881e-01 1.102518019997660303e-01 1.086898120001933421e-01 1.083798109998497239e-01 1.091830320001463406e-01
1.384114239999689744e-01 1.377722559996072960e-01 1.412730150000243157e-01 1.402547090001462493e-01 1.436736240002574050e-01
3.623746729999766103e-01 3.627354680002099485e-01 3.633296530001643987e-01 3.602808210002876876e-01 3.610645149997253611e-01
7.675909119998323149e-01 7.876647250000132772e-01 7.800060009999469912e-01 7.792947460002324078e-01 7.902987590000520868e-01
2.031511759999830247e+00 2.044492186999832484e+00 2.027507419999892591e+00 1.436659181999857537e+00 1.484416429000248172e+00
2.989278388999991876e+00 3.024709972999971797e+00 5.044406284999695345e+00 4.576702320000094915e+00 4.156730674999835173e+00
2.431893570001193439e-01 2.466416979996211012e-01 2.433645629998864024e-01 2.415780790001917921e-01 2.466113969999241817e-01
2.523040080000100716e-01 2.490412290003405360e-01 2.517154180000034103e-01 2.472934709999208280e-01 2.473637610000878340e-01
2.202699910003502737e-01 2.375312390004182816e-01 2.576996170000711572e-01 2.605221969997728593e-01 2.122930870000345749e-01
2.907426429997030937e-01 2.228405480000219541e-01 2.873650980000093114e-01 2.863132970001061040e-01 1.904839740000170423e-01
3.385981710002852196e-01 3.262224810000589059e-01 3.384805599998799153e-01 3.304012169996894954e-01 2.663218689999666822e-01
4.459231920000092941e-01 4.615986190001422074e-01 4.337309070001538203e-01 4.452942919997440185e-01 4.456495880003785715e-01
7.779028970003309951e-01 8.025083980000999873e-01 7.847366819996750564e-01 7.843484449999778008e-01 7.597744429999693239e-01
1.203893633000006957e+00 1.272953316999974049e+00 3.666153889998895465e-01 1.244757462999587005e+00 1.230876637999699597e+00
8.660427299992079497e-02 8.510286000000633067e-02 8.478974799982097466e-02 9.593473799986895756e-02 8.658104500000263215e-02
1.065299209999466257e-01 1.081143729998075287e-01 1.049371190001693321e-01 1.057814600003439409e-01 1.102392340003461868e-01
1.167685269997491559e-01 1.179445779998786747e-01 1.158139330000267364e-01 1.179621549999865238e-01 1.176010069998483232e-01
1.369296060001943260e-01 1.368992099996830802e-01 1.366164460000618419e-01 1.376654639998378116e-01 1.375591890000578132e-01
1.765005919996838202e-01 1.807593000003180350e-01 1.783152630000586214e-01 1.787137150004127761e-01 1.777392359999794280e-01
3.437458840003273508e-01 3.472193050001806114e-01 3.462492939997900976e-01 3.464801390000502579e-01 3.652320380001583544e-01
7.179156050001438416e-01 4.769510230003106699e-01 5.719722169997112360e-01 7.971184869998069189e-01 6.542176310003924300e-01
1.472372015000019019e+00 1.478685310999935609e+00 9.172450999999455235e-01 1.476800372999605315e+00 1.455325481999807380e+00
7.723769500034904922e-02 8.296484399988912628e-02 7.029167099972255528e-02 7.909478700003091944e-02 7.324533400014843210e-02
8.165929699998741853e-02 8.559196299984250800e-02 8.210750899979757378e-02 8.453813799997078604e-02 8.426644800010762992e-02
1.037130529998648854e-01 1.021809129997564014e-01 1.028445770002690551e-01 1.004134540003178699e-01 1.027356529998542101e-01
1.106659699998999713e-01 1.120320089999040647e-01 1.136601040002460650e-01 1.104539030002342770e-01 1.148965839997799776e-01
1.309642539999913424e-01 1.311815409999326221e-01 1.284009310002147686e-01 1.299364870001227246e-01 1.327068209998287784e-01
2.353324569999131199e-01 2.337722680003935238e-01 2.396881979998397583e-01 2.358608510003250558e-01 2.291230160003578931e-01
3.712043789996641863e-01 3.645916310001666716e-01 3.713139369997406902e-01 3.721181589999105199e-01 3.614168569997673330e-01
6.237016830000357004e-01 6.359793209999224928e-01 6.304282000000966946e-01 6.313199639998856583e-01 6.257840429998395848e-01
9.847298399972714833e-02 9.393234399976790883e-02 9.618922599975121557e-02 1.006267309999202553e-01 9.708071699969877955e-02
1.236715790000744164e-01 1.285676789998433378e-01 1.277589040000748355e-01 1.282375949999732256e-01 1.228074610003204725e-01
1.612685350000901963e-01 1.621221720001813082e-01 1.623317149997092201e-01 1.650727530000040133e-01 1.624862569997276296e-01
2.615456530002120417e-01 2.670332659999985481e-01 2.652776999998422980e-01 2.677933710001525469e-01 2.648495529997489939e-01
6.837756499999159132e-01 6.976167960001475876e-01 6.990230559999872639e-01 6.984565810003005026e-01 6.976151620001473930e-01
1.606399660999613843e+00 1.620187902999987273e+00 1.617403932999877725e+00 1.617915555999843491e+00 1.613844645999961358e+00
4.238827845000287198e+00 4.219556431000000885e+00 4.172138697000264074e+00 4.201044259999889618e+00 4.188569977000042854e+00
1.063197420500000590e+01 7.269019071999991866e+00 1.076255038299996158e+01 9.539709088000108750e+00 1.080546151599992299e+01
2.567503450000003795e-01 9.979740450003191654e-01 2.967406560001109028e-01 2.839995740000631486e-01 2.522376019996954710e-01
3.054768820002209395e-01 3.301001449999603210e-01 3.532817649997923581e-01 3.350865140000678366e-01 8.048285400000168011e-01
5.188638109998464643e-01 4.075968120000652561e-01 4.548828090000824886e-01 3.821598489998905279e-01 7.068374619998394337e-01
5.628431949999139761e-01 6.125449189999017108e-01 6.407216190000326606e-01 5.339464210001096944e-01 8.297250800001165771e-01
2.036749955999766826e+00 2.100693607000266638e+00 2.001718407999760529e+00 1.507974510000167356e+00 3.064269964999766671e+00
3.800933793000240257e+00 3.259234344000105921e+00 3.921170985000117071e+00 2.719121021999853838e+00 4.340117862999704812e+00
1.226623508100010440e+01 1.094439213899977403e+01 1.080403127600038715e+01 1.100177599100015868e+01 9.891840611000134231e+00
1.161897382600000128e+01 2.214937608499985799e+01 1.385024416200030828e+01 1.001925927699994645e+01 2.896467611200023384e+01
8.845240900018325192e-02 7.455956600006174995e-02 8.047043699980349629e-02 6.833271100003912579e-02 8.117576599988751695e-02
8.211138199976630858e-02 8.252513899969926570e-02 8.208113999990018783e-02 7.416946899957110872e-02 8.416851399988445337e-02
1.055598990001271886e-01 8.617333199981658254e-02 9.065389699981096783e-02 8.458377600027233711e-02 8.434158000000024913e-02
1.118772440004249802e-01 9.407190100000661914e-02 1.042652390001421736e-01 9.359441100014009862e-02 9.600153299970770604e-02
1.398182869997981470e-01 1.080882710002697422e-01 1.167838750002374582e-01 1.470860629997332580e-01 1.285519630000635516e-01
2.414528509998490335e-01 2.243430819999048254e-01 2.488584889997582650e-01 1.942766070001198386e-01 1.674928779998481332e-01
3.656561799998598872e-01 3.702195699997901102e-01 3.888782020003418438e-01 3.411975779999920633e-01 2.471841710002991022e-01
5.798007309999775316e-01 5.647480699999505305e-01 5.602830870002435404e-01 5.246663359998819942e-01 5.736095859997476509e-01
5.287655269999049779e-01 5.456583870000031311e-01 5.278457829999751993e-01 5.440998960002616514e-01 5.527256270001998928e-01
5.899456899996948778e-01 5.856425350002609775e-01 5.899557939997066569e-01 5.748547480002343946e-01 5.913387610003155714e-01
6.871209149999231158e-01 6.966101940001863113e-01 6.720389269999031967e-01 6.796503690002282383e-01 6.940473140002723085e-01
8.799825979999695846e-01 5.170023219998256536e-01 6.875268759999926260e-01 6.859413709998989361e-01 7.509423490000699530e-01
2.105032091999873956e+00 2.139505411999834905e+00 1.312243145000138611e+00 2.122831929000312812e+00 1.575285408999661740e+00
2.539017489999878308e+00 3.533392252999874472e+00 4.166602525000143942e+00 3.004534770999725879e+00 2.758538782999949035e+00
4.124768239999866637e+00 7.428688334000071336e+00 5.811123427999973501e+00 5.604602207999960228e+00 5.965582243999961065e+00
2.011517945200012036e+01 1.357460858800004644e+01 2.243717690099992979e+01 2.316218245600020964e+01 2.083016089700004159e+01
7.598062800025218166e-02 7.928803300001163734e-02 8.295026599989796523e-02 8.343704200024149031e-02 7.698626199999125674e-02
8.077567999998791493e-02 7.918486100015798002e-02 7.924813699992228067e-02 8.192796200000884710e-02 7.581580400028542499e-02
8.710398799985341611e-02 7.791743799998585018e-02 8.237717900010466110e-02 8.312750300001425785e-02 8.171780900011071935e-02
8.301541599985284847e-02 8.409252499996000552e-02 8.571497000002636923e-02 8.685281799989752471e-02 7.546196600014809519e-02
1.036192409997056529e-01 1.024910850001106155e-01 1.012465759999940929e-01 1.031162499998572457e-01 1.038241840001319360e-01
1.802940269999453449e-01 1.766657289999784552e-01 1.816983720000280300e-01 1.821301250001852168e-01 1.796511339998687617e-01
2.760437030001412495e-01 2.697467970001525828e-01 2.703447260000757524e-01 2.750772219997088541e-01 2.693775499997173029e-01
4.468807119997109112e-01 4.413478270002997306e-01 4.886156880002090475e-01 4.439942580002025352e-01 4.458199300001979282e-01
1.357290300002205186e-01 1.329327490002469858e-01 1.345977569999377010e-01 1.334532989999388519e-01 1.333615329999702226e-01
1.570208299999649171e-01 1.544461309999860532e-01 1.554234639997957856e-01 1.568253360001108376e-01 1.560266709998359147e-01
1.981474219996925967e-01 1.977427359997818712e-01 2.014976619998378737e-01 2.013629339999170043e-01 1.995113319999290979e-01
2.204947139998694183e-01 2.683124150003095565e-01 3.674584760001380346e-01 2.942647549998582690e-01 1.793251599997347512e-01
6.948397140004090033e-01 6.918274110003039823e-01 7.142264369999793416e-01 6.985135979998631228e-01 6.865791390000595129e-01
1.315134321000186901e+00 1.320069479000267165e+00 1.335643606999838084e+00 1.335281792999921890e+00 1.340190152000104717e+00
2.869399723999777052e+00 2.879978098000265163e+00 2.873647865000293677e+00 2.881858915000066190e+00 2.850695000000087020e+00
5.997970589000033215e+00 6.010136388999853807e+00 5.797745844000019133e+00 5.087936823999825720e+00 6.008418569000241405e+00
4.021775420001176826e-01 4.001040800003465847e-01 4.001043419998495665e-01 3.996065679998537234e-01 4.115970240000024205e-01
4.547405009998328751e-01 4.484905160002199409e-01 4.572385970000141242e-01 4.514689399998133013e-01 4.520609080000212998e-01
5.309151980000024196e-01 5.287450099999659869e-01 5.243041130001984129e-01 5.325670020001780358e-01 5.270964349997484533e-01
6.590775469999243796e-01 6.525586920001842373e-01 6.631462769996687712e-01 6.453459180002028006e-01 6.481174690002262651e-01
1.142649929000072007e+00 1.138637048999953549e+00 1.140145357999699627e+00 1.144187071000033029e+00 1.245126949000223249e+00
1.765244325999901776e+00 1.750669144999847049e+00 1.749230588000045827e+00 1.766636590000416618e+00 1.750376343999960227e+00
1.910302007000154845e+00 1.741134920000149577e+00 1.483026575000167213e+00 2.102529106000019965e+00 2.223457663999852230e+00
4.156572374999996100e+00 4.160403879000114102e+00 4.161496903000170278e+00 4.192855933000373625e+00 4.181011806000242359e+00
8.429817599972011521e-02 8.226335500012282864e-02 8.212917499986360781e-02 8.204852000017126556e-02 8.070263000035993173e-02
8.102554000015516067e-02 8.338134399991758983e-02 8.301817700021274504e-02 8.289768100030414644e-02 8.296141099981468869e-02
8.558647299969379674e-02 8.724340900016613887e-02 8.494035800003985059e-02 8.592558299960728618e-02 8.622536000029867864e-02
8.913644200038106646e-02 8.898887999976068386e-02 9.041527599993059994e-02 8.855454600006851251e-02 9.008295600006022141e-02
1.194766769999660028e-01 1.159437349997460842e-01 1.178035689999887836e-01 1.167059829999743670e-01 1.173699119999582763e-01
1.370200110000041605e-01 1.367897320001247863e-01 1.337733249997654639e-01 1.349359789996924519e-01 1.354105969999181980e-01
2.386526529999173363e-01 2.355481899999176676e-01 2.371957410000504751e-01 2.348138960001051601e-01 2.349308140001085121e-01
3.675075259998266120e-01 3.683120900000176334e-01 3.637537909999082331e-01 3.700182219999987865e-01 3.636980080000284943e-01
3.585742329996719491e-01 3.550538730000880605e-01 3.430142780002825020e-01 3.676322769997568685e-01 3.506803910004236968e-01
3.779458949998115713e-01 3.674227729998165159e-01 3.664522099998066551e-01 3.692993770000612130e-01 3.709841130003042053e-01
4.057674049995512178e-01 4.055827199999839650e-01 4.091693079999458860e-01 4.227094660000147996e-01 4.128780390001338674e-01
4.794455000001107692e-01 4.965489259998321359e-01 4.953013029999056016e-01 4.842361460005122353e-01 4.955629750002117362e-01
1.008291951000046538e+00 1.028200401000049169e+00 1.025754538000001048e+00 1.012366007000309764e+00 1.024470968999594334e+00
1.725969431000066834e+00 1.737460328999986814e+00 1.762420215999554785e+00 1.730372979000094347e+00 1.730302058999768633e+00
3.220735095000236470e+00 3.168847250999988319e+00 3.211615277999953832e+00 3.174425524000071164e+00 3.202207383999848389e+00
5.196832214000096428e+00 4.962447918999714602e+00 5.291870641999594227e+00 5.169555588000548596e+00 4.993652419999307313e+00
1.442560799996499554e-01 1.443573110000215820e-01 1.447978360001798137e-01 1.474648599996726261e-01 1.459845479994328343e-01
1.687299549994349945e-01 1.651609000000462402e-01 1.638446340002701618e-01 1.677966739998737467e-01 1.673995720002494636e-01
2.054521350000868551e-01 2.044885719997182605e-01 2.056822869999450631e-01 2.000488149997181608e-01 2.029324690001885756e-01
2.587041050001062104e-01 2.352985879997504526e-01 2.298895600006289897e-01 2.615153919996373588e-01 1.962955839999267482e-01
8.246862329997384222e-01 7.991161520003515761e-01 8.061068309998518089e-01 7.002013379997151787e-01 8.163284530000964878e-01
1.845953391999501036e+00 1.848528133999934653e+00 1.855849909999960801e+00 1.554578146000494598e+00 1.746412935000080324e+00
4.649799153999992996e+00 3.247551835999729519e+00 4.291519473999869660e+00 3.859454129999903671e+00 2.903672614000242902e+00
1.040404547899925092e+01 1.102970864300004905e+01 8.717931526000029407e+00 7.137057134999849950e+00 6.137791279000339273e+00
5.481592499927501194e-02 5.156005100070615299e-02 4.310391600029106485e-02 7.063181099965731846e-02 5.293414500010840129e-02
4.057058640000832384e-01 8.607298599963542074e-02 1.056223190007585799e-01 1.129169309997450910e-01 9.348666900041280314e-02
9.398607000002812129e-02 1.209318629998961114e-01 1.174703509996106732e-01 1.052194290004990762e-01 1.389034189996891655e-01
2.231420410007558530e-01 1.891346980000889744e-01 1.982900369994240464e-01 1.952322569995885715e-01 1.834496169994963566e-01
5.962667929998133332e-01 4.936466429999200045e-01 5.472632510000039474e-01 6.440755849998822669e-01 6.856633100005637971e-01
6.575494800008527818e-01 6.070386159999543452e-01 7.836626729995259666e-01 7.298307730006854399e-01 6.766234449996773037e-01
1.351831123999545525e+00 1.133082193000518600e+00 1.079428252999605320e+00 1.149430529999335704e+00 9.783820620004917146e-01
2.602884615999755624e+00 2.386599111000577977e+00 2.744317314999534574e+00 2.914037943999574054e+00 2.759803478000321775e+00
3.446342050001476309e-01 3.475129540001944406e-01 3.593510010005047661e-01 3.477621049996741931e-01 3.433343599999716389e-01
3.736023999999815715e-01 3.747558340000978205e-01 3.897181459997227648e-01 3.781889179999780026e-01 3.730174920001445571e-01
4.125220300002183649e-01 4.195857940003406839e-01 4.116547100002208026e-01 4.291993440001533600e-01 4.285166890003893059e-01
4.866905849994509481e-01 4.838268250005057780e-01 4.885324919996492099e-01 4.885970120003548800e-01 4.873006489997351309e-01
8.502671849992111675e-01 8.628221810004106374e-01 8.541499929997371510e-01 8.647207599997273064e-01 8.579467500003374880e-01
1.010322111999812478e+00 1.011589289000767167e+00 9.980060799998682342e-01 1.014980543999627116e+00 1.003658497999822430e+00
1.522764256000300520e+00 1.497818777999782469e+00 1.501409855000019888e+00 1.505810245000247960e+00 1.499787101000038092e+00
2.397959169000387192e+00 2.427977772999838635e+00 2.425230197000018961e+00 2.439636437999979535e+00 2.418049777000305767e+00
2.545193910000307369e-01 2.563648019995525829e-01 2.427153720000205794e-01 1.946786570006224792e-01 1.764529980000588694e-01
2.869479789997058106e-01 2.874854350002351566e-01 2.860547020000012708e-01 2.910816140001770691e-01 2.938448159993640729e-01
3.900315290002254187e-01 3.919170360004500253e-01 3.954549649997716187e-01 3.700857450003240956e-01 3.749435620002259384e-01
7.230994150004335097e-01 7.507458570007656817e-01 7.284210859997983789e-01 7.415076509996652021e-01 6.989312300001984113e-01
1.278503532999820891e+00 1.269771985999796016e+00 1.273173413000222354e+00 1.333082033999744453e+00 1.276497543000004953e+00
2.576670362000186287e+00 2.446182937999765272e+00 2.562133128000823490e+00 2.551299713999469532e+00 2.050023185000100057e+00
4.945437610999761091e+00 5.173906244999670889e+00 5.157166465999580396e+00 5.145025791999614739e+00 5.181583508000585425e+00
1.069332279700029176e+01 1.048650184999951307e+01 1.066676908999943407e+01 9.006271890000789426e+00 1.071479102499961300e+01
1.073140680000506109e-01 8.384347199989861110e-02 1.050397159997373819e-01 1.132961169996633544e-01 9.453066599962767214e-02
1.287605500001518521e-01 1.309109450003234087e-01 1.298320989999410813e-01 1.309363379996284493e-01 1.318911919997844961e-01
1.425887699997474556e-01 1.409388950005450170e-01 1.379140130002269871e-01 1.388669220004885574e-01 1.358365919995776494e-01
1.601783790001718444e-01 1.588697660008620005e-01 1.570727869993788772e-01 1.599366729997200309e-01 1.376024679993861355e-01
1.960492749994955375e-01 1.915956020002340665e-01 1.924015929998859065e-01 1.965727040005731396e-01 1.929698359999747481e-01
2.950034320001577726e-01 2.870132119996924303e-01 7.163251019992458168e-01 2.872547580000173184e-01 2.943137029997160425e-01
3.762360810005702660e-01 4.110893779998150421e-01 4.620986859999902663e-01 4.136022980001143878e-01 4.253499340002235840e-01
5.065327789998264052e-01 5.228562579995923443e-01 4.724936630000229343e-01 5.753358089996254421e-01 4.996221049996165675e-01
8.249532100035139592e-02 8.851171700007398613e-02 8.957235399975616019e-02 8.855910199963545892e-02 8.847124300064024283e-02
9.790573099962784909e-02 9.560642199994617840e-02 9.713423199991666479e-02 9.484572200017282739e-02 9.227819199986697640e-02
1.034541700000772835e-01 1.015721250005299225e-01 1.025297310006862972e-01 1.069473109992031823e-01 1.047093269999095355e-01
1.475099839999529650e-01 1.482549680004012771e-01 1.476394020000952878e-01 1.488572180005576229e-01 1.465262419997088728e-01
1.825840069996047532e-01 1.777230440002313117e-01 1.809402569997473620e-01 1.772851949999676435e-01 1.781801030001588515e-01
2.550495550003688550e-01 1.638788400005068979e-01 2.491995030004545697e-01 2.335398960003658431e-01 2.488044950005132705e-01
4.548002069996073260e-01 4.511376119999113143e-01 4.606638599998404970e-01 4.649841569998898194e-01 4.549822139997559134e-01
7.428290130001187208e-01 7.528215030006322195e-01 7.482960600000296836e-01 7.555873450000945013e-01 7.407343969998692046e-01
5.808066600002348423e-02 5.286659600005805260e-02 6.334140399940224597e-02 6.817351799963944359e-02 6.219899000006989809e-02
6.821190299979207339e-02 7.951507300003868295e-02 7.198884199988242472e-02 7.817853100004867883e-02 7.351041299989446998e-02
8.873051400041731540e-02 1.230400920003376086e-01 9.957280100024945568e-02 1.040645470002345974e-01 1.092777579997346038e-01
1.967227670002102968e-01 2.354904929998156149e-01 2.127163610002753558e-01 1.795269429994732491e-01 2.723080890000346699e-01
6.002613360005852883e-01 6.406687259996033390e-01 5.987130719995548134e-01 6.447990639999261475e-01 6.669475700000475626e-01
1.467597236000074190e+00 1.324088068000492058e+00 1.398208900999634352e+00 1.305199658000674390e+00 1.361851953000041249e+00
2.102144322000640386e+00 3.163969668999925489e+00 2.287775470999804384e+00 2.139686634000099730e+00 2.206044603000009374e+00
4.216057954000461905e+00 4.470226438000281632e+00 5.410275060999993002e+00 5.162920898999800556e+00 5.696534714000335953e+00
9.256330500011245022e-02 9.665845399922545766e-02 8.928883499993389705e-02 1.286018750006405753e-01 8.399665199976880103e-02
1.033758089997718344e-01 9.846374399967317004e-02 1.016505380002854508e-01 1.188514499999655527e-01 9.714259000065794680e-02
1.139705069999763509e-01 1.096394129999680445e-01 1.165817989995048265e-01 1.301655710003615241e-01 1.111766520007222425e-01
1.470178820000000997e-01 1.363940840001305332e-01 1.342211519995544222e-01 1.403243060003660503e-01 1.253526700002112193e-01
1.812520069997844985e-01 1.770694370006822282e-01 1.791044949995921343e-01 1.740523239996036864e-01 1.708074890002535540e-01
2.794198179999511922e-01 2.372505009998349124e-01 2.873598650003259536e-01 2.403887550008221297e-01 2.504177239998170990e-01
5.025753650006663520e-01 5.290375710001171683e-01 5.604072769992853864e-01 5.587560510002731462e-01 4.727907200003755861e-01
1.037764278000395279e+00 8.928030540000690962e-01 1.086242071000015130e+00 9.431221049999294337e-01 9.800278780003282009e-01
7.978732599985960405e-02 7.692189800036430825e-02 7.626344799973594490e-02 8.152257800065854099e-02 7.809173499936150620e-02
8.044160400004329858e-02 8.314291199985746061e-02 8.525139599987596739e-02 8.262210299926664447e-02 8.125887100050022127e-02
1.090414199998122058e-01 1.073845589999109507e-01 1.076383380004699575e-01 1.066349289994832361e-01 1.103552209997360478e-01
1.475712759993257350e-01 1.466741930007628980e-01 1.413043530001232284e-01 1.426072329995804466e-01 1.411423230001673801e-01
3.668535320002774824e-01 3.642501469994385843e-01 3.711787080001158756e-01 3.650946070001737098e-01 3.669541720000779605e-01
7.891952750005657435e-01 7.907732840003518504e-01 7.982334660000560689e-01 8.048203099997408572e-01 7.937554299996918417e-01
2.046276635000140232e+00 2.053549318000477797e+00 2.051412883999546466e+00 2.040925057999629644e+00 2.058915014000376686e+00
5.191669339000327454e+00 5.194973169000149937e+00 5.216947859000356402e+00 5.230333737999899313e+00 5.185024389999853156e+00
1.193195040004866314e-01 1.180363369994665845e-01 1.231548470004781848e-01 1.235861240002122940e-01 1.207492710000224179e-01
1.354909450001287041e-01 1.352175120000538300e-01 1.365411110000422923e-01 1.353388790003009490e-01 1.374548320000030799e-01
1.673918360002062400e-01 1.702240690001417533e-01 1.707582890003322973e-01 1.685327309996864642e-01 1.711268439994455548e-01
3.306657490002180566e-01 3.335485309999057790e-01 3.313359929998114239e-01 3.326234169999224832e-01 3.383202260001780814e-01
6.857556869999825722e-01 6.753789629992752452e-01 6.770488450001721503e-01 6.874318559994208044e-01 6.815851209994434612e-01
1.428925264000099560e+00 1.402585382999859576e+00 1.413980279000497831e+00 1.414677372000369360e+00 1.424186598999767739e+00
3.209999126000184333e+00 3.219806484999935492e+00 3.191084568999940529e+00 3.213934780999807117e+00 3.166530378999595996e+00
7.226351637000334449e+00 7.159073697999701835e+00 7.148124555999856966e+00 7.166246320000027481e+00 7.171925202999773319e+00
7.267680900076811668e-02 8.307176300058927154e-02 8.156487999985984061e-02 7.178495500011194963e-02 7.455433599989191862e-02
1.010835619999852497e-01 1.117997999999715830e-01 1.197258029997101403e-01 1.266276319993266952e-01 1.095035070002268185e-01
2.122909950003304402e-01 1.817759519999526674e-01 1.773729249998723390e-01 1.708295759999600705e-01 1.858287730001393356e-01
4.434716180003306363e-01 4.607917409994115587e-01 3.823785200002021156e-01 4.484178020002218545e-01 4.357315810002546641e-01
7.593293810004979605e-01 7.212488730001496151e-01 8.324177530002998537e-01 8.970235520000642282e-01 8.605704000001423992e-01
1.862064029000066512e+00 1.866760642999906850e+00 1.825638704000084545e+00 1.926229228000011062e+00 1.904482353000275907e+00
3.559273437999763701e+00 3.895064055000148073e+00 4.051363929000217468e+00 4.327951708999535185e+00 2.212435659999755444e+00
5.413734548000320501e+00 4.979815805999351142e+00 4.918496405000041705e+00 4.888180622000618314e+00 4.788582438000048569e+00
2.770732569997562678e-01 2.766136180007379153e-01 2.747561659998609684e-01 2.730675379998501739e-01 2.722088049995363690e-01
2.843024899993906729e-01 2.922029000001202803e-01 2.851558029997249832e-01 2.823368509998545051e-01 2.715347110006405273e-01
3.075413110000226879e-01 2.926571719999628840e-01 3.140692209999542683e-01 2.933728149992020917e-01 2.925341879999905359e-01
2.091992440000467468e-01 2.157157860001461813e-01 2.199458400000366964e-01 2.094999430000825669e-01 1.966740060006486601e-01
2.409990739997738274e-01 2.231050720001803711e-01 2.088609900001756614e-01 2.134979739994378178e-01 2.103682990000379505e-01
3.168102830004499992e-01 3.336672929999622284e-01 2.971118209998167004e-01 3.138780939998468966e-01 3.152597810003499035e-01
8.738228510001135874e-01 7.676810500006467919e-01 8.664414719996784697e-01 8.631251440001506126e-01 8.493980650000594324e-01
1.009318003999396751e+00 1.123455371999625640e+00 1.129029525000078138e+00 1.142787798999961524e+00 1.127664911000465509e+00
1.730595760000142036e-01 2.020846200002779369e-01 1.829343170002175611e-01 2.031384570000227541e-01 1.813279230000262032e-01
2.235543189999589231e-01 2.267240949995539268e-01 2.546621780002169544e-01 2.413859210000737221e-01 2.598777899993365281e-01
3.392186379996928736e-01 3.481912039997041575e-01 3.568173359999491367e-01 3.521623090000502998e-01 3.476957299999412498e-01
5.568342260003191768e-01 5.244494670005224179e-01 6.580100139999558451e-01 5.869690469999113702e-01 5.746276990003025276e-01
9.125643879997369368e-01 9.405923960002837703e-01 1.230574726000668306e+00 1.005527975000404695e+00 1.072524833999523253e+00
1.322393143000226701e+00 1.692960890999529511e+00 1.878591210000195133e+00 1.518589769999380223e+00 1.424031223000383761e+00
2.279772990999845206e+00 2.129341871000178799e+00 2.791946115999962785e+00 2.468702541000311612e+00 2.345075727000221377e+00
4.039545547000670922e+00 3.991358538999520533e+00 2.984379878999789071e+00 3.031130675999520463e+00 2.946003875999849697e+00
1.156954879998011165e-01 1.102438240004630643e-01 1.152808830001958995e-01 1.145174439998299931e-01 1.151036049996037036e-01
1.286157670001557563e-01 1.255514020003829501e-01 1.239055649994043051e-01 1.264184050005496829e-01 1.273344589999396703e-01
1.533522630006700638e-01 1.534586450006827363e-01 1.530785889999606297e-01 1.508238549995439826e-01 1.571232010001040180e-01
3.065895880008611130e-01 3.010093089997099014e-01 3.011817079996035318e-01 2.994988020000164397e-01 3.041827630004263483e-01
5.380930459996307036e-01 5.418439300001409720e-01 5.435931809997782693e-01 5.475023950002650963e-01 5.374095830002261209e-01
1.273248671000146715e+00 1.272770204000153171e+00 1.256335169000522001e+00 1.273967101000380353e+00 1.261257396000473818e+00
3.063299622000158706e+00 3.034317775000090478e+00 3.015562258000500151e+00 3.043053952999798639e+00 3.072007142999609641e+00
7.246703700000580284e+00 7.293073703999652935e+00 7.269516221999765548e+00 7.266762753999501001e+00 7.371194768000350450e+00
5.319939290002366761e-01 5.365680610002527828e-01 5.308700720006527263e-01 5.257017559997620992e-01 5.286881780002659070e-01
1.424498269998366595e-01 1.598716669996065320e-01 1.449720979999256087e-01 1.601087959998039878e-01 1.427469790005488903e-01
1.711064080000141985e-01 1.863181609996900079e-01 1.799375079999663285e-01 1.825369749994933954e-01 1.710079519998544129e-01
2.197790710006302106e-01 2.291222929998184554e-01 2.205651060003219754e-01 2.220031970000491128e-01 2.120497369996883208e-01
4.583288339999853633e-01 4.702784749997590552e-01 4.828058539997073240e-01 4.883073959999819635e-01 4.952325250005742419e-01
4.196523150003486080e-01 4.292651139994632103e-01 4.351503950001642806e-01 4.109080920006817905e-01 4.376567700001032790e-01
5.412516260003030766e-01 5.425205719993755338e-01 5.553537149999101530e-01 5.440434279998953571e-01 5.237358419999509351e-01
8.212707709999449435e-01 8.812990729993543937e-01 8.309028109997598222e-01 7.951169590005520149e-01 8.504577209996568854e-01
1.424758779994590441e-01 1.456798199997137999e-01 1.460310649999883026e-01 1.425126190006267279e-01 1.450048130000141100e-01
1.674694419998559169e-01 1.672342980000394164e-01 1.633051620001424453e-01 1.700402710002890672e-01 1.638900409998313989e-01
2.045980220000274130e-01 2.009722699995108997e-01 2.012525219997769454e-01 2.037690709994421923e-01 2.007276160002220422e-01
2.617645640002592700e-01 2.636533550003150594e-01 2.664392449996739742e-01 2.633490369998980896e-01 2.623242940007912694e-01
4.673754579998785630e-01 4.727219080004942953e-01 4.639157540004816838e-01 4.657284139993862482e-01 4.629247430002578767e-01
7.548509469997952692e-01 7.441893400000481051e-01 7.313636899998527952e-01 7.582972310001423466e-01 7.391805059996841010e-01
1.238534500000241678e+00 1.238809628000126395e+00 1.240369393999571912e+00 1.240414377999513817e+00 1.255129434000082256e+00
2.079861123999762640e+00 2.063258709999900020e+00 2.107728418999613496e+00 2.091105184000298323e+00 2.073212100999626273e+00
5.795473499983927468e-02 6.481225199968321249e-02 6.894974699935119133e-02 6.543162500020116568e-02 6.887742700018861797e-02
8.069594800053891959e-02 7.891984700017928844e-02 8.993018899946036981e-02 7.892508800068753771e-02 8.725822700034768786e-02
8.447483799955080030e-02 1.020278659998439252e-01 1.085432830004720017e-01 1.068888879999576602e-01 8.630347600046661682e-02
1.269147590001011849e-01 1.180216969996763510e-01 1.368922189994918881e-01 1.516098980000606389e-01 1.161116190005486715e-01
1.743615720006346237e-01 1.777083790002507158e-01 1.795383840008071274e-01 1.801961819992357050e-01 1.699805409998589312e-01
2.462733370002752054e-01 2.462559119994693901e-01 2.481649640003524837e-01 2.474594169998454163e-01 2.475495939997927053e-01
4.277556049992199405e-01 4.307435699993220624e-01 4.266611580005701398e-01 4.287384509998446447e-01 4.279370690001087496e-01
6.794072809998397133e-01 6.802480639998975676e-01 6.804093299997475697e-01 6.585974279996662517e-01 6.792134320003242465e-01
9.258108700032607885e-02 8.009857100023509702e-02 8.710006099954625824e-02 9.166735700000572251e-02 8.285187300043617142e-02
1.028093840004657977e-01 9.400604199981899001e-02 1.023497369997130590e-01 1.041960640004617744e-01 1.066164310004751314e-01
1.925286220002817572e-01 1.544473929998275707e-01 1.539302450000832323e-01 1.527168089996848721e-01 1.565321110001605120e-01
2.321662290005406248e-01 2.340383939999810536e-01 2.330031100000269362e-01 2.351346360001116409e-01 2.317955179996715742e-01
4.872679770005561295e-01 4.828997960003107437e-01 4.861910469999202178e-01 4.867639610001788242e-01 4.851798899999266723e-01
1.050904216000162705e+00 1.052358034999997471e+00 1.046234933999585337e+00 1.059828841000125976e+00 1.044892464999975346e+00
2.376854090000051656e+00 2.347220568000011554e+00 2.024486154000442184e+00 2.243323104999944917e+00 2.199760975000572216e+00
3.677241721000427788e+00 2.740452899000047182e+00 2.996174375000009604e+00 2.579785490999711328e+00 3.673311343000023044e+00
1.812134960000548745e-01 1.415611950005768449e-01 1.485286609995455365e-01 1.628847779993520817e-01 1.548159990006752196e-01
1.594562310001492733e-01 1.422283550000429386e-01 1.739508999999088701e-01 1.869575599994277582e-01 1.783370020002621459e-01
2.146996989995386684e-01 2.596418419998371974e-01 2.221111730004849960e-01 2.341657329998270143e-01 2.590802140002779197e-01
3.081345099999452941e-01 3.182017799999812269e-01 3.148852449994592462e-01 3.035540639993996592e-01 3.109967789996517240e-01
5.947356879996732459e-01 5.800851160001911921e-01 5.789743780005665030e-01 5.772660600005110609e-01 5.799468229997728486e-01
9.292756939994433196e-01 9.377508850002413965e-01 9.398038299996187561e-01 9.572722409993730253e-01 9.452765600008206093e-01
1.238040008000098169e+00 1.330380389999845647e+00 1.202908838999974250e+00 1.410455912000543321e+00 1.338254213999789499e+00
1.768797896999785735e+00 1.780545038999662211e+00 1.901469215999895823e+00 2.000997801000266918e+00 1.921175664999282162e+00
2.239039460000640247e-01 2.378495399998428184e-01 3.652078210006948211e-01 3.281620779998775106e-01 3.686174819995358121e-01
3.189180879999184981e-01 3.906019559999549529e-01 4.181514479996621958e-01 4.187413540003035450e-01 4.166598480005632155e-01
4.807528910005203215e-01 4.862271470001360285e-01 4.894709419995706412e-01 4.958608469996761414e-01 4.894947950006098836e-01
6.521204299997407361e-01 6.448376529997403850e-01 6.531893989995296579e-01 6.507334509997235727e-01 6.487739980002515949e-01
1.197507828999732737e+00 1.201594455000304151e+00 1.227398117999655369e+00 1.204497531000015442e+00 1.200669103999643994e+00
1.935010214000612905e+00 1.952539828999761085e+00 1.968368419999933394e+00 1.897839969999949972e+00 1.946480192999842984e+00
2.617237327000111691e+00 3.182367224000699935e+00 2.795925328000521404e+00 2.419866159000775951e+00 2.683445829999982379e+00
2.982864909999989322e+00 4.401235816000735213e+00 4.105045739999695797e+00 3.953680816000087361e+00 3.891757322999183089e+00
8.054823420006869128e-01 8.274831809994793730e-01 8.268116369999916060e-01 8.163074759995652130e-01 8.239015649996872526e-01
9.372911700002077851e-01 9.306590799997138674e-01 9.181945259997519315e-01 9.248374819999298779e-01 9.251371760001347866e-01
1.133942921000198112e+00 1.179061944000750373e+00 1.129673479000302905e+00 1.131713196999953652e+00 1.135488261999853421e+00
2.142142841999884695e+00 2.157937393999418418e+00 2.152290497999274521e+00 2.158574729000065417e+00 2.163391414999750850e+00
2.686084655000740895e+00 2.653168901000753976e+00 2.668271622000247589e+00 2.659089922000021033e+00 2.662725965999925393e+00
4.162467484000444529e+00 4.170091369000147097e+00 4.138760857999841392e+00 4.155317067000396491e+00 4.179475147999255569e+00
7.777031372999772429e+00 6.806223959000817558e+00 6.832924565999746847e+00 6.910219110000070941e+00 6.818819746999906783e+00
1.081429899599970668e+01 1.097324469500017585e+01 1.112408171399965795e+01 1.056285145000038028e+01 1.061258533999989595e+01
1.102855769995585433e-01 1.030977549999079201e-01 1.019742230000701966e-01 1.107602519996362389e-01 1.039435049997337046e-01
1.619009899995944579e-01 1.523026220002066111e-01 1.461514100001295446e-01 1.589979030004542437e-01 1.504732439998406335e-01
5.955146400001467555e-01 4.579861980000714539e-01 6.242903309994289884e-01 5.545960899999045068e-01 5.408185770002091886e-01
6.953848889997971128e-01 6.028944099998625461e-01 6.863632199992935057e-01 6.423345060002247919e-01 6.211126279995369259e-01
1.020591927999703330e+00 1.120469471999967936e+00 1.020600200000444602e+00 1.085391935000188823e+00 1.159245467999426182e+00
2.032084125999972457e+00 2.223730996999620402e+00 2.025084593999963545e+00 1.995070536999264732e+00 2.028823022999858949e+00
3.836099967000336619e+00 3.845795739000095637e+00 3.882794910000484379e+00 3.700187050999375060e+00 4.162519786000302702e+00
7.088062843000443536e+00 7.218445688999963750e+00 7.367216528000426479e+00 7.438925174999894807e+00 7.429224607999458385e+00
2.521487220001290552e-01 2.518922570006907335e-01 2.608931719996689935e-01 2.660799870000118972e-01 2.585696910000478965e-01
2.701733749991035438e-01 2.683294209991800017e-01 2.861633130005429848e-01 2.826400259991714847e-01 2.677976310005760752e-01
3.549762419997932739e-01 3.504674679998061038e-01 3.532392050001362804e-01 3.533037629995305906e-01 3.491254139999000472e-01
6.212548699995750212e-01 7.237930900000719703e-01 7.072456020005120081e-01 7.138594799998827511e-01 7.177112909994320944e-01
1.290622171999530110e+00 1.287055007999697409e+00 1.273631637999642408e+00 1.298795100999996066e+00 1.309069146999718214e+00
3.056263505000060832e+00 2.509189012999740953e+00 3.071103723999840440e+00 3.034434007000527345e+00 3.097409117000097467e+00
7.874718407999353076e+00 6.616289268000400625e+00 7.485102904000086710e+00 7.276967380000314733e+00 7.000582204000238562e+00
1.731079550400045264e+01 1.646529112999996869e+01 1.648460356599935039e+01 1.119696441799987952e+01 1.670749467400037247e+01
2.050629400000616442e-01 2.020160920001217164e-01 2.016468000001623295e-01 2.011971949996222975e-01 2.034409449997838237e-01
2.320065869998870767e-01 2.336648439995769877e-01 2.238949049997245311e-01 2.246987070002433029e-01 2.265612340006555314e-01
2.610144919999584090e-01 2.555106879999584635e-01 2.566844569992099423e-01 2.576066179999543237e-01 2.587482910003018333e-01
3.808606809998309473e-01 3.759336410003015772e-01 3.816176529999211198e-01 3.834344870001586969e-01 3.771110120005687349e-01
1.015641492000213475e+00 1.022061800000301446e+00 1.006243463999453525e+00 8.934959580001304857e-01 1.011071760000049835e+00
2.353168002000529668e+00 2.323560155999985000e+00 2.330981892000636435e+00 2.349427307000041765e+00 2.312519663000784931e+00
6.187129160000040429e+00 6.176706658000512107e+00 6.122862715000337630e+00 6.135880069000450021e+00 6.156710256000224035e+00
1.563283622000017203e+01 1.572731990400006907e+01 1.566665293799997016e+01 1.610817303400017408e+01 1.574927750299957552e+01
6.521262380001644487e-01 6.652706469994882355e-01 6.689971850000802078e-01 7.047858649993941071e-01 6.808193899996695109e-01
6.521753710003395099e-01 6.438843249998171814e-01 6.514876009996442008e-01 6.539384079997034860e-01 6.827362619997074944e-01
1.367699420000462851e+00 1.371531394000157889e+00 1.417492716999731783e+00 1.408268055999542412e+00 1.414847420999649330e+00
2.219707151999500638e+00 2.191080073999728484e+00 2.215330922999783070e+00 2.263860742999895592e+00 2.212291556000309356e+00
3.339327437000065402e+00 3.355830591000085406e+00 3.468180522999318782e+00 3.443774655000197527e+00 3.623864461000266601e+00
5.259082162999220600e+00 5.340093185000114318e+00 5.381629448000239790e+00 5.405707842000083474e+00 5.472256688000015856e+00
8.670391795999421447e+00 8.642975202999878093e+00 8.810849704000247584e+00 8.730034991000138689e+00 8.986538897000173165e+00
1.221283645400035311e+01 1.232294183900012285e+01 1.228580663600041589e+01 1.252091416099938215e+01 1.298578032600016741e+01
5.889130209998256760e-01 5.711908059993220377e-01 7.322124129987059860e-01 5.687956689998827642e-01 6.437228730010247091e-01
7.712779779994889395e-01 7.359262989994022064e-01 6.869135829983861186e-01 7.958852320007281378e-01 6.843774789995222818e-01
3.173299953000423557e+00 2.637991631999284436e+00 1.838206069000079879e+00 3.305600943000172265e+00 2.586304118000043673e+00
3.302457601000241993e+00 3.273063612999976613e+00 3.184446105000461102e+00 4.475354615000469494e+00 3.136311649999697693e+00
6.185346426000251085e+00 5.061321840999880806e+00 5.171635815999252372e+00 5.237993003000156023e+00 5.532100877000630135e+00
1.300878037000074983e+01 7.489969172000201070e+00 1.096994936400005827e+01 8.911344809999718564e+00 1.144078597599946079e+01
2.128307575399958296e+01 2.266681278900068719e+01 1.603554909599915845e+01 2.422445126299862750e+01 1.449977923100050248e+01
4.915591751600004500e+01 4.533773839500099712e+01 3.954413636100071017e+01 3.778668941199975961e+01 5.134886069499953010e+01
9.061173200097982772e-02 7.077505699999164790e-02 7.039826399886806030e-02 7.766302199888741598e-02 5.402980100006971043e-02
1.349050909993820824e-01 9.388204000060795806e-02 9.715098700144153554e-02 1.924755319996620528e-01 7.867786600036197342e-02
1.213485959997342434e-01 1.161800730005779769e-01 1.248780149999220157e-01 2.294221519987331703e-01 1.139460449994658120e-01
3.050068709999322891e-01 2.238414089988509659e-01 4.118614360013452824e-01 3.990897589992528083e-01 4.535929020003095502e-01
5.543874009999854024e-01 6.445980689986754442e-01 6.526414209984068293e-01 4.615894609996757936e-01 7.375326740002492443e-01
1.939298274999600835e+00 1.225652062999870395e+00 1.405980719000581303e+00 1.691572260999237187e+00 1.810302844000034383e+00
3.838197410999782733e+00 3.558563704000334837e+00 2.429856740998729947e+00 3.600887890999729279e+00 2.868200408000120660e+00
4.021204860000580084e+00 1.050773656800083700e+01 7.252559185999416513e+00 5.998710383999423357e+00 4.691694401000859216e+00
6.539437520004867110e-01 5.941501319994131336e-01 6.254153640002186876e-01 6.266382339999836404e-01 6.678020100007415749e-01
6.614217730002565077e-01 7.700054189990623854e-01 6.937754650007263990e-01 6.577288539992878214e-01 6.585470390000409679e-01
7.845751089989789762e-01 7.534063069997500861e-01 7.329816359997494146e-01 1.244935611999608227e+00 7.286434360012208344e-01
9.693012240004463820e-01 9.881834250008978415e-01 1.006059620000087307e+00 9.688268509999033995e-01 9.786888049984554527e-01
1.951617284001258668e+00 2.024698618000911665e+00 1.998795450999750756e+00 2.077837791999627370e+00 2.022680504000163637e+00
3.515077598000061698e+00 3.613827398001376423e+00 3.474295969999730005e+00 3.595301667999592610e+00 3.603834137000376359e+00
7.752556646999437362e+00 6.935036765999029740e+00 7.729818653000620543e+00 7.159942952999699628e+00 7.048974847000863519e+00
1.110699829899931501e+01 1.417895006800063129e+01 1.447768069399899105e+01 1.431262106100075471e+01 1.128323852900030033e+01
7.127568500072811730e-02 7.159467599922209047e-02 7.097591900128463749e-02 7.056459400155290496e-02 8.025881899993692059e-02
1.043546079999941867e-01 8.795925899903522804e-02 1.073977650012238882e-01 9.892868799943244085e-02 1.117542110005160794e-01
1.437128580000717193e-01 1.294119180001871428e-01 1.375585229998250725e-01 1.418921980002778582e-01 1.400776810005481821e-01
1.884510909985692706e-01 1.922181360005197348e-01 1.939893690014287131e-01 1.930122609992395155e-01 1.944481610007642303e-01
4.073350079997908324e-01 4.040057769998384174e-01 4.059105079995788401e-01 4.034705159992881818e-01 4.064417730005516205e-01
8.848261049988650484e-01 8.913670599995384691e-01 8.906412760006787721e-01 8.770464440003706841e-01 8.851667550006823149e-01
2.036119125999903190e+00 2.050941487999807578e+00 2.045143321000068681e+00 2.045328139000048395e+00 2.030291901999589754e+00
4.698431302998869796e+00 4.716248209000696079e+00 4.685064601999329170e+00 4.717003529000066919e+00 4.685920201000044472e+00
