7.699432030000004090e-01 7.817504040000002874e-01 7.905719269999949006e-01 7.954434669999983498e-01 7.876075770000028342e-01
7.727968740000008552e-01 7.824375240000023268e-01 7.854628549999986831e-01 7.808406199999993191e-01 7.930272270000102708e-01
8.789888420000018243e-01 7.770508509999984881e-01 7.733814289999969560e-01 7.773169800000019336e-01 7.901047520000048507e-01
8.015577210000017772e-01 7.783106750000001739e-01 7.817104239999963511e-01 7.905075939999974821e-01 7.883133890000095789e-01
7.756687199999987570e-01 7.738809579999994526e-01 7.781399770000021476e-01 7.786725509999996575e-01 7.788055870000079040e-01
8.686241079999987846e-01 7.703904130000012174e-01 7.816067879999977208e-01 8.800650550000028716e-01 8.800700050000074270e-01
8.889845479999962663e-01 8.715556450000008226e-01 8.797617849999994633e-01 8.878042349999972771e-01 8.840723889999964058e-01
8.825091280000023630e-01 8.769305120000012721e-01 8.890121250000007080e-01 8.810765710000012518e-01 8.873277000000001635e-01
7.988827729999883331e-01 9.082355360000065048e-01 7.958506779999936498e-01 7.905134330000009868e-01 7.913109950000034587e-01
9.021742410000115342e-01 8.911095079999995505e-01 8.911722910000037245e-01 8.876542300000096475e-01 8.943893779999712024e-01
8.795311650000030568e-01 9.043677349999938997e-01 8.786636250000015025e-01 8.934143230000017866e-01 8.947183939999945324e-01
8.860846479999935354e-01 8.910307719999934761e-01 8.890299440000148934e-01 8.908287349999568505e-01 8.890017929999771695e-01
8.897601310000027297e-01 8.813331190000042170e-01 8.904681280000090737e-01 8.857935890000021573e-01 8.851722679999625143e-01
9.949609550000104718e-01 9.942693010000027698e-01 9.880371389999993426e-01 9.965987290000271059e-01 9.947760169999924074e-01
1.112462290999999937e+00 1.207523896999987301e+00 1.104162476999988485e+00 1.092014118999998118e+00 1.200925704000042060e+00
1.323323987999998508e+00 1.295714083999996546e+00 1.209935817000001634e+00 1.205693681000013839e+00 1.310305279000033352e+00
7.857844499999941945e-01 7.906304690000069968e-01 7.930405600000085542e-01 7.858837780000271778e-01 7.945929839999621436e-01
7.898627349999856051e-01 7.778790829999593370e-01 7.773806359999753113e-01 7.777687340000056793e-01 7.905619029999684244e-01
7.839913509999973940e-01 7.783384690000048067e-01 7.793637720000106128e-01 7.846649280000406179e-01 7.809187149999843314e-01
7.881080629999814846e-01 7.759458070000277985e-01 7.838708900000028734e-01 7.817793410000035692e-01 7.885193589999630603e-01
7.839434829999731846e-01 7.972033909999822754e-01 7.801065190000144867e-01 7.875975700000026336e-01 7.910814140000184125e-01
7.833128510000051392e-01 7.902776509999966947e-01 7.761425290000261157e-01 7.764498750000257132e-01 7.774138320000361091e-01
7.821875399999953515e-01 7.809787929999743028e-01 7.830522919999793885e-01 7.863864640000315376e-01 7.893723499999509841e-01
8.762008820000346532e-01 8.825184259999900860e-01 7.775455290000081732e-01 8.816367139999670144e-01 7.802862800000411880e-01
7.844455420000144841e-01 7.890465559999597644e-01 7.842908490000013444e-01 7.907195679999858839e-01 7.923858809999728692e-01
7.998326809999980469e-01 7.864594000000124652e-01 7.874385439999969094e-01 7.887530090000041127e-01 7.914119509999864022e-01
7.806769030000282328e-01 7.814768290000415618e-01 7.920744749999926171e-01 7.830858199999966018e-01 8.911450960000593113e-01
7.854794600000332139e-01 8.890319129999966208e-01 7.869631679999997687e-01 7.844459750000396525e-01 7.969907919999741353e-01
7.780387159999690994e-01 7.889528520000226308e-01 7.867048839999597476e-01 7.732301340000162782e-01 7.908573160000287317e-01
8.931974060000129612e-01 8.871247080000443930e-01 8.885872330000097463e-01 8.956840189999866197e-01 8.961541020000822755e-01
8.850094260000105351e-01 8.863444269999831704e-01 8.964231389999781641e-01 8.869175479999853451e-01 8.946419669999841062e-01
1.103230795000001763e+00 1.095609378999995442e+00 1.095853616999988844e+00 1.097620387000006303e+00 1.117432586999939303e+00
7.974284730000817945e-01 7.929126540000197565e-01 7.996587510000381371e-01 7.860816810000414989e-01 7.897349010000880298e-01
7.832528790000878871e-01 7.847985110000763598e-01 7.789261809999743491e-01 7.873867559999325749e-01 7.919251019999364871e-01
7.916356389999918974e-01 8.924610230000098454e-01 8.885021930000220891e-01 7.997273819999008992e-01 7.905719409999392155e-01
7.769692419999500999e-01 7.817584400000896494e-01 7.833419380000350429e-01 7.911385620000146446e-01 7.832473989999471087e-01
7.862707610000825298e-01 8.842418550000274990e-01 7.828736369999660383e-01 8.829503370000111317e-01 8.815295749999449981e-01
8.942328419999512334e-01 8.952279740000221864e-01 8.883819499999390246e-01 8.949046159999625161e-01 8.975898959999994986e-01
1.100476298000103270e+00 1.106297924000045896e+00 1.097074205000012626e+00 1.098156225000025188e+00 1.108771648000015375e+00
1.400826398999925004e+00 1.403606783999975960e+00 1.413382791000003635e+00 1.396929291999981615e+00 1.400155928000003769e+00
7.972664400000439855e-01 7.893353160000060598e-01 7.856491689999529626e-01 7.947278800000958654e-01 7.845165119999819581e-01
8.010893879999230194e-01 8.151648499999737396e-01 7.851735049999888361e-01 7.909948559999975259e-01 7.891685170000073413e-01
7.957751169999482954e-01 7.843948459999410261e-01 7.918958500000599088e-01 7.857290250000232845e-01 7.874448750000055952e-01
7.952146689999608498e-01 7.801073880000330973e-01 7.900905019999981960e-01 1.145273344999964138e+00 7.840227469999945242e-01
7.848535869999295755e-01 7.863774100000000544e-01 7.888730189999932918e-01 7.935706030000346800e-01 7.898033850000274469e-01
7.880519230000118114e-01 7.852213140000685598e-01 7.899498210000501786e-01 7.891951079999444119e-01 7.896039160000327684e-01
7.897434590000784738e-01 7.877951140000050145e-01 7.875448880000703866e-01 7.940518089999386575e-01 7.886306929999591375e-01
7.968130589999873337e-01 7.829597969999895213e-01 7.830665369999678660e-01 7.801755949999460427e-01 7.780611549999321142e-01
7.807513320000225576e-01 7.920591419999709615e-01 7.861442829999987225e-01 7.882177200000342054e-01 7.955333280000331797e-01
7.828611029999592574e-01 7.883072689999153226e-01 7.924340789999178014e-01 7.929472129999339813e-01 7.885111560000268582e-01
7.878392470000790127e-01 7.834645890000047075e-01 7.860399859999915861e-01 7.885319709999976112e-01 7.909670980000100826e-01
7.873366740000165009e-01 7.901755220000268309e-01 8.897256100000277002e-01 8.842582290000109424e-01 7.917046270000582808e-01
7.913066959999923711e-01 7.862427660001003460e-01 7.901040059999786536e-01 7.893562360000032641e-01 8.914758919999030695e-01
8.888916390000076717e-01 8.849646990000792357e-01 8.911540230000127849e-01 8.907945139999355888e-01 8.896856619999198301e-01
8.880019650000576803e-01 8.972960309999962192e-01 9.886125670000183163e-01 8.894798130000935998e-01 8.924724199999900520e-01
1.103151737999951365e+00 1.104063816999996561e+00 1.106634788000064873e+00 1.097606302000031064e+00 1.109654448000014781e+00
7.887945239999680780e-01 7.977582810000285463e-01 7.993428820000190171e-01 7.921528990000297199e-01 8.096592719999762267e-01
7.936671930000329667e-01 7.914708580000251459e-01 7.903217699999913748e-01 7.839192810000668032e-01 8.083314699999846198e-01
7.864862099999072598e-01 7.892491210000116553e-01 7.894623830000000453e-01 7.907123280000405430e-01 8.123215259998914917e-01
7.889453340000045500e-01 7.873405899999852409e-01 7.844581049999987954e-01 7.919796850000011545e-01 8.150660510000307113e-01
8.896609969999644818e-01 8.847028669999872363e-01 7.851782909999656113e-01 8.836977259999230228e-01 8.112306130000206394e-01
8.889639029999898412e-01 8.830660370000487092e-01 8.940886670000054437e-01 8.923726399999623027e-01 9.164191009999740345e-01
8.947365359999821521e-01 8.882022759999017580e-01 8.890410159999646567e-01 8.945862919999854057e-01 9.187856120000787996e-01
8.830476980000412368e-01 8.880573190000404793e-01 8.845472020000215707e-01 8.823871280000048500e-01 9.136387390000209052e-01
8.173967330000095899e-01 8.209563089999392105e-01 8.079379260000223439e-01 8.175280270000939709e-01 8.146829859999797918e-01
8.073568109999769149e-01 8.162758299999950395e-01 8.117152629999964120e-01 8.154121689999556111e-01 8.150412679999590182e-01
8.074281789999986358e-01 8.191942240000571474e-01 8.088700380000091172e-01 8.147131629999648794e-01 8.197380359999897337e-01
8.136079890000473824e-01 8.180007809999096935e-01 8.113259320000452135e-01 8.176233579999916401e-01 8.157604340000261800e-01
8.053717609999466731e-01 8.216968229999110918e-01 8.071113630001036654e-01 8.233853760000329203e-01 8.175826830000687551e-01
9.143073220000133006e-01 9.154173250000212647e-01 9.264922050000450326e-01 9.199864500000103362e-01 9.175434180000365814e-01
1.019491999000024407e+00 9.183093909999797688e-01 1.010724291000087760e+00 1.025771881999958168e+00 9.179504869999846051e-01
1.143558376999976645e+00 1.152868432999980541e+00 1.236284426999986863e+00 1.243746694000037678e+00 1.151450092999994013e+00
8.157462030000033337e-01 8.098582789999682063e-01 8.149284189998979855e-01 8.105762669999876380e-01 8.129213569999365063e-01
8.150401149999879635e-01 8.095308900000190988e-01 8.112094790000128341e-01 8.126192319999745450e-01 8.187159229998997034e-01
8.201839640000798681e-01 8.021517250000442800e-01 8.083142839999482021e-01 8.132205230000408847e-01 8.074893829999609807e-01
8.153973769999538490e-01 8.148616759999640635e-01 8.133076929999560889e-01 8.108080079999808731e-01 7.971177780000289204e-01
8.104735520000758697e-01 8.281152360000305634e-01 8.072086149999222471e-01 8.060783900000387803e-01 8.042041530000005878e-01
9.121701860000257511e-01 8.178055639999683990e-01 8.119053660000190575e-01 8.110150339999790958e-01 8.038512579998950969e-01
9.275289419999808160e-01 9.205863690000342103e-01 9.099542290000499634e-01 9.193701640000426778e-01 9.225182760000052440e-01
9.222732090000818062e-01 9.200790080000160742e-01 9.257815460000529129e-01 9.123768880000397985e-01 9.169526100000666702e-01
8.145176729999548115e-01 8.241188349999220009e-01 8.137947540001277957e-01 8.167658859999846754e-01 8.145492559999638615e-01
8.089182300000175019e-01 8.174393610000834087e-01 8.109979079999902751e-01 8.130052789999808738e-01 8.291837399999621994e-01
8.087374599999748170e-01 8.170983670000850907e-01 8.107740899999953399e-01 8.110785769999893091e-01 9.234095930000876251e-01
8.046857479999971474e-01 8.073044280000658546e-01 8.227851470001041889e-01 8.249312980001377582e-01 8.170079129999976431e-01
9.198438209999721948e-01 8.210751530000379717e-01 9.213496180000220193e-01 9.088511930001459405e-01 9.263270779999857041e-01
9.202772380000396879e-01 9.088293539999767745e-01 9.218979229999604286e-01 9.232030569999096770e-01 9.231902039998658438e-01
9.237727500000119107e-01 9.218061130000023695e-01 9.339773550000245450e-01 9.194225589999405202e-01 9.272697420001350110e-01
1.026852809000047273e+00 1.025058764000050360e+00 1.121746708000046056e+00 1.035036570999864125e+00 1.033101303999956144e+00
7.009795550000035291e-01 7.005997260000640381e-01 7.051987810000355239e-01 7.049414610000894754e-01 8.536497589998361946e-01
6.997656319999805419e-01 7.031411379998644406e-01 7.081318799998825853e-01 7.028953610001735797e-01 8.086841260001165210e-01
8.161276670000461309e-01 8.062947150001491536e-01 8.066389149998940411e-01 8.124262740000176564e-01 7.987602039997909742e-01
8.138489720001871319e-01 8.171444959998552804e-01 8.114279400001578324e-01 8.128728939998381975e-01 7.983220999999502965e-01
8.128248909999911120e-01 8.048141670001314196e-01 8.016333939999640279e-01 8.193086030000813480e-01 8.090608770000926597e-01
8.104951069999515312e-01 8.017432090000511380e-01 8.121121220001441543e-01 8.101828860001205612e-01 8.057809619999716233e-01
8.146607399999084009e-01 8.050315759999193688e-01 8.156414929999300512e-01 8.202738749998843559e-01 8.040728990001753118e-01
9.199560540000675246e-01 9.173455470001954382e-01 8.176738730001034128e-01 9.215120900000783877e-01 9.101094480001847842e-01
6.990475630000219098e-01 6.967433319998690422e-01 7.084053869998570008e-01 7.041492240000479796e-01 7.133122180000555090e-01
8.102735090001260687e-01 7.100488199998835626e-01 7.017412820000572538e-01 8.048164580000047863e-01 7.996188880001682264e-01
8.108139280000159488e-01 7.988102550000348856e-01 8.060348040000917536e-01 8.073261019999335986e-01 7.956365089999053453e-01
1.154264773000022615e+00 7.990098569998735911e-01 8.033704940000916395e-01 8.118969280001238076e-01 8.037824030000138009e-01
8.030500780000693339e-01 8.063726739999310666e-01 8.088263380000171310e-01 8.087819580000541464e-01 7.967255530002148589e-01
8.062245109999821580e-01 8.140939979998620402e-01 8.083348749999004212e-01 8.028255399999579822e-01 8.040288160000272910e-01
8.060628189998624293e-01 8.031231289999141154e-01 8.025217029999112128e-01 8.102391490001537022e-01 8.008037810000132595e-01
9.086417819999041967e-01 9.102693229999658797e-01 9.088646689999677619e-01 9.145421410000835749e-01 9.107654490001095837e-01
8.179560389999096515e-01 8.185340830000313872e-01 8.135731780000696745e-01 8.217820920001486229e-01 8.205837499999688589e-01
8.202588190001733892e-01 8.007964650000758411e-01 8.128157779999582999e-01 8.151590390000365005e-01 8.019413580000218644e-01
8.055340490000162390e-01 8.102584620000925497e-01 8.157977519999803917e-01 8.118043769998166681e-01 8.036802350000016304e-01
8.042351249998773710e-01 8.044015649998073059e-01 8.106660239998291217e-01 8.093612899999698129e-01 8.038473629999316472e-01
9.118631910000658536e-01 9.270333740000751277e-01 9.101802019999922777e-01 9.079204520000985212e-01 9.143480230000022857e-01
1.251217448000033983e+00 9.158417700000427430e-01 9.133171650000804220e-01 9.219831359998806875e-01 9.106641779999335995e-01
1.023226402000091184e+00 1.018742497999937768e+00 1.027966980999963198e+00 1.028424724999922546e+00 1.015286502000208202e+00
1.230907714000068154e+00 1.126814062999983435e+00 1.133943649999991976e+00 1.142127429000083794e+00 1.123429099000077258e+00
7.105112059998646146e-01 6.990739180000673514e-01 6.838571009998304362e-01 6.803363169999556703e-01 7.922550800001317839e-01
6.979764309999154648e-01 6.863671960002193373e-01 6.876752649998252309e-01 6.820345350001844054e-01 6.776859460001105617e-01
6.900859309998850222e-01 7.858408990000498306e-01 7.916377859999101929e-01 7.896144059998277953e-01 7.848802959999829909e-01
8.059768389998680505e-01 7.884699539999928675e-01 7.954122260000531242e-01 7.857388660002015968e-01 7.914728140001443535e-01
7.955747779999455815e-01 7.905192240000360471e-01 7.898430849998021586e-01 8.019563860000289424e-01 7.791718049998053175e-01
7.867219049999221170e-01 7.836822019999090116e-01 7.987973399999646062e-01 7.885052210001504136e-01 7.804648290000386623e-01
7.963265009998394817e-01 7.933005109998703119e-01 7.911669970001184993e-01 7.878584160000627890e-01 7.810723289999259578e-01
8.971050559998730023e-01 8.896194090000335564e-01 7.895057870000528055e-01 8.950735060000170051e-01 8.904478700001163816e-01
6.733762119999937568e-01 8.046654730001137068e-01 7.116732070001035027e-01 7.000573459999941406e-01 8.097994520001066121e-01
8.067757069998151565e-01 7.104873279999992519e-01 8.074539889998959552e-01 8.123922109998602537e-01 8.222726400001647562e-01
8.093805339999562420e-01 8.029481889998351107e-01 8.091126679998978943e-01 8.097790880001412006e-01 8.084657189999688853e-01
8.087090369999714312e-01 8.052741699998477998e-01 8.211452559999088407e-01 8.084333100000549166e-01 8.052431219998652523e-01
8.017083689999253693e-01 8.086595860002034897e-01 8.098214429999188724e-01 8.126031130000228586e-01 8.085665140001765394e-01
9.071163890000661922e-01 9.118895620001694624e-01 9.158741310000095837e-01 9.243149549999998271e-01 9.186298540000734647e-01
9.064903969999704714e-01 9.179911539999920933e-01 9.240424669999356411e-01 9.228078399999048997e-01 9.235594320000473090e-01
1.014234710999971867e+00 1.021606857000051605e+00 1.016759435999802008e+00 1.019964725000136241e+00 1.020078806000128679e+00
8.149166599998807214e-01 8.171485340001254372e-01 8.175792150000233960e-01 8.041868739999245008e-01 8.164694459999282117e-01
8.075102140001035878e-01 8.132276710000496678e-01 8.275157149998904060e-01 8.210196219999943423e-01 8.170255659999838826e-01
8.072138850000101229e-01 8.113002769998729491e-01 8.068715899999006069e-01 8.119364630001655314e-01 8.038487740000164194e-01
8.169555660001606157e-01 8.190896979999706673e-01 8.093601979999220930e-01 7.992097730000295996e-01 8.151591939999889291e-01
8.001887269999770069e-01 8.045437759999458649e-01 8.112328999998226209e-01 8.078545179998855019e-01 8.005071969998880377e-01
9.139433170000756945e-01 9.121572409999316733e-01 9.349526589999186399e-01 9.190619539999715926e-01 9.262361809999219986e-01
9.186392259998683585e-01 9.117308370000500872e-01 9.197849310000947298e-01 9.193020089999208722e-01 9.188131260000318434e-01
9.222933990001820348e-01 9.514078380000228208e-01 9.178774080000948743e-01 9.216593940000166185e-01 9.131438179999804561e-01
7.164926969999214634e-01 8.065409280000039871e-01 7.042232070000409294e-01 8.009201919999213715e-01 7.135200269999586453e-01
7.032868239998606441e-01 8.032247039998310356e-01 8.048114299999724608e-01 7.010745090001364588e-01 8.017992069999309024e-01
8.116281770001023688e-01 8.115078450000510202e-01 8.089818070000092121e-01 8.079175539999141620e-01 8.058937680000326509e-01
8.167102150000573602e-01 8.113043250000373519e-01 8.115133629999036202e-01 8.049912550000044575e-01 8.125144310001815029e-01
8.075972639999235980e-01 8.059410779999325314e-01 8.054972149998320674e-01 8.063666389998616069e-01 8.104477100000622158e-01
8.069370890000300278e-01 8.116791970001031586e-01 8.118088940000234288e-01 8.022677270000713179e-01 7.994038120000368508e-01
8.157187379999868426e-01 8.137320299999828421e-01 8.173530930000652006e-01 8.133285730000352487e-01 8.164588490001278842e-01
9.065023269999983313e-01 9.121027959999992163e-01 9.152044420000038372e-01 9.120075599998926918e-01 9.172373189999234455e-01
8.149823109999942972e-01 8.083447540000179288e-01 8.144118069999422005e-01 8.012529640000138897e-01 8.103278470000532252e-01
8.216668410000238509e-01 8.021845910000138247e-01 8.152045309998356970e-01 8.103666090000842814e-01 8.136252629999489727e-01
7.975768689998403715e-01 8.176826070000515756e-01 8.118349589999525051e-01 8.128695650000281603e-01 8.155100330000095710e-01
8.136147879999953147e-01 8.161485450000327546e-01 8.046041840000270895e-01 8.038264579997758119e-01 8.058716109999295441e-01
8.020942130001458281e-01 8.081697260001874383e-01 8.084899169998607249e-01 8.041213730000436044e-01 8.072272780000275816e-01
8.132311669999126025e-01 8.025776189999760390e-01 8.211711280000599800e-01 8.003600469999128109e-01 7.986711399998966954e-01
8.153482489999532845e-01 8.155234500000005937e-01 8.175397980000980169e-01 8.077053509998677328e-01 8.067243160000998614e-01
9.156985549998353235e-01 9.152383429998280917e-01 9.209614280000550934e-01 9.216179430000011052e-01 9.241878370000904397e-01
7.060061670001687162e-01 7.091855470000609785e-01 7.095820359998015192e-01 7.086108690000401111e-01 7.114734610001960391e-01
8.105843670000467682e-01 8.159553020000203105e-01 6.974670849999711209e-01 8.095461109999178007e-01 8.073372640001252876e-01
8.058712170000035258e-01 8.150034190000496892e-01 8.062820000000101572e-01 8.101093079999373003e-01 8.060133080000468908e-01
8.153234490000613732e-01 8.117402880000099685e-01 7.943828919999305072e-01 8.076929959997869446e-01 8.201878360000591783e-01
8.130810509999264468e-01 9.175559400000565802e-01 8.155484619999242568e-01 8.123534999999719730e-01 8.383900359999643115e-01
9.233013240000218502e-01 9.211452669999289355e-01 9.197858360000736866e-01 9.147164129999509896e-01 9.038080190000528091e-01
9.128668430000743683e-01 9.013694889999896986e-01 9.131842960000540188e-01 9.208624970001437759e-01 9.210218589998930838e-01
1.258625656000049275e+00 1.250523344999919573e+00 1.242953938000027847e+00 1.244838125000114815e+00 1.232334837000053085e+00
8.128809809998074343e-01 8.056067610000354762e-01 8.159903790001408197e-01 8.088191990000268561e-01 8.060788640000282612e-01
8.077636650000385998e-01 8.041251970000757865e-01 8.182876759999544447e-01 8.135014450001563091e-01 8.129285060001620877e-01
8.095838239999011421e-01 8.054129150000335358e-01 8.095507030000135273e-01 8.172688469999229710e-01 8.017516359998353437e-01
8.099877760000708804e-01 8.066950340000857977e-01 8.111228689999734343e-01 8.148275070000181586e-01 7.988699449999785429e-01
9.127439260000755894e-01 9.222465450000072451e-01 9.200120689999948809e-01 9.038514149999627989e-01 9.109376349999820377e-01
9.165959829999792419e-01 9.257415050001327472e-01 9.081240909999905853e-01 9.189900099997885263e-01 9.176078430000416120e-01
9.183878080000340560e-01 9.313086480001402379e-01 9.061201919998893572e-01 9.079447879998951976e-01 1.010355353000022660e+00
1.112803152999958911e+00 1.134119301000055202e+00 1.129554725000161852e+00 1.134652197000150409e+00 1.138441616999898542e+00
8.110908310000013444e-01 8.094935680001071887e-01 8.108912720001626440e-01 8.068518610000410263e-01 8.022997149998900568e-01
8.138762769999630109e-01 7.988913060000868427e-01 8.021849209999345476e-01 8.060801740000442805e-01 8.086155280000184575e-01
8.006107359999532491e-01 8.091967850000401086e-01 8.108481479998772556e-01 8.129531300000962801e-01 8.053574250000110624e-01
8.106928989998323232e-01 7.963646759999392089e-01 8.149910939998790127e-01 8.088420670001141843e-01 8.050877719999789406e-01
8.040462310000293655e-01 8.126742859999467328e-01 8.053088560000105645e-01 8.064696409999214666e-01 8.088143969998782268e-01
8.102378759999737667e-01 8.032840589999068470e-01 8.172055080001427996e-01 8.041997830000582326e-01 8.069899690001420822e-01
8.096678570000221953e-01 8.122411740000643476e-01 8.038586330001180613e-01 8.043868709999060229e-01 8.077076530000795174e-01
9.210331819999737490e-01 9.278297450000536628e-01 9.193948800000271149e-01 9.134608270001081110e-01 9.153992699998525495e-01
7.008846249998441635e-01 7.061921909999000491e-01 7.075943160000406351e-01 7.076772360001086781e-01 7.061429529999259103e-01
7.039573119998294715e-01 7.049400179998883686e-01 7.018765099999200174e-01 7.133816179998575535e-01 7.000156120002429816e-01
7.086676199999146775e-01 7.062140650000401365e-01 8.087305939998259419e-01 7.087935770000513003e-01 8.109063920001062797e-01
8.150655609999830631e-01 8.086778970000523259e-01 8.177292620000571333e-01 8.064932580000458984e-01 8.164274619998650451e-01
8.055261919998883968e-01 8.051270260000364942e-01 8.070339959999728308e-01 8.063293269999576296e-01 8.065030749999095860e-01
8.087818400001651753e-01 8.058898480001062126e-01 8.093051900000318710e-01 7.979519640000489744e-01 8.102395870000691502e-01
9.183434089998172567e-01 9.061934280000514264e-01 9.076579059999403398e-01 9.105014180001944624e-01 9.175834960001338914e-01
9.141494030000103521e-01 9.106900550000318617e-01 9.036476920000495738e-01 9.214837469999110908e-01 9.178420649996041902e-01
8.135913400001300033e-01 8.166319060001114849e-01 8.030519439998897724e-01 8.134636370000407624e-01 8.019313289996716776e-01
8.090462079999269918e-01 8.033915669998350495e-01 8.195755820001977554e-01 8.032182709998778591e-01 8.056664179998733744e-01
8.216271559999768215e-01 8.137221789997965971e-01 8.122345479996511131e-01 8.033926220000466856e-01 8.016227260000050592e-01
8.020656039998357301e-01 8.098309140000310435e-01 8.018088809999426303e-01 8.141341479999937292e-01 8.088763400000971160e-01
8.032440209999549552e-01 8.164335050000772753e-01 8.079290290002063557e-01 8.126707419996819226e-01 8.101370660001521173e-01
8.047070739999071520e-01 9.086395790000096895e-01 8.056960930002787791e-01 9.061279349998585531e-01 8.087378199998056516e-01
9.031026520001432800e-01 9.169025989999681769e-01 9.084839880001709389e-01 9.148347969999122142e-01 9.221762769998349540e-01
9.157139010003447765e-01 9.023298740003156126e-01 9.124911439998868445e-01 9.214055899997219967e-01 9.102961270000378136e-01
8.007467200000064622e-01 8.110427940000590752e-01 8.196949499997572275e-01 8.030420599998251419e-01 8.205850069998632534e-01
8.148460279999198974e-01 8.084962200000518351e-01 8.133450519999314565e-01 8.114486699996632524e-01 8.228066980000221520e-01
9.205942369999320363e-01 9.306971179998981825e-01 9.213483580001593509e-01 9.328683419998924364e-01 9.314604269998199015e-01
1.139102166000157013e+00 1.133099873999981355e+00 1.147091933999945468e+00 1.139607031999730680e+00 1.256394032000116567e+00
1.348377181000159908e+00 1.351596107999739615e+00 1.322327780000250641e+00 1.348950256000080117e+00 1.245286358999692311e+00
1.857816274000015255e+00 1.861947586000042065e+00 1.761405308999655972e+00 1.850085562999993272e+00 1.787624234999839246e+00
2.976473228000031668e+00 2.967370698999729939e+00 2.895296217000122851e+00 2.897286250999968615e+00 2.919204991999777121e+00
5.477766137999878993e+00 5.469664994999675400e+00 5.561703779000254144e+00 5.650326012999812519e+00 5.363989712000147847e+00
8.214547789998505323e-01 8.121910120003121847e-01 8.136193430000275839e-01 6.998289610000938410e-01 7.967379819997404411e-01
8.231403029999455612e-01 8.108236739999483689e-01 8.155842109999866807e-01 8.160748260002037568e-01 8.156376040001305228e-01
8.260536510001657007e-01 8.039747590000843047e-01 8.126762130000315665e-01 8.177946580003663257e-01 8.133798620001471136e-01
8.221524239997961558e-01 8.123559290002049238e-01 8.046210570000766893e-01 8.049463970000942936e-01 7.996213739997983794e-01
8.160670930001288070e-01 8.097040110001216817e-01 8.172799300000406220e-01 8.137862110002060945e-01 8.068898169999556558e-01
8.066865380001218000e-01 8.005935109999882116e-01 8.100095919999148464e-01 8.058383579996188928e-01 8.131364379996739444e-01
8.066386789996613516e-01 8.043759189999946102e-01 8.131743539997842163e-01 8.016154140000253392e-01 8.031324790003964154e-01
9.124888619999182993e-01 9.218814969999584719e-01 9.165140090003660589e-01 9.078139520001968776e-01 8.006148340000436292e-01
8.078371970000262081e-01 8.172253160000764183e-01 8.051502719999916735e-01 8.109277479998127092e-01 7.971532809997370350e-01
7.986247530002401618e-01 8.167677900000853697e-01 8.198264919997200195e-01 8.036687009998786380e-01 8.144334799999342067e-01
8.061651749999327876e-01 8.085187270003189042e-01 7.954347459999553394e-01 8.059162869999454415e-01 8.098508560001391743e-01
8.051903969999330002e-01 7.994654369999807386e-01 7.960666270000729128e-01 8.059500060003301769e-01 8.044644759997936490e-01
7.964895620002607757e-01 8.065252010001131566e-01 8.078509310003028077e-01 8.131263370000851864e-01 8.028077710000616207e-01
7.934538549998251256e-01 8.036213419995874574e-01 8.096804489996429766e-01 8.344142229998396942e-01 8.227558700000372482e-01
9.091211719996863394e-01 8.024343839997527539e-01 8.029561070002273482e-01 8.040669380002327671e-01 8.043742230001953430e-01
9.117784420000134560e-01 9.183517189999292896e-01 9.141366560002097685e-01 8.946339889998853323e-01 9.167432510002981871e-01
7.983481470000697300e-01 8.176996960000906256e-01 8.150891119998959766e-01 8.155141949996504991e-01 9.189726350000455568e-01
8.130123799996908929e-01 8.154521540000132518e-01 8.001376729998810333e-01 8.155534490001628001e-01 8.183370179999656102e-01
8.072839000001295062e-01 8.159566220001579495e-01 8.043019530000492523e-01 8.094860639998842089e-01 8.055152810002255137e-01
8.125816930000837601e-01 8.111068059997705859e-01 8.236138990000654303e-01 8.114987740000287886e-01 8.123641380002482038e-01
9.194984870000553201e-01 9.150729809998665587e-01 9.111348080000425398e-01 9.144603390000156651e-01 9.125114789999315690e-01
1.115429130000393343e+00 1.136415752000175416e+00 1.138107325999953900e+00 1.121553412000139360e+00 1.130052537000210577e+00
1.444801346000076592e+00 1.437883501999749569e+00 1.450601488999836874e+00 1.460923768000156997e+00 1.451091325000106735e+00
2.410555833000216808e+00 2.470097678999991331e+00 2.495127136000064638e+00 2.512762214999838761e+00 2.504394349999984115e+00
7.116109849998792924e-01 7.036691039998004271e-01 7.049190370003088901e-01 7.081832500002747111e-01 7.005798420000246551e-01
7.022430779998103390e-01 7.058486840001023666e-01 8.044568580003215175e-01 7.055067840001356672e-01 6.960356839999803924e-01
8.029896000002736400e-01 8.043692270002793521e-01 8.118899220003186201e-01 8.044199680002748210e-01 8.074322099996606994e-01
8.110813849998521619e-01 8.043879820002075576e-01 8.106005390000063926e-01 8.007802919996720448e-01 8.178547400002571521e-01
8.098405689997889567e-01 8.146344810002119630e-01 8.144962599999416852e-01 8.083423739999489044e-01 8.027823239999634097e-01
8.026880729998993047e-01 8.049717170001713384e-01 8.014101140001912427e-01 8.080164770003648300e-01 8.106687330000568181e-01
9.102770350000355393e-01 9.064824639999642386e-01 8.089171720002923394e-01 8.090588519999073469e-01 7.992719059998307785e-01
9.133972720001111156e-01 9.185157710003295506e-01 9.174517740002556820e-01 9.137058840001373028e-01 9.191121180001573521e-01
6.975693320000573294e-01 6.996486640000512125e-01 7.074850079998213914e-01 7.111358869997275178e-01 6.995955499996853177e-01
7.001717680000183464e-01 6.990553949999593897e-01 7.990286199997171934e-01 7.083187860002908565e-01 7.069453100002647261e-01
8.002711469998757821e-01 7.000116160002107790e-01 8.136949670001740742e-01 8.023224019998451695e-01 8.068493139999191044e-01
8.080907849998766324e-01 8.103731340002013894e-01 8.134036699998432596e-01 8.121222680001665140e-01 8.057437740003479121e-01
8.115861249998488347e-01 8.082860680001431319e-01 8.057432949999565608e-01 8.053633360000276298e-01 8.087067770002249745e-01
7.959928029999900900e-01 8.065101110000796325e-01 8.096334040001238463e-01 7.991108950000125333e-01 8.011249499995756196e-01
9.059486609999112261e-01 9.067549720002716640e-01 9.102234550000503077e-01 8.023526239999227982e-01 9.075207349997072015e-01
9.275476880002315738e-01 9.254561809998449462e-01 9.146661029999449966e-01 9.059939869998743234e-01 9.063239870001780218e-01
7.178326210000705032e-01 7.009736899999552406e-01 7.104469609998886881e-01 7.051962099999400380e-01 7.037661650001609814e-01
8.033025059999090445e-01 7.966814390001673019e-01 8.054038709997257683e-01 6.982193409999126743e-01 8.137985190001018054e-01
8.082373249999363907e-01 8.075306159998945077e-01 8.055917100000442588e-01 8.001105050002479402e-01 8.107246600002326886e-01
8.015130859998862434e-01 8.046125050000227930e-01 8.044378429999596847e-01 7.976328849999845261e-01 8.060924409996914619e-01
9.165764939998553018e-01 9.161789540003155707e-01 8.031890580000435875e-01 9.141775539997070155e-01 8.003295759999673464e-01
9.124289179999323096e-01 9.209906020000744320e-01 9.037323729999116040e-01 9.127494679996743798e-01 9.140990720002264425e-01
1.016890104000140127e+00 1.019449858999905700e+00 1.016762789000040357e+00 1.022602170000027400e+00 1.116372329000114405e+00
1.432385770000109915e+00 1.447209615000247140e+00 1.436896118000277056e+00 1.461327379000067594e+00 1.448468529999900056e+00
7.022802060000685742e-01 7.134285430001909845e-01 7.039204910001899407e-01 6.994955449999906705e-01 6.876497550001658965e-01
8.059545099999922968e-01 6.972965999998450570e-01 7.042968460000338382e-01 6.944864020001659810e-01 7.029924839998784591e-01
8.007503200001337973e-01 7.014151710000078310e-01 8.049781550002990116e-01 7.994008870000470779e-01 7.967771399999037385e-01
8.125413829998251458e-01 7.998052339999048854e-01 8.070663260000401351e-01 8.156374259997392073e-01 7.973723019999852113e-01
7.978023450000364392e-01 8.115465060000133235e-01 8.093580889999429928e-01 8.077196829999593319e-01 8.027157330002410163e-01
8.004776279999532562e-01 8.010188240000388760e-01 8.024089239997920231e-01 8.064340179998907843e-01 8.065881130000889243e-01
8.152856149999934132e-01 8.084077849998720922e-01 8.102924570002869586e-01 7.977394540002933354e-01 8.074034589999428135e-01
8.079337060003126680e-01 8.079647320000731270e-01 8.090867130003971397e-01 8.070592730000498705e-01 8.081955850002486841e-01
7.045462709997991624e-01 6.962833550001050753e-01 7.165737099999205384e-01 7.020104449998143537e-01 7.148668780000662082e-01
7.002811580000525282e-01 7.067352280000704923e-01 8.037956160001158423e-01 7.989213300002120377e-01 7.073041829999056063e-01
7.998512419999315171e-01 8.071412360000067565e-01 8.032752739995885349e-01 8.051551739999922574e-01 7.998779660001673619e-01
8.112789550000343297e-01 8.065402660004110658e-01 8.013968559998829733e-01 8.086844399999790767e-01 8.102707959997133003e-01
8.013644640000165964e-01 8.070856409999578318e-01 8.040165540000998590e-01 8.000332770002387406e-01 8.062833190001583716e-01
8.058463380002649501e-01 8.006253409998862480e-01 8.048516670000935846e-01 8.056094749999829219e-01 8.022389450002265221e-01
9.120859829999972135e-01 9.129156599997259036e-01 9.117330399999445945e-01 1.263038674000199535e+00 9.155384959999537386e-01
9.204005149999829882e-01 9.130175119998966693e-01 9.128308470003503317e-01 9.292900939999526599e-01 9.162248239999826183e-01
6.990541189998111804e-01 7.074443450001126621e-01 7.084651749996737635e-01 6.986622309996164404e-01 6.898219599997901241e-01
6.965624889999162406e-01 7.068106910001006327e-01 6.962600470001234498e-01 6.919146750001345936e-01 6.998146619998806273e-01
7.061044990000482358e-01 8.094278029998349666e-01 7.087348099998962425e-01 7.088096449997465243e-01 7.097641860000294400e-01
8.067586689999188820e-01 7.951564700001654273e-01 8.062665090001246426e-01 8.101808059996074007e-01 6.960483600000770821e-01
7.988400679996630060e-01 8.054916159999265801e-01 8.012702310002168815e-01 8.148406830000567425e-01 8.090181630000188306e-01
8.073138409999955911e-01 8.037606689999847731e-01 7.918198790002861642e-01 8.160393680000197492e-01 7.985763140000017302e-01
8.085328850002042600e-01 8.015215830000670394e-01 8.038460389998363098e-01 8.081179599998904450e-01 8.008809789998849737e-01
9.121121859998311265e-01 9.111313990001690399e-01 9.100729450001381338e-01 9.142436560000533063e-01 9.227398240000184160e-01
6.992578730000786891e-01 7.080359020001196768e-01 7.083930880003208586e-01 7.076967990001321596e-01 7.061664990001190745e-01
8.091839400003664196e-01 6.938235850002456573e-01 8.051615670001410763e-01 6.984441360000346322e-01 8.174300740001854138e-01
8.029881520001254103e-01 8.063864920000014536e-01 8.061280639999495179e-01 8.091746599998259626e-01 8.089015989999097656e-01
7.984426870002607757e-01 8.131180210002639797e-01 8.076900660003047960e-01 8.162543239996011835e-01 7.983403670000370767e-01
7.953198670002166182e-01 8.016534540001885034e-01 8.069535169997834601e-01 8.115365310000015597e-01 8.025248180001653964e-01
9.166585319999285275e-01 9.112998659998083895e-01 9.215725160001966287e-01 9.123674669999672915e-01 9.077336840000498341e-01
1.010592776000066806e+00 1.017716025000027003e+00 1.027529440000307659e+00 1.020470621999720606e+00 1.024786963000224205e+00
1.341863206000198261e+00 1.329976694999913889e+00 1.337957498999912787e+00 1.332217379000212532e+00 1.322185971000180871e+00
7.032261330000437738e-01 7.137563710002723383e-01 7.049090189998423739e-01 8.131730570003128378e-01 7.115397510001457704e-01
8.125940370000535040e-01 8.211189550002018223e-01 8.133022359997994499e-01 8.257456700002876460e-01 8.278410190000613511e-01
8.124813179997545376e-01 8.161007470002914488e-01 8.118060179999702086e-01 8.119039610000982066e-01 8.072251100002176827e-01
8.093523610000374902e-01 8.165199119998760580e-01 8.199472809997132572e-01 8.037231749999591557e-01 8.162645689999408205e-01
1.031383108000227367e+00 9.127869720000489906e-01 1.025768642999992153e+00 9.332338739995975629e-01 1.029985914999997476e+00
1.563437520000206860e+00 1.469140701000014815e+00 1.469999024999651738e+00 1.567365601999881619e+00 1.549574849000237009e+00
3.098762900999645353e+00 3.103385746000185463e+00 3.139401162000012846e+00 2.910192354000173509e+00 3.006480125000052794e+00
1.011014674800026114e+01 1.030498185299984470e+01 1.042676998199976879e+01 1.051010314200038920e+01 1.084617506299991874e+01
7.009131240001806873e-01 7.045716709999396699e-01 7.115019679999932123e-01 7.053669069996431062e-01 7.068210289999115048e-01
8.156707919997643330e-01 7.073522630003026279e-01 6.974539560001176142e-01 6.960081180000088352e-01 7.002025919996412995e-01
8.016723300002013275e-01 6.948354070000277716e-01 7.053852799999731360e-01 6.966726030000245373e-01 7.098237119998884737e-01
7.119705079999221198e-01 7.022418429996832856e-01 8.072885859996858926e-01 7.993929079998451925e-01 6.962748019996070070e-01
8.099274380001588725e-01 8.086242350000247825e-01 8.026459679999788932e-01 8.002412460000414285e-01 7.993943669998770929e-01
8.089146980000805343e-01 8.106780240000261983e-01 8.005121020000842691e-01 8.092659250000906468e-01 8.062807850001263432e-01
8.072496839999985241e-01 8.102602149997437664e-01 8.124918779999461549e-01 8.035111039998810156e-01 7.969529329998294997e-01
8.042723260000457230e-01 8.140398609998555912e-01 8.028258230001483753e-01 8.103791839998848445e-01 8.070591929999864078e-01
6.974476649997995992e-01 6.990293119997659232e-01 8.148300399998333887e-01 8.133758419999139733e-01 8.135361580002609116e-01
8.076787340000919357e-01 7.104510499998468731e-01 8.077428829997188586e-01 8.087454149999757647e-01 8.168506080000952352e-01
7.997992969999359048e-01 8.082629529999394435e-01 8.094459609997102234e-01 8.146936309999546211e-01 8.024606669996501296e-01
8.083647739999832993e-01 8.138217269997767289e-01 8.098912170003131905e-01 8.153820180000366236e-01 7.996785880000061297e-01
8.086745860000519315e-01 7.968299789999946370e-01 8.105193669998698169e-01 8.010238810002192622e-01 8.100241239999377285e-01
9.088854410001658835e-01 9.144774070000494248e-01 9.213722429999506858e-01 9.034066250001160370e-01 9.137750720001349691e-01
9.149040299998887349e-01 9.286920049999025650e-01 9.171804560000964557e-01 9.161288319996856444e-01 9.170477090001440956e-01
1.130243501000222750e+00 1.130111623000175314e+00 1.129103696000129275e+00 1.136270599999988917e+00 1.118829705999814905e+00
7.083096309997927165e-01 7.013428059999569086e-01 7.042757939998409711e-01 8.364840889998959028e-01 7.048027209998508624e-01
8.181439239997416735e-01 8.056197729997620627e-01 8.095664949996717041e-01 7.066639069998927880e-01 8.050696170002993313e-01
8.132446369995705027e-01 8.071613880001677899e-01 8.095893929998965177e-01 8.070183990002988139e-01 8.166737950000424462e-01
8.017648089999056538e-01 8.035127879998071876e-01 8.166739409998626797e-01 8.105638590000125987e-01 1.053240814999753638e+00
8.108055919997241290e-01 8.149245119998340670e-01 8.031163420000666520e-01 8.070562080001764116e-01 8.032145829997716646e-01
8.023154010002144787e-01 8.036888090000502416e-01 8.039849500000855187e-01 8.121914990001641854e-01 8.049462030003269319e-01
8.015059069998642372e-01 7.997693679999429150e-01 8.006995159998950840e-01 7.992891529997905309e-01 8.001477620000514435e-01
9.122464229999422969e-01 9.076721259998521418e-01 9.133960129997831245e-01 9.188689620000332070e-01 9.191119739998612204e-01
6.994260829997074325e-01 8.151828919999388745e-01 8.126763139998729457e-01 8.136662080000860442e-01 8.128753770001821977e-01
8.058007859999634093e-01 8.114369649997570377e-01 8.090823020002062549e-01 8.117454350003754371e-01 8.011225609998291475e-01
8.191494899997451284e-01 7.941997560001254897e-01 8.050632889999178587e-01 8.078720680000515131e-01 8.066589959998964332e-01
8.156047569996189850e-01 8.097471179999047308e-01 8.120527249998303887e-01 7.984401280000383849e-01 8.101902380003593862e-01
8.036568819998137769e-01 7.990649130001656886e-01 7.985281749997739098e-01 7.995612969998546760e-01 8.003608879998864722e-01
8.111906640001507185e-01 9.204898389998561470e-01 9.141193579998798668e-01 8.103758910001488402e-01 8.110927510001602059e-01
9.050664759997744113e-01 9.058830279996072932e-01 9.196659379999800876e-01 9.080632329996660701e-01 9.145610049999959301e-01
1.135107889000209980e+00 1.125019327000245539e+00 1.138011394999921322e+00 1.124061999000332435e+00 1.133206159000110347e+00
8.064119410000785138e-01 8.031901499998639338e-01 8.144406060000619618e-01 8.196083839998209442e-01 8.107487849997596641e-01
8.092310209999595827e-01 8.105652310000550642e-01 7.993550520000098913e-01 8.045388230002572527e-01 8.079020449999916309e-01
8.069381430000248656e-01 7.953737220000220987e-01 8.030527860000802320e-01 7.978799770003206504e-01 8.058483360000536777e-01
8.100640129996463656e-01 8.089476650002325187e-01 8.138593290000244451e-01 8.171333099999174010e-01 8.146430279998639890e-01
7.971906980001222109e-01 8.027237149999564281e-01 8.147724469999957364e-01 7.936571359996378305e-01 1.232183047000035003e+00
9.073520699998880445e-01 9.140200249998997606e-01 9.152753719999964233e-01 9.044960539999920002e-01 9.160308649998114561e-01
9.339705860002140980e-01 9.123016150001603819e-01 9.088853889998063096e-01 9.238648520004062448e-01 9.146289870000146038e-01
9.089461739999933343e-01 9.129202629997053009e-01 9.008600780002780084e-01 9.038144189999002265e-01 9.090429259999837086e-01
8.111176830002477800e-01 6.984774170000491722e-01 6.959281909998935589e-01 7.087415519999922253e-01 7.104997279998315207e-01
8.094366820000686857e-01 8.056968139999298728e-01 8.027191950000087672e-01 8.018746620000456460e-01 8.060021650003363902e-01
8.132705309999437304e-01 7.993237259997840738e-01 8.222138330002053408e-01 8.084656420001010702e-01 8.109694849999868893e-01
7.981314670000756450e-01 8.065750320001825457e-01 8.090445590000854281e-01 7.940331249997143459e-01 8.031553689997963374e-01
8.049235479998060327e-01 8.138539910000872624e-01 8.051803849998577789e-01 8.050426380000317295e-01 8.065201750000596803e-01
8.011558560001503793e-01 8.067093989998284087e-01 8.009003549996123184e-01 8.039233409999724245e-01 8.051832319997629384e-01
8.090248290000090492e-01 8.071425940001972776e-01 8.183468409997658455e-01 7.991149190002033720e-01 8.086121469996214728e-01
9.097287230001711578e-01 9.083971469999596593e-01 8.043329119996087684e-01 9.126198929998281528e-01 9.062911139999414445e-01
7.108972430000903842e-01 7.110634639998352213e-01 7.134014449998176133e-01 8.100545040006181807e-01 7.121575979999761330e-01
8.061864690002948919e-01 8.095002650002243172e-01 8.032261749999634048e-01 8.135655340001903824e-01 8.127105700004904065e-01
8.115245110002433648e-01 8.098582440002246585e-01 8.132791000002725923e-01 8.133305179999297252e-01 8.105116179995093262e-01
8.133758339999985765e-01 7.980164440000407922e-01 8.099367810000330792e-01 8.111807209998005419e-01 8.142908090003402322e-01
1.016414236999935383e+00 1.030478348000087863e+00 1.017976484999962850e+00 9.149221750003562192e-01 1.026838313999178354e+00
1.345538504999694851e+00 1.339365270000143937e+00 1.348253428000134591e+00 1.459287431000120705e+00 1.353884969999853638e+00
2.507662295000045560e+00 2.512009676999696239e+00 2.500641212999653362e+00 2.590452559999903315e+00 2.492546370999662031e+00
5.467057324000052176e+00 5.882654612999886012e+00 5.862139643999398686e+00 6.066157627999928081e+00 5.831506215999979759e+00
7.093879789999846253e-01 7.024282819993459270e-01 7.121074179995048326e-01 7.046681259998877067e-01 7.099654189996726927e-01
7.092184939992876025e-01 8.092035459994804114e-01 8.081013150003855117e-01 7.009827370002312819e-01 6.981461929999568383e-01
8.125233330001719878e-01 8.024558350007282570e-01 8.045202470002550399e-01 8.092518149996976717e-01 8.090116729999863310e-01
8.082883329998367117e-01 8.174229420001211111e-01 8.033936479996555136e-01 8.077469630006817169e-01 8.247249649994046194e-01
8.035858960001860396e-01 7.970568560003812308e-01 7.986875719998351997e-01 8.107678010001109214e-01 8.058525349997580633e-01
9.168375050003305660e-01 9.155946990003940300e-01 9.109626780000326107e-01 9.091862249997575418e-01 9.187549850003051688e-01
9.110407279995342833e-01 9.147743989997252356e-01 9.142094690005251323e-01 9.123411630007467465e-01 9.099226950002048397e-01
1.249301294999895617e+00 1.237712238999847614e+00 1.240989581000576436e+00 1.220942718000515015e+00 1.255235493000327551e+00
7.075499700004002079e-01 7.049795999992056750e-01 7.168869600000107312e-01 8.051139609997335356e-01 7.019060660004470265e-01
6.995481700005257153e-01 7.079318669993881485e-01 7.045499129999370780e-01 6.962562700000489713e-01 6.993802890001461492e-01
7.082167720000143163e-01 8.062464459999318933e-01 7.081118569994941936e-01 7.987622780001402134e-01 7.035791870002867654e-01
8.122667739999087644e-01 8.100598730006822734e-01 8.061963870004547061e-01 8.134471649991610320e-01 8.095198590008294559e-01
8.082548689999384806e-01 8.172133569996731239e-01 8.084287589999803458e-01 8.088344249999863678e-01 8.124865069994484656e-01
8.101025690002643387e-01 8.128143009998893831e-01 8.175163460000476334e-01 8.105619570005728747e-01 8.061420759995598928e-01
1.139231664999897475e+00 1.243037039999762783e+00 1.130029447999731929e+00 1.134850717000517761e+00 1.242572088000088115e+00
1.659609354000167514e+00 1.543710406000172952e+00 1.548765819999971427e+00 1.561192467999717337e+00 1.568715483000232780e+00
8.138106549995427486e-01 8.155936160001147073e-01 8.118671889997131075e-01 8.165733799996814923e-01 8.016879950000657118e-01
8.538597400001890492e-01 8.058101090000491240e-01 8.107981590001145378e-01 8.169226350000826642e-01 8.049673309997160686e-01
8.063198569998348830e-01 8.061768870002197218e-01 8.129904779998469166e-01 8.066797870005757431e-01 8.096704040008262382e-01
9.197148230005041114e-01 9.075795179996930528e-01 8.178221099997244892e-01 8.021229200003290316e-01 8.083215229999041185e-01
8.069215499999700114e-01 9.231116700002530706e-01 8.108713499996156315e-01 8.176733020000028773e-01 8.083221289998618886e-01
8.145210390002830536e-01 8.099630189999516006e-01 8.137497580000854214e-01 8.213265809999938938e-01 8.982307539999965229e-01
9.211892510002144263e-01 9.154871660002754652e-01 9.214916949995313189e-01 9.119142589997863979e-01 9.156619030000001658e-01
9.177643570001237094e-01 9.212698830006047501e-01 9.295808209999449900e-01 9.121384629997919546e-01 9.180592149996300577e-01
8.079311869996672613e-01 8.163455769999927725e-01 8.204244309999921825e-01 8.212930110003071604e-01 8.147778070006097551e-01
8.140816690001884126e-01 8.134569069998178747e-01 8.082000059994243202e-01 8.069092329997147317e-01 8.125205420001293533e-01
8.069122939996304922e-01 8.142296280002483400e-01 8.001499020001574536e-01 8.173241760005112155e-01 8.158371059998899000e-01
8.131273159997363109e-01 8.229701899999781745e-01 8.154923440006314195e-01 8.143737130003501079e-01 8.188503480005238089e-01
9.114665580000291811e-01 9.124799540004460141e-01 9.226277070001742686e-01 9.163488200001665973e-01 9.158077789998060325e-01
8.990606779998415732e-01 9.078896569999415078e-01 9.205281810000087717e-01 9.227485439996598870e-01 9.190624470002148882e-01
1.142174669999803882e+00 1.142401084000084666e+00 1.131519276999824797e+00 1.140920322000056331e+00 1.136838360999718134e+00
1.450617933000103221e+00 1.440122920999783673e+00 1.457079761000386497e+00 1.467633062999993854e+00 1.457935270000234595e+00
8.166140389994325233e-01 7.025464150001425878e-01 8.031321130001742858e-01 8.055938689994945889e-01 7.111522029999832739e-01
7.035362269998586271e-01 7.035063929997704690e-01 7.123436080000828952e-01 8.148633320006410941e-01 7.994918149997829460e-01
8.120090709999203682e-01 8.114716689997294452e-01 8.075278619999153307e-01 8.137875000002168235e-01 8.119766780000645667e-01
8.049497800002427539e-01 8.111640150000312133e-01 8.127881039999920176e-01 8.166788979997363640e-01 8.082354210000630701e-01
8.163146260003486532e-01 8.118194879998554825e-01 8.034957680001753033e-01 8.062840620004863013e-01 7.956019940002079238e-01
8.103613739995125798e-01 8.190748099996199016e-01 8.094345330000578542e-01 8.070254390004265588e-01 8.115933539993420709e-01
8.071495259991934290e-01 8.085447719995499938e-01 9.271100280002428917e-01 8.030663749996165279e-01 8.079702570003064466e-01
8.094128160000764183e-01 9.143693309997615870e-01 9.206063629999334808e-01 9.072131800003262470e-01 8.038343220005117473e-01
6.983850079996045679e-01 7.089856899992810213e-01 7.006148529999336461e-01 7.071193280007719295e-01 6.966472479998628842e-01
7.009784950005268911e-01 8.073846429997502128e-01 6.980986879998454242e-01 7.000104460003058193e-01 8.022601809998377576e-01
8.065276360002826550e-01 8.149667239995324053e-01 8.030553159996998147e-01 8.045852370005377452e-01 8.017333959996904014e-01
8.029564379994553747e-01 8.029302930008270778e-01 8.081543380003495258e-01 8.071935680000024149e-01 8.058111740001550061e-01
8.018586620000860421e-01 8.036605249999411171e-01 8.017999810008404893e-01 8.073409650005487492e-01 7.976706279996506055e-01
8.116695829994569067e-01 8.080534950004221173e-01 8.025916750002579647e-01 8.110626520001460449e-01 8.156439599997611367e-01
8.098538419999385951e-01 7.983008469991546008e-01 8.052356600001076004e-01 8.100540519999412936e-01 8.117089119996308000e-01
9.122269119998236420e-01 9.141507050007930957e-01 9.100020070000027772e-01 9.123226410001734621e-01 9.097070549996715272e-01
6.985291870005312376e-01 8.032342149999749381e-01 7.138612779999675695e-01 6.972255400005451520e-01 8.017618459998629987e-01
8.089511019998099073e-01 8.158015089993568836e-01 8.095589499998823158e-01 8.130886270000701188e-01 8.028876239995952346e-01
7.924448640005721245e-01 8.062688579993846361e-01 8.054256989998975769e-01 7.996754770001643919e-01 8.108028299993748078e-01
8.053016509993540240e-01 8.084210600000005797e-01 8.029361179997067666e-01 8.126276509992749197e-01 8.095305019996885676e-01
8.103916370000661118e-01 9.044048989999282639e-01 8.050792329995601904e-01 8.063966079998863279e-01 8.060224939999898197e-01
9.066752649996487889e-01 9.139124180001090281e-01 9.065081619992270134e-01 9.120865189997857669e-01 9.165955350008516689e-01
9.163970310000877362e-01 9.108903930000451510e-01 9.175589970000146423e-01 9.103451470000436530e-01 9.148183689994766610e-01
1.012324014999649080e+00 1.015088590999766893e+00 1.016143259000273247e+00 1.018618396000420034e+00 1.026075493999996979e+00
7.002719519996389863e-01 7.109034490003978135e-01 7.067018180005106842e-01 8.144503909998093150e-01 7.053032980002171826e-01
7.177846800004772376e-01 8.034449229999154340e-01 6.968595000007553608e-01 6.940600110001469147e-01 6.932819529993139440e-01
8.067129319997548009e-01 8.056131969997295528e-01 8.133112380000966368e-01 8.153386949998093769e-01 8.081439090001367731e-01
8.090846699997200631e-01 8.046988070000224980e-01 8.063207940003849217e-01 8.039558259997647838e-01 8.056464689998392714e-01
8.079049589996429859e-01 8.097320200004105573e-01 8.094889869998951326e-01 8.035611320001407876e-01 8.121526200002335827e-01
8.034129140005461522e-01 8.155298880001282669e-01 7.982992150000427500e-01 8.100406550001935102e-01 8.116665620000276249e-01
8.177786079995712498e-01 8.007409330002701608e-01 8.064778439993460779e-01 8.131482720000349218e-01 8.026167939997321810e-01
8.139102009999987786e-01 7.985133720003432245e-01 8.037250939996738452e-01 8.086520540000492474e-01 8.044285579999268521e-01
6.102471969998077839e-01 7.081175200000870973e-01 7.142776020000383141e-01 7.123546789998727036e-01 7.254405280000355560e-01
8.088879220003946102e-01 8.057435299997450784e-01 7.015714299996034242e-01 8.059192540004005423e-01 8.107777219993295148e-01
8.071468230000391486e-01 8.127670660005605896e-01 8.132382100002359948e-01 8.115810279996367171e-01 8.002553299993451219e-01
8.058489660006671329e-01 8.085908539997035405e-01 8.144976319999841508e-01 8.077516610001111985e-01 8.076563920003536623e-01
8.087955310002143960e-01 8.138515390000975458e-01 7.960951679997378960e-01 8.140570909999951255e-01 8.147971900007178192e-01
9.144960569992690580e-01 9.130542850007259403e-01 9.150402949999261182e-01 9.194031430006361916e-01 9.053961700001309509e-01
9.042232589999912307e-01 9.028368050003336975e-01 9.185394520000045304e-01 9.216252700007316889e-01 9.212366169995220844e-01
1.132129206000172417e+00 1.126914897999995446e+00 1.120577300000149990e+00 1.127016900999478821e+00 1.138371940999604703e+00
8.058400410000103875e-01 8.089341309996598284e-01 8.071885969993672916e-01 8.036691229999632924e-01 8.098924790001547080e-01
8.156777940002939431e-01 8.255598169998847879e-01 8.361066609995759791e-01 8.034691620005105506e-01 8.085827089998929296e-01
8.206535400004213443e-01 8.088387130001137848e-01 8.074172429996906430e-01 8.116365019996010233e-01 8.005400290003308328e-01
8.144652680002764100e-01 8.147769710003558430e-01 8.118155229994954425e-01 8.133806069999991450e-01 8.067290619992490974e-01
9.155998050000562216e-01 9.105183389992816956e-01 9.153322069996647770e-01 9.201948910003920901e-01 9.109700919998431345e-01
1.027311998999721254e+00 1.130474595000123372e+00 1.127177641000344011e+00 1.022478595999928075e+00 1.126185337999231706e+00
1.459304590000101598e+00 1.765918908999992709e+00 1.556751876999442175e+00 1.349624839999705728e+00 1.348363534999407420e+00
2.176751789999798348e+00 2.301188553999963915e+00 2.185198701999979676e+00 2.200817692000782699e+00 2.186619584000254690e+00
8.101425140002902481e-01 8.239613180003289017e-01 8.280090369999015820e-01 8.276045719994726824e-01 8.150504230006845319e-01
8.115203320003274712e-01 8.099479080001401599e-01 8.031629429997337866e-01 8.090447140002652304e-01 8.142368990002069040e-01
8.148227310002766899e-01 8.204619260004619719e-01 8.061284690002139541e-01 8.047297849998358288e-01 8.103362760002710274e-01
8.022967580000113230e-01 8.124197910001385026e-01 8.133715639996808022e-01 8.153586939997694572e-01 8.079318069994769758e-01
9.167293749997043051e-01 1.008563875000618282e+00 9.243477999998503947e-01 9.154528519993618829e-01 9.204978220004704781e-01
1.354586561999894911e+00 1.354010574000312772e+00 1.368530763000308070e+00 1.449842600000010862e+00 1.345992638999632618e+00
2.275077506000343419e+00 2.386063487000683381e+00 2.292120606999560550e+00 2.294675826999991841e+00 2.282391192000432056e+00
5.866730030000326224e+00 6.033220210000763473e+00 5.872199888000068313e+00 6.071815817000242532e+00 6.169276260000515322e+00
7.062486929999067797e-01 6.973675150002236478e-01 7.085374939997564070e-01 7.017179800004669232e-01 6.991626680000990746e-01
7.050658689995543682e-01 8.077412760003426229e-01 8.094794360004016198e-01 7.068547250000847271e-01 7.116792830001941184e-01
8.145490360002440866e-01 8.183704490002128296e-01 8.148961050001162221e-01 8.161184300006425474e-01 8.032552909999139956e-01
8.153208379999341560e-01 8.122756760003539966e-01 8.062674470002093585e-01 8.098979700007475913e-01 8.106700709995493526e-01
8.074721900002259645e-01 7.976715069999045227e-01 8.041489579991321079e-01 7.995209020000402234e-01 8.071920169995792094e-01
8.009622479994504829e-01 8.042757109997182852e-01 8.130013190002500778e-01 7.986767689999396680e-01 8.032271219999529421e-01
8.071064069999920321e-01 8.190214639998885104e-01 8.078616469992994098e-01 7.965871390006213915e-01 8.111293310003020451e-01
8.064893079999819747e-01 9.057211440003811731e-01 9.081002819993955200e-01 8.141476809996675001e-01 8.088317349993303651e-01
8.134491430000707624e-01 8.198585549998824717e-01 8.045580109992442885e-01 8.143507690001570154e-01 8.128937120000045979e-01
8.071801579999373644e-01 8.039047830006893491e-01 8.077608620005776174e-01 8.096632460001274012e-01 8.057081699998889235e-01
8.149678029994902317e-01 8.079413559999011341e-01 8.117329650003739516e-01 8.100983169997562072e-01 8.117339189993799664e-01
8.100501270000677323e-01 8.194794249993719859e-01 8.026180639999438426e-01 8.341908969996438827e-01 8.057456880005702260e-01
9.080250140004864079e-01 8.072360650003247429e-01 1.243636530999538081e+00 9.206373939996410627e-01 9.020477080002820003e-01
9.101411909996386385e-01 9.156732810006360523e-01 9.132355190004091128e-01 9.153570939997734968e-01 9.093313619996479247e-01
1.127648872000463598e+00 1.126511592000497330e+00 1.128537006999977166e+00 1.022239913000703382e+00 1.013537263999751303e+00
1.231423974999415805e+00 1.230676320999918971e+00 1.246917634000055841e+00 1.324696663000395347e+00 1.229793465000511787e+00
7.086276159998305957e-01 8.052335270003823098e-01 8.056060310000248137e-01 8.011163660003148834e-01 8.059786630001326557e-01
8.158358749997205450e-01 8.047873870000330498e-01 8.161260280003261869e-01 8.075375939997684327e-01 8.078461639997840393e-01
8.036269310005081934e-01 8.074995870001657750e-01 8.042820259997824905e-01 8.035175160002836492e-01 8.002250560002721613e-01
8.071456139996371348e-01 8.138709290005863295e-01 8.146011019998695701e-01 8.010861880002266844e-01 8.032445190001453739e-01
9.083070180004142458e-01 9.093580609996934072e-01 9.097192210001594503e-01 9.129050829997140681e-01 9.214135949996489217e-01
9.181300469999769120e-01 9.084203209995393991e-01 9.149326090000613476e-01 9.128205990000424208e-01 9.200754769999548444e-01
9.196986490005656378e-01 9.142164869999760413e-01 9.266183039999305038e-01 9.248305709998021484e-01 9.197500259997468675e-01
1.129653403999327566e+00 1.239521290000084264e+00 1.124141022999538109e+00 1.129957797000315622e+00 1.135144405999199080e+00
8.056797919998643920e-01 8.120899200002895668e-01 8.112231749992133700e-01 8.118310979998568655e-01 8.083520210002461681e-01
7.994173170000067330e-01 8.165943450003396720e-01 8.161033019996466464e-01 8.122073080003247014e-01 8.172704409998914343e-01
8.015415479994771886e-01 7.963089510003555915e-01 8.082294529995124321e-01 8.106108790007056086e-01 8.065117030000692466e-01
8.159594359995026025e-01 8.133148939996317495e-01 8.074848649994237348e-01 8.112794770004256861e-01 8.021295970002029208e-01
8.122941279998485697e-01 7.965946419999454520e-01 8.052046000002519577e-01 8.008232389993281686e-01 8.008388529997318983e-01
8.040821660006258753e-01 8.022877430003063637e-01 8.141711890002625296e-01 8.094978049994097091e-01 8.055448499999329215e-01
9.115126899996539578e-01 9.193948960000852821e-01 9.120126070001788321e-01 9.121250270000018645e-01 9.084236520002377802e-01
9.137742960001560277e-01 9.173203580003246316e-01 9.229656610004894901e-01 9.055907179999849177e-01 9.151514889999816660e-01
8.135761040002762456e-01 8.032587520001470693e-01 8.062781799999356735e-01 8.056234650002807030e-01 8.120484279997981503e-01
8.014447249997829203e-01 8.112380699994901079e-01 8.024533629995858064e-01 8.035443130002022372e-01 8.055814370000007330e-01
8.050053460001436179e-01 8.059902980003244011e-01 8.072997340004803846e-01 8.003639429998656851e-01 8.089373350003370433e-01
7.847495539999727043e-01 8.146427760002552532e-01 8.118863019999480457e-01 8.010159109999221982e-01 8.042704239996965043e-01
8.062672610003573936e-01 8.086376020000898279e-01 7.994784590000563185e-01 8.013165860002118279e-01 8.088694319994829129e-01
9.153412719997504610e-01 9.156388989995321026e-01 9.173600879994410207e-01 9.219935139999506646e-01 8.987628699997003423e-01
9.177453050006079138e-01 9.048491909998119809e-01 9.124081219997606240e-01 9.152430930007540155e-01 9.035365030003958964e-01
9.051534739992348477e-01 9.049220890001379303e-01 9.157670919994416181e-01 9.172146390001216787e-01 9.168535700000575162e-01
6.976610599995183293e-01 7.014488330005406169e-01 6.965029319999302970e-01 7.215052350002224557e-01 7.010677589996703318e-01
7.074900099996739300e-01 6.917828649993680301e-01 8.015202039996438543e-01 7.022098790002928581e-01 6.960982289992898586e-01
7.048911080000834772e-01 7.024355919993467978e-01 8.060559109999303473e-01 6.992517110002154368e-01 7.091431560002092738e-01
6.894047649993808591e-01 7.043303319996994105e-01 8.155547160004061880e-01 8.083128360003684065e-01 7.053114259997528279e-01
7.956247660004009958e-01 8.006109120005930890e-01 8.059574690005320008e-01 8.045333659993048059e-01 6.966365549997135531e-01
8.070926720001807553e-01 8.135737729999164003e-01 8.069229869997798232e-01 8.017718250002872082e-01 8.175533819994598161e-01
8.100352049996217829e-01 8.041607240002122126e-01 8.042510639997999533e-01 8.141983690002234653e-01 8.084801969998807181e-01
8.158732839992808294e-01 8.010793600005854387e-01 8.086909530002230895e-01 8.092345790000763373e-01 8.037980079998305882e-01
7.084854790000463254e-01 6.997046800006501144e-01 6.991517140004361863e-01 7.060924409997824114e-01 7.102921669993520482e-01
6.965443260005486081e-01 7.044340300008116174e-01 7.141830220007250318e-01 7.058919069995681639e-01 8.149355949999517179e-01
8.086905099999057711e-01 6.990819849997933488e-01 8.056265020004502730e-01 8.026781159996971837e-01 6.997926980002375785e-01
8.094399789997623884e-01 8.029066059998513083e-01 7.998433429993383470e-01 8.122616000000562053e-01 8.098380440005712444e-01
8.148411350002788822e-01 8.098905349997949088e-01 8.055823269996835734e-01 8.074963660001230892e-01 8.042796079998879577e-01
8.056640849999894272e-01 8.096273810006096028e-01 8.076978340004643542e-01 8.063047730001926539e-01 8.114477829994939384e-01
9.161456769998039817e-01 9.075243400002364069e-01 9.008890740005881526e-01 9.198529779996533762e-01 9.158657610005320748e-01
9.108627589994284790e-01 9.149029850004808395e-01 9.021583450003163307e-01 9.078389849992163363e-01 9.133846980002999771e-01
7.102762630001961952e-01 8.068740960006834939e-01 8.143684560000110650e-01 8.126856680000855704e-01 8.076412189993789070e-01
8.135240159999739262e-01 8.060675110000374843e-01 7.999664039998606313e-01 8.088639910001802491e-01 8.126150090001829085e-01
8.036063110002942267e-01 7.980642959992110264e-01 8.110682280002947664e-01 8.069633929999326938e-01 8.033075109997298568e-01
7.974387969998133485e-01 8.149356719995921594e-01 7.978024120002373820e-01 8.098369569997885264e-01 7.972171579995119828e-01
8.078355840007134248e-01 8.114888199997949414e-01 8.111945020000348450e-01 8.027535530000022845e-01 8.016281689997413196e-01
8.058406989994182368e-01 8.137486249997891719e-01 8.104905079999298323e-01 8.066295460002947948e-01 8.066046049998476519e-01
8.120326270000077784e-01 9.157553300001382013e-01 7.944711059999463032e-01 8.184961729994029156e-01 8.034178450006947969e-01
8.078163549998862436e-01 9.175166089999038377e-01 9.049302859993986203e-01 9.216586200000165263e-01 9.054175410001334967e-01
8.122102970000923960e-01 8.089248220003355527e-01 8.236103230001390330e-01 8.136799459998655948e-01 8.213799579998521949e-01
8.040792929996314342e-01 8.061735589999443619e-01 8.122336430005816510e-01 8.102609200004735612e-01 8.147801730001447140e-01
7.976180429996020393e-01 8.101645879996794974e-01 8.132656110001335037e-01 8.032643090000419761e-01 8.208654919999389676e-01
7.966393560000142315e-01 8.009910079999826849e-01 8.044834290003564092e-01 7.980742429999736487e-01 8.493871090004176949e-01
8.082887090004078345e-01 8.081991910003125668e-01 8.030675509999127826e-01 8.096303219999754219e-01 9.100989130001835292e-01
9.071671279998554382e-01 9.161676519997854484e-01 8.150435440002183896e-01 9.101928229993063724e-01 9.225748030003160238e-01
8.968916680005349917e-01 9.219715609997365391e-01 9.089512099999410566e-01 9.133470870001474395e-01 9.151610670005538850e-01
9.264297589998022886e-01 9.140661620003811549e-01 9.142635409998547402e-01 9.189196289999017608e-01 9.156676099992182571e-01
8.072734529996523634e-01 8.106329170004755724e-01 8.180065080005078926e-01 8.235289499998543761e-01 8.143919439999081078e-01
8.131727090003550984e-01 8.061908420004328946e-01 8.147406969992516679e-01 8.132471310000255471e-01 8.111750609996306594e-01
8.066496450001068297e-01 8.109450919992013951e-01 8.137794869999197545e-01 8.127925720000348520e-01 8.186343999996097409e-01
8.099466730000131065e-01 8.146738010000262875e-01 8.079035529999600840e-01 8.121375840000837343e-01 8.084117940006763092e-01
8.136027040000044508e-01 7.985013040006379015e-01 8.116857590002837242e-01 8.090115700006208499e-01 8.008019629996852018e-01
9.162569330001133494e-01 9.140497620001042378e-01 9.122595589997217758e-01 9.108418679998067091e-01 9.105073360005917493e-01
9.187252499996247934e-01 9.163958520002779551e-01 9.089862290002201917e-01 9.136922950001462596e-01 9.142076990001442027e-01
9.062941949996456970e-01 9.374223469994831248e-01 9.168941150001046481e-01 9.183129049997660331e-01 9.312936879996414063e-01
8.160855850001098588e-01 8.105030599999736296e-01 8.143713170002229162e-01 8.129143510004723794e-01 8.097514589999263990e-01
8.175446270006432314e-01 8.112893460001942003e-01 8.141264519999822369e-01 8.043133109995324048e-01 7.900449980006669648e-01
8.077262140004677349e-01 8.141284339999401709e-01 8.063748109998414293e-01 8.132263990000865306e-01 8.080409759995745844e-01
9.223672049993183464e-01 9.143613940004797769e-01 9.117972240001108730e-01 9.092689989993232302e-01 9.106372429996554274e-01
9.113198779996309895e-01 9.084739410000111093e-01 9.105846620004740544e-01 9.140705459994933335e-01 9.143230970003060065e-01
9.056495739996535121e-01 9.131337189992336789e-01 9.071732319998773164e-01 9.095761920007134904e-01 9.156826660000660922e-01
1.127805529999932332e+00 1.025697148000290326e+00 1.024103633999402518e+00 1.032406333999460912e+00 1.028853046999756771e+00
1.243325999000262527e+00 1.349123670000153652e+00 1.345649713000057091e+00 1.234696762000567105e+00 1.242805336999481369e+00
7.110652450000998215e-01 8.062149829993359162e-01 8.034986780003237072e-01 8.138921370000389288e-01 8.051442699998005992e-01
8.041756789998544264e-01 8.104986030002692132e-01 8.039385580004818621e-01 8.197188359999927343e-01 8.088859290000982583e-01
8.091510559997914243e-01 8.046349159994861111e-01 8.005050740002843668e-01 8.163031499998396612e-01 7.991919769992819056e-01
8.058869860005870578e-01 8.143861739999920246e-01 7.988108729996383772e-01 7.993795250004041009e-01 8.109034879998944234e-01
9.125158209999426617e-01 9.017787799994039233e-01 9.118500559998210520e-01 9.212140090003231307e-01 9.134127999996053404e-01
9.126392779999150662e-01 9.039222880001034355e-01 9.073246540001491667e-01 9.177840309994280688e-01 9.104331859998637810e-01
9.193001829999047914e-01 9.029550619998190086e-01 9.056647899997187778e-01 9.208392560003630933e-01 9.118315989999246085e-01
1.123392667999723926e+00 1.113106357000106073e+00 1.143517088000407966e+00 1.119004019999920274e+00 1.130063146999418677e+00
7.127323650001926580e-01 7.021575060007307911e-01 7.116488969995771185e-01 6.923047710006358102e-01 7.057578059993829811e-01
8.172958779996406520e-01 7.022312720000627451e-01 8.052207979999366216e-01 8.150315459997727885e-01 8.168500219999259571e-01
8.034382390005703201e-01 8.034512240001276950e-01 8.035290560001158156e-01 8.066953850002391846e-01 8.076102810000520549e-01
8.130057420003140578e-01 8.050573909995364374e-01 8.158416050000596442e-01 8.028662489996349905e-01 8.112618530003601336e-01
8.003281069995864527e-01 9.050181499997052015e-01 8.040460439997332287e-01 8.160253770001872908e-01 8.001694240001597791e-01
1.140634144000614469e+00 1.134249792999980855e+00 1.120777859000554599e+00 1.127629328000693931e+00 1.126864775000285590e+00
1.764128859000265948e+00 1.776264423000611714e+00 1.739602948000538163e+00 1.777785117999883369e+00 1.866855315000066184e+00
4.131969992000449565e+00 4.139654163000159315e+00 4.259684185999503825e+00 4.164340156000434945e+00 4.169240951000574569e+00
1.001535739999781072e+00 9.274313159994562739e-01 9.129396800008180435e-01 1.053170627000326931e+00 9.234543810007380671e-01
1.019606159999966621e+00 1.030527846999575559e+00 1.024314699999195000e+00 1.032715463000386080e+00 1.040533530999709910e+00
1.122233462000622239e+00 1.136873677999574284e+00 1.148912876999929722e+00 1.240035198999976274e+00 1.137019553000754968e+00
1.352887086999544408e+00 1.352716768000391312e+00 1.351376255000104720e+00 1.344045719999485300e+00 1.336191601000791707e+00
1.564282145000106539e+00 1.665986412999700406e+00 1.570093210999402800e+00 1.670926091000183078e+00 1.670297313000446593e+00
2.082792582999900333e+00 2.081300618000568647e+00 2.084629175999907602e+00 2.076016936000087298e+00 2.090477585999906296e+00
2.801217208999332797e+00 2.798825845999999729e+00 2.874746139000308176e+00 2.905694217000018398e+00 2.894421083000452199e+00
4.571511129000100482e+00 4.576618748000328196e+00 4.673168860000259883e+00 4.516410313999585924e+00 4.543024775000048976e+00
1.436811687000044913e+00 1.468597352000870160e+00 1.434869468001124915e+00 1.444483035998928244e+00 1.459830205998514430e+00
3.098753670999940368e+00 3.126008457999887469e+00 3.122872271000233013e+00 3.108456977000969346e+00 2.918246933999398607e+00
8.038975002999904973e+00 7.927086304000113159e+00 8.262802532999558025e+00 7.527643811999951140e+00 7.457241271000384586e+00
1.796062809899922286e+01 1.815652596299969446e+01 1.736613021999983175e+01 1.731133053600024141e+01 1.777000542899986613e+01
4.022069829700012633e+01 3.968718661500042799e+01 4.016013262299929920e+01 3.971969766599977447e+01 3.959941739699934260e+01
8.949791066200032219e+01 9.219461054299972602e+01 9.019173668899929908e+01 9.026583236000078614e+01 8.920869416100140370e+01
2.014765026249997391e+02 2.071296659199997521e+02 2.058506291979992966e+02 2.077094418600008794e+02 2.052599268590001884e+02
4.655124806320000062e+02 4.656031004220003524e+02 4.593007195789996331e+02 4.658652717620007024e+02 4.585000397869989683e+02
7.152603260001342278e-01 7.239150410005095182e-01 7.053051000002596993e-01 7.044815919998654863e-01 7.231386879993806360e-01
7.991418319998047082e-01 8.132773119996272726e-01 7.053523030008364003e-01 8.080977919998986181e-01 8.066805199996451847e-01
8.090091120011493331e-01 8.097898710002482403e-01 8.088969629989151144e-01 8.056306920007045846e-01 8.061021710000204621e-01
8.086298969992640195e-01 8.041364479995536385e-01 8.112087139998038765e-01 7.983837070005392889e-01 8.012306000000535278e-01
8.110233679999510059e-01 8.060275740008364664e-01 8.077847320000728359e-01 8.103160919999936596e-01 8.146508679983526235e-01
9.081930960001045605e-01 9.083796459999575745e-01 9.119586469987552846e-01 9.078876530002162326e-01 9.183055650009919191e-01
9.312738569988141535e-01 9.361136459992849268e-01 9.113523750002059387e-01 9.133986610013380414e-01 9.180933099996764213e-01
1.659601060000568395e+00 1.661921229000654421e+00 1.673528047000218066e+00 1.775594102999093593e+00 1.753737517001354718e+00
7.052227330004825490e-01 8.148519950009358581e-01 8.201120619996800087e-01 8.065854450014739996e-01 8.076970269994490081e-01
8.240114609998272499e-01 8.270041070009028772e-01 8.073918840000260388e-01 8.249873149998165900e-01 8.093605270005355123e-01
8.115305579995037988e-01 8.054347239994967822e-01 8.124287459995684912e-01 8.068407190003199503e-01 8.166502000003674766e-01
8.108620050006720703e-01 8.064908519991149660e-01 8.047158379995380528e-01 8.080007429998659063e-01 8.135221320007985923e-01
8.146237749988358701e-01 8.050316119988565333e-01 8.174455779990239535e-01 8.115302189999056282e-01 8.068546670001524035e-01
9.152445869985967875e-01 9.164723119993141154e-01 9.251984370002901414e-01 9.158972510012972634e-01 9.254502570001932327e-01
9.110283159989194246e-01 9.209131320003507426e-01 9.220928639988414943e-01 9.142611289989872603e-01 9.063581680002243957e-01
9.162049249989649979e-01 9.113196060006885091e-01 9.040746869995928137e-01 9.151937549995636800e-01 9.041166340011841385e-01
7.148788190006598597e-01 8.064170319994445890e-01 6.968514399995910935e-01 6.865284229988901643e-01 7.028165660012746230e-01
8.198193970001739217e-01 7.029036879994237097e-01 8.115304059992922703e-01 7.016005799996491987e-01 7.017641110014665173e-01
8.033235929997317726e-01 8.058621419986593537e-01 8.009253129985154374e-01 8.088190500002383487e-01 8.147210749993973877e-01
8.096734579994517844e-01 8.089627070003189147e-01 8.104843279998021899e-01 7.987896100003126776e-01 8.029035349991318071e-01
8.069834919988352340e-01 8.049330890007695416e-01 7.900519109989545541e-01 8.143876949998229975e-01 8.089131169999745907e-01
9.166462640005192952e-01 9.202894850004668115e-01 9.137419039998349035e-01 9.037277339994034264e-01 9.085021930004586466e-01
9.134708250003313879e-01 9.095674109994433820e-01 9.213159770006313920e-01 9.137188090007839492e-01 9.188478569994913414e-01
1.128762297001230763e+00 1.120559365001099650e+00 1.029002420000324491e+00 1.028810956000597798e+00 1.022623865001150989e+00
