0.11377777777777778
0.10388888888888889
0.10166666666666667
0.11188888888888888
0.1318888888888889
0.18122222222222223
0.3002222222222222
0.3887777777777778
0.11144444444444444
0.09111111111111111
0.1121111111111111
0.11144444444444444
0.12066666666666667
0.16733333333333333
0.2803333333333333
0.3907777777777778
0.111
0.112
0.11033333333333334
0.10844444444444444
0.16844444444444445
0.24988888888888888
0.3025555555555556
0.389
0.10555555555555556
0.11666666666666667
0.1111111111111111
0.13211111111111112
0.1448888888888889
0.21822222222222223
0.282
0.39655555555555555
0.13233333333333333
0.11844444444444445
0.11088888888888888
0.11333333333333333
0.15966666666666668
0.2212222222222222
0.30644444444444446
0.42088888888888887
0.10433333333333333
0.1111111111111111
0.111
0.11644444444444445
0.16277777777777777
0.17377777777777778
0.30944444444444447
0.38233333333333336
0.11022222222222222
0.1111111111111111
0.10866666666666666
0.11966666666666667
0.1351111111111111
0.1511111111111111
0.3237777777777778
0.40066666666666667
0.1111111111111111
0.10033333333333333
0.1111111111111111
0.1111111111111111
0.11188888888888888
0.16977777777777778
0.31344444444444447
0.422
0.11055555555555556
0.112
0.11155555555555556
0.118
0.13833333333333334
0.192
0.2927777777777778
0.3824444444444444
0.11533333333333333
0.1111111111111111
0.111
0.11122222222222222
0.16466666666666666
0.17477777777777778
0.28933333333333333
0.4061111111111111
