0.1218888888888889
0.09988888888888889
0.1348888888888889
0.211
0.27166666666666667
0.3283333333333333
0.39366666666666666
0.4816666666666667
0.11177777777777778
0.098
0.11911111111111111
0.19233333333333333
0.2441111111111111
0.3248888888888889
0.3958888888888889
0.46444444444444444
0.10077777777777777
0.10288888888888889
0.133
0.2021111111111111
0.26422222222222225
0.3267777777777778
0.39211111111111113
0.461
0.088
0.11733333333333333
0.111
0.17444444444444446
0.22977777777777778
0.3268888888888889
0.3977777777777778
0.4796666666666667
0.13311111111111112
0.08122222222222222
0.1527777777777778
0.20055555555555554
0.30077777777777776
0.334
0.4151111111111111
0.481
0.11766666666666667
0.08944444444444444
0.11788888888888889
0.19377777777777777
0.273
0.329
0.40655555555555556
0.4872222222222222
0.12622222222222224
0.10088888888888889
0.132
0.23177777777777778
0.2846666666666667
0.34844444444444445
0.4142222222222222
0.4988888888888889
0.08666666666666667
0.11844444444444445
0.13144444444444445
0.1781111111111111
0.247
0.3486666666666667
0.41844444444444445
0.4791111111111111
0.124
0.10033333333333333
0.12344444444444444
0.20366666666666666
0.24655555555555556
0.33455555555555555
0.39544444444444443
0.464
0.09266666666666666
0.1302222222222222
0.09122222222222222
0.17855555555555555
0.2248888888888889
0.31144444444444447
0.3864444444444444
0.47333333333333333
