0.12022222222222222
0.11788888888888889
0.15088888888888888
0.26466666666666666
0.36466666666666664
0.4667777777777778
0.5395555555555556
0.6418888888888888
0.11344444444444444
0.10111111111111111
0.142
0.2781111111111111
0.37866666666666665
0.4656666666666667
0.5331111111111111
0.6283333333333333
0.11
0.106
0.15233333333333332
0.2437777777777778
0.3635555555555556
0.44355555555555554
0.5347777777777778
0.639
0.08333333333333333
0.11666666666666667
0.14555555555555555
0.23855555555555555
0.3586666666666667
0.4467777777777778
0.5154444444444445
0.6198888888888889
0.10077777777777777
0.11455555555555555
0.14955555555555555
0.26666666666666666
0.37444444444444447
0.4821111111111111
0.5316666666666666
0.6543333333333333
0.101
0.11455555555555555
0.16433333333333333
0.24811111111111112
0.3678888888888889
0.4474444444444444
0.5674444444444444
0.6677777777777778
0.10666666666666667
0.10155555555555555
0.12477777777777778
0.2742222222222222
0.408
0.4802222222222222
0.531
0.6793333333333333
0.10388888888888889
0.11322222222222222
0.14444444444444443
0.2698888888888889
0.397
0.4621111111111111
0.5774444444444444
0.688
0.09755555555555556
0.09044444444444444
0.128
0.25222222222222224
0.3662222222222222
0.45011111111111113
0.5308888888888889
0.627
0.12588888888888888
0.13822222222222222
0.16444444444444445
0.2628888888888889
0.37866666666666665
0.46155555555555555
0.5586666666666666
0.6333333333333333
