0.1618888888888889
0.17
0.21244444444444444
0.29133333333333333
0.337
0.373
0.4225555555555556
0.44633333333333336
0.166
0.12644444444444444
0.2548888888888889
0.2868888888888889
0.32655555555555554
0.3662222222222222
0.39255555555555555
0.4288888888888889
0.17133333333333334
0.212
0.229
0.2708888888888889
0.3433333333333333
0.383
0.41
0.44266666666666665
0.14133333333333334
0.2071111111111111
0.258
0.3001111111111111
0.34044444444444444
0.37577777777777777
0.409
0.44377777777777777
0.163
0.16333333333333333
0.21466666666666667
0.2911111111111111
0.35
0.3893333333333333
0.42277777777777775
0.45966666666666667
0.163
0.18366666666666667
0.2601111111111111
0.2927777777777778
0.3517777777777778
0.3873333333333333
0.4196666666666667
0.45744444444444443
0.192
0.1618888888888889
0.22933333333333333
0.29677777777777775
0.3343333333333333
0.40044444444444444
0.43733333333333335
0.4653333333333333
0.16011111111111112
0.20833333333333334
0.2212222222222222
0.30044444444444446
0.3705555555555556
0.398
0.4265555555555556
0.46355555555555555
0.174
0.16166666666666665
0.25766666666666665
0.3065555555555556
0.334
0.3808888888888889
0.41
0.442
0.16444444444444445
0.19177777777777777
0.246
0.28155555555555556
0.3254444444444444
0.36744444444444446
0.4008888888888889
0.43833333333333335
