0.11033333333333334
0.08744444444444445
0.13955555555555554
0.278
0.40044444444444444
0.5067777777777778
0.6081111111111112
0.6801111111111111
0.11011111111111112
0.11244444444444444
0.1507777777777778
0.26711111111111113
0.39544444444444443
0.5047777777777778
0.604
0.6843333333333333
0.09744444444444444
0.11322222222222222
0.15911111111111112
0.26722222222222225
0.39744444444444443
0.5123333333333333
0.6067777777777777
0.6823333333333333
0.10822222222222222
0.11088888888888888
0.14655555555555555
0.2682222222222222
0.37955555555555553
0.49833333333333335
0.6004444444444444
0.682
0.09822222222222222
0.1068888888888889
0.16411111111111112
0.2906666666666667
0.3771111111111111
0.5193333333333333
0.6271111111111111
0.7076666666666667
0.09144444444444444
0.10555555555555556
0.15188888888888888
0.2638888888888889
0.4102222222222222
0.5034444444444445
0.625
0.7097777777777777
0.119
0.11422222222222222
0.143
0.2722222222222222
0.4061111111111111
0.5256666666666666
0.6312222222222222
0.7137777777777777
0.1068888888888889
0.10566666666666667
0.153
0.263
0.4136666666666667
0.5395555555555556
0.6195555555555555
0.7152222222222222
0.11133333333333334
0.11277777777777778
0.139
0.2713333333333333
0.40544444444444444
0.495
0.5956666666666667
0.6831111111111111
0.10955555555555556
0.10388888888888889
0.13933333333333334
0.2607777777777778
0.4022222222222222
0.507
0.6098888888888889
0.6866666666666666
