0.013337698999748682
0.032584531000793504
0.012691906999862113
0.14672543300002872
0.23761051300061808
0.42117783399953623
0.011124978000225383
0.013224896999417979
0.01190325599964126
0.137773561999893
0.2302165179999065
0.061066147000019555
0.01122971399945527
0.011608944999352389
0.011825113000668352
0.13943730499977391
0.23347045299942693
0.42928333600048063
0.08592833199963934
0.011332149000736536
0.012056321999807551
0.018946060999951442
0.23667780599953403
0.42963998499999434
0.011265008000009402
0.011534590999872307
0.012010235999696306
0.14532816300015838
0.23835970100026316
0.42736787700050627
0.0116397900001175
0.011371646999577933
0.029713490999711212
0.143041615000584
0.2338261679997231
0.06638836599995557
0.012171688999842445
0.011334996000186948
0.09153295000032813
0.14011578200006625
0.2468245960008062
0.43268637099936313
0.011383355999896594
0.03755632999946101
0.08294811100040533
0.1409217130003526
0.24734970000008616
0.4237977659995522
0.08486363499923755
0.01165860099990823
0.01281625499996153
0.05996439400041709
0.24892917400029546
0.4265864760000113
0.013574225000411388
0.011352442000315932
0.01191542299966386
0.018319191000045976
0.2368105609994018
0.05875478500001918
0.01233015300022089
0.012038932999530516
0.01218247699944186
0.14082626900017203
0.24327381399962178
0.057698619000802864
0.03090393000002223
0.012147151000135636
0.08973013200011337
0.01876296899990848
0.2509671010002421
0.43746627800010174
0.0706924699998126
0.08634018500015372
0.04016983800011076
0.14088848900064477
0.23896789900027215
0.42654816300000675
0.011718298000232608
0.013293189000251004
0.012207933000354387
0.14091561900022498
0.031483423999816296
0.45647835999989184
0.030147514000418596
0.08498699499978102
0.012435648999598925
0.14242833000025712
0.2327148499998657
0.42987494800036075
0.04923332699945604
0.01134798899965972
0.011954710999816598
0.018165639000471856
0.030717859999640496
0.4424252280005021
0.01206962400010525
0.011284347000582784
0.08961531099976128
0.14225039600023592
0.2382708380000622
0.42492736199983483
0.011841200999697321
0.011387540999749035
0.012068955000358983
0.01891271800013783
0.2375922659994103
0.05952822200015362
0.08466044800024974
0.011400534000131302
0.01221452599929762
0.019810746000075596
0.24923796500024764
0.426803688000291
0.01111880300049961
0.05292796699995961
0.011885708000590967
0.017987893000281474
0.030790360000537476
0.42641320599977917
0.06908299600036116
0.011732990999917092
0.09267046300010406
0.018688969000322686
0.23834227600036684
0.427463166999587
0.011295854999843868
0.011508284000228741
0.012067390000083833
0.1465838399999484
0.24132238600031997
0.42600511199998436
0.011292699000478024
0.013864971999282716
0.012108185000215599
0.1395682089996626
0.23455281399947125
0.42638333800005057
0.014740015999450407
0.011458502000095905
0.011998995999420003
0.14035175100070774
0.2349002320006548
0.44922399499955645
0.01144102199941699
0.07223696799974277
0.012138854000113497
0.14343019599982654
0.2321553629999471
0.4486519379997844
0.011605721999330854
0.0125721459999113
0.09408182599963766
0.13999894100015808
0.2353828129998874
0.42444851999971434
0.012834047999604081
0.01144499500060192
0.012112987999898905
0.1435087919999205
0.23751508399982413
0.4303976799992597
0.011941972000386158
0.013965967000331148
0.012206563000290771
0.144935534999604
0.03200600299987855
0.4324718970001413
0.0406124559995078
0.08561425199968653
0.09473764999984269
0.08320611100043607
0.031129781000345247
0.4472208759998466
0.020267855999918538
0.011753352000596351
0.01215858199975628
0.018582155000331113
0.254317885999626
0.4259634520003601
0.04869624700040731
0.011567792000278132
0.012252529999386752
0.05083042900059809
0.031221746000483108
0.4370459709998613
0.012539876999653643
0.011656220999611833
0.01280954699996073
0.14773417899959895
0.03899801500028843
0.43146484099997906
0.011383234000277298
0.011612581000008504
0.015895386999545735
0.1437503060005838
0.2447951230005856
0.42388901399954193
0.011309804000120494
0.011920106000616215
0.012631032000172127
0.018577929999992193
0.24728329200024746
0.4332952450004086
0.0853888609999558
0.011308191000352963
0.012111547000131395
0.14221530899976642
0.04623524900034681
0.4341572749999614
0.06577189000017825
0.011601053000049433
0.025337309999486024
0.018383424999228737
0.031014806999337452
0.4420170470002631
0.011321715000121912
0.012028653000015765
0.09086810900043929
0.1423811429995112
0.04877834699982486
0.44631401599963283
0.020611683999959496
0.017199978999997256
0.012347741999292339
0.018378294999820355
0.2383096249996015
0.429950276999989
0.04938058900006581
0.011256512999352708
0.08057138599997415
0.14309382400006143
0.23351938799987693
0.4306955560005008
0.031748780000270926
0.01162022500011517
0.09098223799992411
0.019045876999371103
0.240511212000456
0.4249809650000316
0.011566758999833837
0.011568129000806948
0.01214403899939498
0.018155427000237978
0.038717289000487654
0.06038147199978994
0.06132289600009244
0.011882634000357939
0.09459683000022778
0.03667803999996977
0.23745126700032415
0.4454960310004026
0.01178852300017752
0.012163749000137614
0.08950864200051001
0.018194291000327212
0.23591318400031014
0.056466974000613845
0.028426204999959737
0.011557754000023124
0.011835069999506231
0.15317135399982362
0.23452920799991261
0.4270256319996406
0.08816996400037169
0.012335503000031167
0.012043284999890602
0.01857619699967472
0.24353524500020285
0.42273432000001776
