0.11271676300578035
0.32947976878612717
0.4797687861271676
0.6011560693641619
0.7427745664739884
0.7861271676300579
0.11044776119402985
0.1701492537313433
0.26865671641791045
0.5552238805970149
0.6626865671641791
0.755223880597015
0.12244897959183673
0.17784256559766765
0.3819241982507289
0.5393586005830904
0.7317784256559767
0.7842565597667639
0.11869436201780416
0.1394658753709199
0.19584569732937684
0.2166172106824926
0.6913946587537092
0.7863501483679525
0.13333333333333333
0.1391304347826087
0.4753623188405797
0.2463768115942029
0.7304347826086957
0.782608695652174
0.12874251497005987
0.2844311377245509
0.4101796407185629
0.5
0.6916167664670658
0.7874251497005988
0.20175438596491227
0.15204678362573099
0.4590643274853801
0.5906432748538012
0.6812865497076024
0.7777777777777778
0.18
0.20285714285714285
0.2
0.5742857142857143
0.72
0.7742857142857142
0.11209439528023599
0.22713864306784662
0.18584070796460178
0.5250737463126843
0.6843657817109144
0.7728613569321534
0.1495601173020528
0.1348973607038123
0.45161290322580644
0.6070381231671554
0.6891495601173021
0.7741935483870968
0.10755813953488372
0.2063953488372093
0.4069767441860465
0.5959302325581395
0.6976744186046512
0.7936046511627907
0.13068181818181818
0.1534090909090909
0.38636363636363635
0.5284090909090909
0.7102272727272727
0.8181818181818182
0.11436950146627566
0.2785923753665689
0.3548387096774194
0.5102639296187683
0.6950146627565983
0.7653958944281525
0.11078717201166181
0.18075801749271136
0.40816326530612246
0.5626822157434402
0.7113702623906706
0.7580174927113703
0.13218390804597702
0.1839080459770115
0.14080459770114942
0.5488505747126436
0.7097701149425287
0.7988505747126436
0.1373134328358209
0.18208955223880596
0.191044776119403
0.191044776119403
0.7044776119402985
0.817910447761194
0.1282798833819242
0.12536443148688048
0.43731778425655976
0.6151603498542274
0.7463556851311953
0.7784256559766763
0.1355421686746988
0.21084337349397592
0.3644578313253012
0.2891566265060241
0.6626506024096386
0.7620481927710844
0.1377245508982036
0.18263473053892215
0.16766467065868262
0.5658682634730539
0.7245508982035929
0.7754491017964071
0.11209439528023599
0.1415929203539823
0.13569321533923304
0.56047197640118
0.6902654867256637
0.7905604719764012
0.15835777126099707
0.18475073313782991
0.17008797653958943
0.592375366568915
0.7008797653958945
0.7917888563049853
0.11377245508982035
0.10479041916167664
0.38323353293413176
0.6077844311377245
0.6826347305389222
0.781437125748503
0.12573099415204678
0.2894736842105263
0.2046783625730994
0.6403508771929824
0.7485380116959064
0.8011695906432749
0.10574018126888217
0.2930513595166163
0.1510574018126888
0.26586102719033233
0.6978851963746223
0.7824773413897281
0.09309309309309309
0.13813813813813813
0.2012012012012012
0.5735735735735735
0.6876876876876877
0.7717717717717718
0.13313609467455623
0.1893491124260355
0.46449704142011833
0.5414201183431953
0.7011834319526628
0.7988165680473372
0.14705882352941177
0.1676470588235294
0.2088235294117647
0.6264705882352941
0.7852941176470588
0.7911764705882353
0.11782477341389729
0.20241691842900303
0.43202416918429004
0.5589123867069486
0.7522658610271903
0.797583081570997
0.14454277286135694
0.2359882005899705
0.20648967551622419
0.5339233038348082
0.7079646017699115
0.7581120943952803
0.12968299711815562
0.15561959654178675
0.42363112391930835
0.6628242074927954
0.7204610951008645
0.8184438040345822
0.1488095238095238
0.23214285714285715
0.44047619047619047
0.25892857142857145
0.6904761904761905
0.8095238095238095
0.14201183431952663
0.1863905325443787
0.41124260355029585
0.6183431952662722
0.6982248520710059
0.8195266272189349
0.14285714285714285
0.34402332361516036
0.16326530612244897
0.6647230320699709
0.7405247813411079
0.7959183673469388
0.14782608695652175
0.2318840579710145
0.4115942028985507
0.5826086956521739
0.7565217391304347
0.8173913043478261
0.21726190476190477
0.14285714285714285
0.4732142857142857
0.2767857142857143
0.6934523809523809
0.8095238095238095
0.1880597014925373
0.19402985074626866
0.48059701492537316
0.6208955223880597
0.6955223880597015
0.826865671641791
0.1686046511627907
0.18604651162790697
0.16279069767441862
0.5988372093023255
0.6686046511627907
0.7877906976744186
0.11647727272727272
0.15056818181818182
0.1903409090909091
0.6420454545454546
0.71875
0.7982954545454546
0.15542521994134897
0.1466275659824047
0.375366568914956
0.5161290322580645
0.6920821114369502
0.8005865102639296
0.1457725947521866
0.22157434402332363
0.4402332361516035
0.6268221574344023
0.6997084548104956
0.7988338192419825
0.12931034482758622
0.33045977011494254
0.4224137931034483
0.4827586206896552
0.6867816091954023
0.735632183908046
0.14
0.29714285714285715
0.14
0.5742857142857143
0.7057142857142857
0.8257142857142857
0.16129032258064516
0.2873900293255132
0.4838709677419355
0.5630498533724341
0.7214076246334311
0.782991202346041
0.16176470588235295
0.18529411764705883
0.5264705882352941
0.6323529411764706
0.7323529411764705
0.7911764705882353
0.17971014492753623
0.20869565217391303
0.42318840579710143
0.5681159420289855
0.6869565217391305
0.7942028985507247
