0.2354247920002308
0.2395705109993287
0.2350891739997678
0.2340391110001292
0.3406428650005182
0.5345197049991839
0.23370399099985661
0.2331707320008718
0.23320231900015642
0.23618851199989876
0.3343006620007145
0.6344913519997135
0.23623797399977775
0.23310482999931992
0.23322177800037025
0.23393830100030755
0.33401652700013074
0.6343841070001872
0.23361937800018495
0.23371979300009116
0.23369022100087022
0.23428735099969344
0.3358991259992763
0.6354320159998679
0.2348658560003969
0.23379732699959277
0.23724135199972807
0.23394334400018124
0.3346767399998498
0.6367883000002621
0.24023981899972568
0.2332714809999743
0.23420310199981031
0.24003969799923652
0.3359402960004445
0.635649679999915
0.2343833490003817
0.23666271899946878
0.23469778000071528
0.23430291000022407
0.33461877500030823
0.6417548740000711
0.2343530110001666
0.23394957500022429
0.2338559810004881
0.23518922099992778
0.33445875300003536
0.6359544920005646
0.23444163400017715
0.23400719000073877
0.2406671529997766
0.2349855500006015
0.3342054479999206
0.6349260580000191
0.2342498420002812
0.23401712699978816
0.23398874899976363
0.2341642880001018
0.33423014100026194
0.634873656000309
0.23380423900016467
0.233439485999952
0.23565258100006758
0.23667532400031632
0.33405169199977536
0.6358132550003575
0.23428345800039097
0.2341096620002645
0.23362970800008043
0.2347767390001536
0.33386217700081033
0.6355496950000088
0.23406984400025976
0.23387742300019454
0.2335861980000118
0.23538595599984546
0.3341205879996778
0.6350745400004598
0.23586654500013537
0.2342026039996199
0.23421033100021305
0.2334071920004135
0.3348206479995497
0.6358369709996623
0.23421729100027733
0.24079310599972814
0.2347171139999773
0.2525980669997807
0.3345108510002319
0.6360668870001973
0.23756570800014742
0.23372519700023986
0.23418990100071824
0.2346868139993603
0.3343630760000451
0.6437127170001986
0.2341028950004329
0.23344935800014355
0.23471792800046387
0.23365671200008364
0.3339926300004663
0.6356457849997241
0.23519626100005553
0.23977257600017765
0.23510383600023488
0.2341803469998922
0.3363281100000677
0.6352279669999916
0.23488708099921496
0.23391243800051598
0.23350315799962118
0.23455361800006358
0.3342964569992546
0.6378528570003255
0.23364575799951126
0.23433908999959385
0.23616927199964266
0.2344230080007037
0.33389033599996765
0.636113772000499
0.23447551000026579
0.2337620930002231
0.23406532900025923
0.23397265899984632
0.33515140599956794
0.6359287509994829
0.2341361960006907
0.23699257399948692
0.2410233230002632
0.23627455699988786
0.3350489229997038
0.6353578930002186
0.23417364000033558
0.23471441000037885
0.23383548699985113
0.23439212799985398
0.3339114510008585
0.6353519229996891
0.2330327199997555
0.2340180950004651
0.2341929740005071
0.23423398499926407
0.3366057749999527
0.6354910150002979
0.23505629299961583
0.23387559599996166
0.23459501300021657
0.23386464299983345
0.3360800409991498
0.6381767599996238
0.23451393699997425
0.23393219500030682
0.2340329139997266
0.23439353600042523
0.33410876099969755
0.6353919660004976
0.23470316900056787
0.23564356499991845
0.23481604400058131
0.23750488799942104
0.3342670829997587
0.6350268670003061
0.24009543900046992
0.23427392600024177
0.23341945799984387
0.23372119899977406
0.33413122900037706
0.636744059999728
0.23387005099993985
0.2352311490003558
0.23553068100045493
0.23389404600038688
0.33521462899989274
0.6356930090005335
0.2335265450001316
0.23436877699987235
0.2341021100000944
0.23815117600042868
0.33498991499982367
0.5357982160003303
0.23559545900025114
0.23651918999985355
0.2334725780001463
0.23387070800072252
0.3340637660003267
0.6354164439999295
0.2342110520003189
0.23345495500052493
0.2356758149999223
0.23398293500031286
0.3341160099998888
0.5350551760002418
0.2335785780005608
0.23903789399992093
0.2338093280004614
0.23333870300029957
0.3337182719997145
0.6350102080004945
0.2333772379997754
0.2339731189995291
0.23984288800056675
0.23371700200004852
0.3341878999999608
0.6393418309999106
0.23489954700016824
0.2344964190006067
0.23603802300021925
0.23347760100023152
0.33376019499974063
0.6348985889999312
0.2351180989999193
0.2371671820001211
0.23515251000026183
0.23398770400035573
0.3338651050007684
0.6345691200003785
0.23465435599973716
0.23430349499994918
0.23437238299993624
0.2368481969997447
0.33377291899978445
0.6354396100005033
0.23534692599969276
0.2357966679992387
0.23354021700015437
0.235102581999854
0.3340271320003012
0.6374191969998719
0.2333831870000722
0.2346668989994214
0.23424457100009022
0.23359443200024543
0.3356413439996686
0.634296858000198
0.2342994099999487
0.23639685700072732
0.23360111500005587
0.23409998000079213
0.3345987980001155
0.639875191000101
0.23406982400047127
0.23410633699950267
0.2347983799991198
0.23610029700012092
0.33377130400003807
0.6347828920006577
0.23386284699972748
0.23421292000057292
0.23513636299958307
0.23388677899947652
0.3338036219993228
0.635787383999741
0.23323205599990615
0.23392852100005257
0.23522326399961457
0.2339397089999693
0.33476953900026274
0.634665262999988
0.2339776509998046
0.23640404999969178
0.23375905800003238
0.23711554199962848
0.33423252000011416
0.6347361779999119
0.2414663469999141
0.23367194999991625
0.23385139299989532
0.24045190400011052
0.33371976599937625
0.6380137099995409
