0.21882007400017756
0.13522135199946206
0.11442836400055967
0.31889945100010664
0.311702035000053
0.5805234429999473
0.1450416170000608
0.13350082700071653
0.16947099699973478
0.2697918979993119
0.38460669800042524
0.5783271669997703
0.2108409690008557
0.3364079729999503
0.17304413300007582
0.22263835099965945
0.39223234499968385
0.7242436579999776
0.26296589899993705
0.29895153300003585
0.28397862699966936
0.26619179699991946
0.30967554200015
0.7273244160005561
0.12685471999975562
0.2705567900002279
0.25821506600004795
0.3123795940000491
0.3947343029994954
0.7270166459993561
0.14425696700072876
0.23206593899976724
0.45535359800032893
0.3099015669995424
0.5452576309999131
0.7243599069997799
0.17773749200023303
0.20294245300010516
0.20622558499962906
0.27212662199963233
0.3866976039998917
0.8704937859993152
0.12063316799958557
0.13352975799989508
0.14121894099935162
0.17821862199980387
0.46844901500026026
0.7262868230000095
0.11996490100045776
0.2676358420003453
0.14028793199940992
0.266384107999329
0.5462566249998417
0.7241466659997968
0.2051359560000492
0.23500703900026565
0.2552346150005178
0.40162100499946973
0.31102323600043746
0.5860390489997371
0.20545140100057324
0.13483427799928904
0.19979472300019552
0.4022180980000485
0.542911128999549
0.8741925320000519
0.1751755420000336
0.13368209400050546
0.3105417059996398
0.22161204000076395
0.3889890740001647
0.580577331999848
0.26750953099963226
0.3050117370003136
0.17256270699999732
0.4494671399997969
0.4647891939994224
0.8716359569998531
0.11671721300081117
0.16900801600058912
0.31296208999992814
0.2706752679996498
0.38890742500007036
0.8689073819996338
0.2062131849997968
0.13640315199972974
0.11357435399986571
0.31493624999984604
0.3914168649998828
0.8729312320001554
0.11705502900076681
0.2347209119998297
0.3113834380001208
0.3555399580000085
0.5450560440003756
0.725514996000129
0.14550083599988284
0.2680952559994694
0.34056217099987407
0.3587032880004699
0.3895539799996186
0.579413196999667
0.19943815399983578
0.23334071999943262
0.16501015500034555
0.39499904999956925
0.30971565400068357
0.8655812030001471
0.11545971899977303
0.2998864159999357
0.11436287499964237
0.36072473299918784
0.3872735659997488
0.7248461210001551
0.1464751339999566
0.2069787130003533
0.3419848269995782
0.2702945599994564
0.31481480300044495
0.7260820159999639
0.17489572900012718
0.13719070999923133
0.3672009389993036
0.26831261000006634
0.3106480559999909
0.8715498390001812
0.20118221700067807
0.16978915199979383
0.13935994999974355
0.2691460099995311
0.30827654200038523
0.7213229180006238
0.2083870989999923
0.3017599489994609
0.11740517999987787
0.40817501799938327
0.3104156210001747
0.579243592000239
0.12536597899998014
0.1402579349996813
0.36198591500033217
0.3235677510001551
0.47612514199954603
0.8825154939995628
0.14634914699945512
0.234885605999807
0.25278603700007807
0.5352769979999721
0.38417542499973933
0.5789460009991672
0.17419688400059385
0.13344406800024444
0.3651256800003466
0.27219961899936607
0.3111313039999004
0.7230579659999421
0.1517611709996345
0.23546816899943224
0.3163995099994281
0.31562190699969506
0.4660018249996938
0.8688106520003203
0.1134681699995781
0.19863047000035294
0.3586166969998885
0.3519814330002191
0.3853878250001799
0.8692998289998286
0.11880025000027672
0.33710635300030845
0.19639535999976943
0.3559657480000169
0.3866715029998886
0.7286014009996507
0.11728752300041378
0.20354657400002907
0.22837129500021547
0.2708211379995191
0.46684208199985733
0.7254808730003788
0.11537732800024969
0.16614939700048126
0.33730468199973984
0.22226443700037635
0.46396682700014935
0.867343792999236
0.14548903500053711
0.1673942570005238
0.16938043399932212
0.31219375700038654
0.4682593220004492
0.581139403000634
0.23777689700000337
0.2716871769998761
0.11321830300039437
0.1786665310000899
0.3894901909998225
1.162045398000373
0.1459842080003
0.16850429700025416
0.20002538800054026
0.3585617570006434
0.46886850600003527
0.7276717049999206
0.20404859300015232
0.23410096899988275
0.1962017490004655
0.35688854299951345
0.3108092550000947
0.722806732999743
0.17542198199953418
0.20292585900006088
0.31154995700035215
0.2656614570005331
0.4658192599999893
0.7256535630003782
0.12300243200024852
0.2707574799997019
0.3464622609999424
0.3566816380007367
0.3952144879995103
0.7263640390001456
0.23223240900006203
0.166504843000439
0.25572699600070337
0.2665871179997339
0.3875448810003945
0.7262236230008057
0.20868118999987928
0.302567118999832
0.20210042600047018
0.2694737969995913
0.46789183100008813
0.7274989320003442
0.1764809400001468
0.20236280100016302
0.1138565009996455
0.22393922399987787
0.3139960529997552
0.8709060119999776
0.20644813899980363
0.20162991199958924
0.11696576899976208
0.31224345299960987
0.4718802540000979
0.7247530909999114
0.14548152899988054
0.29953644499983056
0.25562571699992986
0.2227012729999842
0.46809776999998576
0.7264726210005392
0.11621817100058252
0.2689386860001832
0.1419814349992521
0.22366670299925318
0.3120875710001201
0.8831358550005461
0.14634940900032234
0.17090772400024434
0.2269437190007011
0.26882643600038136
0.3110143280000557
0.5797704220003652
0.11953155100036383
0.2698593390005044
0.25591287099996407
0.2257896390001406
0.38816854800006695
0.5792283199998565
