0.13347022587268995
0.31006160164271046
0.45790554414784396
0.6427104722792608
0.8069815195071869
0.8172484599589322
0.12314225053078556
0.3333333333333333
0.4267515923566879
0.6390658174097664
0.692144373673036
0.7940552016985138
0.15767634854771784
0.27800829875518673
0.46887966804979253
0.533195020746888
0.6991701244813278
0.7987551867219918
0.12842105263157894
0.29894736842105263
0.4378947368421053
0.6210526315789474
0.7242105263157895
0.8105263157894737
0.15637860082304528
0.3045267489711934
0.5061728395061729
0.5699588477366255
0.7325102880658436
0.8168724279835391
0.16170212765957448
0.3191489361702128
0.39574468085106385
0.5404255319148936
0.6723404255319149
0.7553191489361702
0.14522821576763487
0.3070539419087137
0.4896265560165975
0.558091286307054
0.6825726141078838
0.7759336099585062
0.1440162271805274
0.26369168356997974
0.4949290060851927
0.6572008113590264
0.716024340770791
0.7991886409736308
0.13626834381551362
0.25157232704402516
0.3668763102725367
0.5513626834381551
0.6981132075471698
0.7337526205450734
0.1101871101871102
0.3180873180873181
0.48232848232848236
0.5821205821205822
0.6964656964656964
0.7900207900207901
0.10927835051546392
0.2845360824742268
0.45979381443298967
0.6082474226804123
0.6701030927835051
0.777319587628866
0.13306451612903225
0.21975806451612903
0.5141129032258065
0.6592741935483871
0.7137096774193549
0.8185483870967742
0.125
0.27708333333333335
0.35
0.5375
0.6520833333333333
0.7729166666666667
0.128099173553719
0.29132231404958675
0.4194214876033058
0.5557851239669421
0.6735537190082644
0.7851239669421488
0.1120162932790224
0.2953156822810591
0.5112016293279023
0.5845213849287169
0.7189409368635438
0.7983706720977597
0.163135593220339
0.3008474576271186
0.5190677966101694
0.5953389830508474
0.7330508474576272
0.7860169491525424
0.13664596273291926
0.32712215320910976
0.484472049689441
0.5631469979296067
0.6853002070393375
0.7888198757763976
0.10278372591006424
0.32119914346895073
0.4197002141327623
0.5289079229122056
0.6552462526766595
0.7751605995717344
0.13800424628450106
0.31634819532908703
0.4140127388535032
0.5881104033970276
0.7176220806794055
0.7961783439490446
0.12552301255230125
0.27405857740585776
0.49581589958158995
0.6297071129707112
0.7112970711297071
0.8117154811715481
0.12474012474012475
0.35135135135135137
0.5218295218295218
0.5758835758835759
0.6361746361746362
0.7588357588357588
0.13829787234042554
0.20638297872340425
0.44893617021276594
0.6297872340425532
0.7021276595744681
0.7829787234042553
0.15384615384615385
0.2869022869022869
0.4802494802494803
0.6632016632016632
0.7214137214137214
0.8212058212058212
0.13118279569892474
0.3204301075268817
0.47096774193548385
0.5548387096774193
0.6989247311827957
0.7870967741935484
0.13432835820895522
0.3006396588486141
0.43283582089552236
0.6311300639658849
0.744136460554371
0.8059701492537313
0.13445378151260504
0.24369747899159663
0.5042016806722689
0.634453781512605
0.7394957983193278
0.8172268907563025
0.13778705636743216
0.31315240083507306
0.5532359081419624
0.605427974947808
0.6951983298538622
0.8121085594989561
0.15450643776824036
0.3283261802575107
0.4592274678111588
0.5944206008583691
0.7381974248927039
0.8154506437768241
0.2222222222222222
0.3752620545073375
0.5807127882599581
0.6834381551362684
0.7693920335429769
0.8197064989517819
0.19262295081967212
0.3360655737704918
0.5122950819672131
0.6188524590163934
0.7459016393442623
0.8217213114754098
0.17584745762711865
0.3029661016949153
0.413135593220339
0.6101694915254238
0.7203389830508474
0.7966101694915254
0.21638655462184875
0.38865546218487396
0.4810924369747899
0.569327731092437
0.7521008403361344
0.7689075630252101
0.2236024844720497
0.2795031055900621
0.484472049689441
0.6086956521739131
0.7039337474120083
0.8115942028985508
0.19547325102880658
0.3436213991769547
0.43209876543209874
0.6111111111111112
0.7345679012345679
0.7962962962962963
0.1839323467230444
0.386892177589852
0.6046511627906976
0.6046511627906976
0.7399577167019028
0.8054968287526427
0.16985138004246284
0.3651804670912951
0.4819532908704883
0.6602972399150743
0.7494692144373672
0.8535031847133758
0.1711340206185567
0.2309278350515464
0.47835051546391755
0.6103092783505155
0.7278350515463917
0.822680412371134
0.1814516129032258
0.2842741935483871
0.5020161290322581
0.5645161290322581
0.7258064516129032
0.7963709677419355
0.18125
0.24583333333333332
0.4666666666666667
0.525
0.71875
0.8041666666666667
0.17768595041322313
0.2603305785123967
0.41115702479338845
0.5888429752066116
0.7210743801652892
0.8037190082644629
0.12627291242362526
0.2973523421588595
0.45621181262729127
0.5845213849287169
0.7026476578411406
0.8065173116089613
0.1659919028340081
0.3684210526315789
0.4068825910931174
0.5161943319838057
0.7489878542510121
0.8097165991902834
0.18503118503118504
0.3284823284823285
0.44490644490644493
0.5883575883575883
0.7463617463617463
0.8066528066528067
0.1336116910229645
0.29018789144050106
0.4196242171189979
0.6096033402922756
0.732776617954071
0.8121085594989561
0.19135802469135801
0.3271604938271605
0.43209876543209874
0.5925925925925926
0.6934156378600823
0.7880658436213992
