0.43733333333333335
0.25933333333333336
0.4116666666666667
0.45866666666666667
0.5543333333333333
0.5866666666666667
0.6526666666666666
0.7166666666666667
0.32666666666666666
0.31333333333333335
0.3453333333333333
0.3606666666666667
0.49466666666666664
0.5223333333333333
0.601
0.6836666666666666
0.20066666666666666
0.3536666666666667
0.37
0.37966666666666665
0.5233333333333333
0.5526666666666666
0.6026666666666667
0.6343333333333333
0.285
0.399
0.251
0.30366666666666664
0.507
0.5736666666666667
0.6406666666666667
0.668
0.3576666666666667
0.25966666666666666
0.37566666666666665
0.386
0.49566666666666664
0.5416666666666666
0.6193333333333333
0.7163333333333334
0.346
0.344
0.38666666666666666
0.3933333333333333
0.48133333333333334
0.5653333333333334
0.65
0.7176666666666667
0.35933333333333334
0.35933333333333334
0.3303333333333333
0.43566666666666665
0.4816666666666667
0.5936666666666667
0.6356666666666667
0.734
0.2673333333333333
0.296
0.3556666666666667
0.348
0.46066666666666667
0.5463333333333333
0.6163333333333333
0.6946666666666667
0.31866666666666665
0.309
0.333
0.345
0.36133333333333334
0.436
0.5086666666666667
0.5733333333333334
0.30766666666666664
0.327
0.3913333333333333
0.3333333333333333
0.37633333333333335
0.4513333333333333
0.45966666666666667
0.553
0.22133333333333333
0.3556666666666667
0.385
0.407
0.5306666666666666
0.5726666666666667
0.632
0.6823333333333333
0.305
0.3873333333333333
0.334
0.343
0.3983333333333333
0.49666666666666665
0.535
0.6393333333333333
0.2986666666666667
0.31666666666666665
0.366
0.4003333333333333
0.5023333333333333
0.5653333333333334
0.6286666666666667
0.71
0.3343333333333333
0.3413333333333333
0.37833333333333335
0.4076666666666667
0.482
0.5413333333333333
0.6366666666666667
0.695
0.4086666666666667
0.32266666666666666
0.357
0.33166666666666667
0.44
0.4723333333333333
0.5486666666666666
0.611
0.359
0.349
0.33166666666666667
0.3406666666666667
0.331
0.43266666666666664
0.481
0.539
0.404
0.32966666666666666
0.32266666666666666
0.312
0.45366666666666666
0.517
0.6013333333333334
0.6693333333333333
0.35
0.32566666666666666
0.31866666666666665
0.36233333333333334
0.36533333333333334
0.4713333333333333
0.499
0.5816666666666667
0.29033333333333333
0.336
0.3436666666666667
0.357
0.43833333333333335
0.528
0.6003333333333334
0.689
0.322
0.33
0.30966666666666665
0.3586666666666667
0.44
0.476
0.603
0.6723333333333333
0.3456666666666667
0.3403333333333333
0.309
0.32466666666666666
0.307
0.39866666666666667
0.4796666666666667
0.5263333333333333
0.3433333333333333
0.305
0.3263333333333333
0.37666666666666665
0.475
0.5356666666666666
0.5866666666666667
0.6116666666666667
0.36233333333333334
0.36033333333333334
0.312
0.35133333333333333
0.4
0.434
0.5143333333333333
0.5596666666666666
0.313
0.35033333333333333
0.3576666666666667
0.32466666666666666
0.49266666666666664
0.514
0.5813333333333334
0.6266666666666667
0.31
0.337
0.2876666666666667
0.333
0.43133333333333335
0.5436666666666666
0.5893333333333334
0.629
0.30733333333333335
0.338
0.329
0.36233333333333334
0.4156666666666667
0.42733333333333334
0.49333333333333335
0.5356666666666666
0.3273333333333333
0.3516666666666667
0.4076666666666667
0.314
0.4876666666666667
0.52
0.5903333333333334
0.6733333333333333
0.33166666666666667
0.33666666666666667
0.334
0.414
0.512
0.6016666666666667
0.6736666666666666
0.7396666666666667
0.329
0.288
0.35133333333333333
0.36133333333333334
0.495
0.5463333333333333
0.67
0.742
0.3596666666666667
0.358
0.371
0.299
0.468
0.5566666666666666
0.617
0.666
0.325
0.331
0.309
0.3596666666666667
0.4
0.512
0.603
0.7076666666666667
0.3273333333333333
0.347
0.31633333333333336
0.4046666666666667
0.4583333333333333
0.505
0.604
0.7203333333333334
0.3333333333333333
0.32133333333333336
0.31266666666666665
0.36
0.3566666666666667
0.4746666666666667
0.5506666666666666
0.606
0.348
0.261
0.36833333333333335
0.389
0.386
0.514
0.6186666666666667
0.6793333333333333
0.358
0.35233333333333333
0.31133333333333335
0.434
0.5
0.532
0.6293333333333333
0.687
0.3373333333333333
0.36033333333333334
0.33566666666666667
0.3486666666666667
0.4796666666666667
0.5416666666666666
0.62
0.7
0.36733333333333335
0.4003333333333333
0.335
0.36933333333333335
0.532
0.611
0.703
0.7423333333333333
0.43033333333333335
0.26966666666666667
0.323
0.354
0.5676666666666667
0.5743333333333334
0.671
0.7273333333333334
0.369
0.2823333333333333
0.31366666666666665
0.32666666666666666
0.604
0.5996666666666667
0.7063333333333334
0.712
0.37866666666666665
0.30766666666666664
0.301
0.435
0.5226666666666666
0.659
0.7096666666666667
0.786
0.31033333333333335
0.31466666666666665
0.451
0.49566666666666664
0.5723333333333334
0.6313333333333333
0.6973333333333334
0.7423333333333333
0.31733333333333336
0.37566666666666665
0.3473333333333333
0.3333333333333333
0.559
0.6316666666666667
0.6893333333333334
0.7593333333333333
0.302
0.32366666666666666
0.32066666666666666
0.32866666666666666
0.4623333333333333
0.605
0.7003333333333334
0.769
0.299
0.352
0.273
0.3963333333333333
0.5353333333333333
0.57
0.6603333333333333
0.7136666666666667
0.31033333333333335
0.3463333333333333
0.2853333333333333
0.42133333333333334
0.5683333333333334
0.6266666666666667
0.6423333333333333
0.6926666666666667
