0.34476902173913043
0.33220108695652173
0.320991847826087
0.3226902173913043
0.44191576086956524
0.468070652173913
0.556046195652174
0.6039402173913043
0.3641304347826087
0.31283967391304346
0.3077445652173913
0.36141304347826086
0.5115489130434783
0.6328125
0.7224864130434783
0.7734375
0.359375
0.34884510869565216
0.33322010869565216
0.35054347826086957
0.47316576086956524
0.5866168478260869
0.6674592391304348
0.7207880434782609
0.30129076086956524
0.33152173913043476
0.32438858695652173
0.36039402173913043
0.4500679347826087
0.5981657608695652
0.7065217391304348
0.7911005434782609
0.33186141304347827
0.33491847826086957
0.35360054347826086
0.34103260869565216
0.3654891304347826
0.48845108695652173
0.5784646739130435
0.6644021739130435
0.2907608695652174
0.3423913043478261
0.4048913043478261
0.37466032608695654
0.5125679347826086
0.6195652173913043
0.678328804347826
0.7588315217391305
0.35427989130434784
0.4014945652173913
0.2914402173913043
0.35122282608695654
0.4045516304347826
0.5343070652173914
0.5917119565217391
0.6864809782608695
0.34952445652173914
0.29959239130434784
0.31589673913043476
0.36820652173913043
0.4476902173913043
0.592391304347826
0.665421195652174
0.7571331521739131
0.3125
0.3406929347826087
0.32778532608695654
0.23539402173913043
0.48233695652173914
0.5675951086956522
0.6358695652173914
0.6868206521739131
0.33322010869565216
0.30808423913043476
0.3461277173913043
0.375679347826087
0.367866847826087
0.5047554347826086
0.5546875
0.5974864130434783
0.327445652173913
0.34001358695652173
0.34646739130434784
0.2951766304347826
0.414741847826087
0.5601222826086957
0.6069972826086957
0.7024456521739131
0.36922554347826086
0.3148777173913043
0.3328804347826087
0.3389945652173913
0.35122282608695654
0.45584239130434784
0.5394021739130435
0.5764266304347826
0.25373641304347827
0.265625
0.38485054347826086
0.3179347826086957
0.499320652173913
0.5706521739130435
0.6477581521739131
0.6745923913043478
0.29721467391304346
0.3780570652173913
0.32540760869565216
0.3305027173913043
0.39877717391304346
0.4969429347826087
0.5618206521739131
0.5917119565217391
0.31759510869565216
0.30366847826086957
0.3515625
0.3294836956521739
0.5095108695652174
0.5621603260869565
0.6199048913043478
0.6593070652173914
0.36752717391304346
0.2866847826086957
0.3858695652173913
0.3828125
0.5492527173913043
0.6790081521739131
0.756453804347826
0.8182744565217391
0.3203125
0.36379076086956524
0.297554347826087
0.37296195652173914
0.47282608695652173
0.6277173913043478
0.7449048913043478
0.828125
0.38688858695652173
0.374320652173913
0.34646739130434784
0.3498641304347826
0.5033967391304348
0.5927309782608695
0.7068614130434783
0.7561141304347826
0.3111413043478261
0.2751358695652174
0.3294836956521739
0.37466032608695654
0.5237771739130435
0.6368885869565217
0.7092391304347826
0.7605298913043478
0.32778532608695654
0.3189538043478261
0.3226902173913043
0.3372961956521739
0.4500679347826087
0.6348505434782609
0.7364130434782609
0.779891304347826
0.35529891304347827
0.3257472826086957
0.35733695652173914
0.39504076086956524
0.514266304347826
0.6131114130434783
0.7364130434782609
0.7924592391304348
0.30129076086956524
0.30434782608695654
0.3733016304347826
0.3342391304347826
0.46773097826086957
0.6277173913043478
0.7421875
0.8247282608695652
0.29891304347826086
0.28396739130434784
0.37601902173913043
0.382133152173913
0.40353260869565216
0.5360054347826086
0.6195652173913043
0.6620244565217391
0.335258152173913
0.41032608695652173
0.4235733695652174
0.44123641304347827
0.5149456521739131
0.6749320652173914
0.7218070652173914
0.7965353260869565
0.391304347826087
0.3070652173913043
0.327445652173913
0.296875
0.4093070652173913
0.5203804347826086
0.5964673913043478
0.673233695652174
0.3328804347826087
0.31997282608695654
0.31997282608695654
0.40591032608695654
0.524796195652174
0.6430027173913043
0.7353940217391305
0.787703804347826
0.30978260869565216
0.3468070652173913
0.3077445652173913
0.31623641304347827
0.4782608695652174
0.5906929347826086
0.6946331521739131
0.7737771739130435
0.3389945652173913
0.33186141304347827
0.35122282608695654
0.397758152173913
0.5037364130434783
0.6701766304347826
0.7520380434782609
0.8250679347826086
0.3736413043478261
0.32846467391304346
0.29959239130434784
0.42221467391304346
0.46841032608695654
0.610733695652174
0.6925951086956522
0.7781929347826086
0.35903532608695654
0.3413722826086957
0.31148097826086957
0.37839673913043476
0.4779211956521739
0.6025815217391305
0.6915760869565217
0.7561141304347826
0.29959239130434784
0.34748641304347827
0.38009510869565216
0.38960597826086957
0.5166440217391305
0.5828804347826086
0.6759510869565217
0.7306385869565217
0.296195652173913
0.305366847826087
0.352241847826087
0.3576766304347826
0.3563179347826087
0.4921875
0.5509510869565217
0.6059782608695652
0.319633152173913
0.3563179347826087
0.3454483695652174
0.42764945652173914
0.49728260869565216
0.5784646739130435
0.7004076086956522
0.7493206521739131
0.39877717391304346
0.40658967391304346
0.37228260869565216
0.3814538043478261
0.5237771739130435
0.6538722826086957
0.7323369565217391
0.7734375
0.2938179347826087
0.28226902173913043
0.35733695652173914
0.42595108695652173
0.48471467391304346
0.6671195652173914
0.7571331521739131
0.7975543478260869
0.2703804347826087
0.3029891304347826
0.33627717391304346
0.336616847826087
0.5135869565217391
0.6453804347826086
0.7248641304347826
0.7710597826086957
0.39639945652173914
0.32710597826086957
0.40251358695652173
0.38077445652173914
0.5010190217391305
0.6059782608695652
0.7051630434782609
0.7900815217391305
0.28804347826086957
0.383491847826087
0.29279891304347827
0.3335597826086957
0.39436141304347827
0.5275135869565217
0.647078804347826
0.701766304347826
0.26970108695652173
0.304008152173913
0.343070652173913
0.40115489130434784
0.4670516304347826
0.6161684782608695
0.6973505434782609
0.7730978260869565
0.32370923913043476
0.32710597826086957
0.2890625
0.28125
0.41066576086956524
0.49320652173913043
0.6148097826086957
0.6762907608695652
0.3468070652173913
0.35971467391304346
0.3733016304347826
0.4517663043478261
0.48063858695652173
0.6229619565217391
0.701766304347826
0.7557744565217391
0.3576766304347826
0.27683423913043476
0.31351902173913043
0.38858695652173914
0.40658967391304346
0.492866847826087
0.623641304347826
0.681046195652174
0.36039402173913043
0.36752717391304346
0.34171195652173914
0.3889266304347826
0.4235733695652174
0.5927309782608695
0.6491168478260869
0.7418478260869565
0.34646739130434784
0.41779891304347827
0.24898097826086957
0.39096467391304346
0.5343070652173914
0.6919157608695652
0.7683423913043478
0.8318614130434783
0.3216711956521739
0.28804347826086957
0.34952445652173914
0.45108695652173914
0.46841032608695654
0.6331521739130435
0.7364130434782609
0.8175951086956522
