0.3343333333333333
0.33066666666666666
0.3333333333333333
0.333
0.38233333333333336
0.44966666666666666
0.5086666666666667
0.628
0.3333333333333333
0.3333333333333333
0.333
0.3333333333333333
0.3333333333333333
0.427
0.3863333333333333
0.5633333333333334
0.3333333333333333
0.3333333333333333
0.3333333333333333
0.326
0.3333333333333333
0.3333333333333333
0.406
0.576
0.3016666666666667
0.32766666666666666
0.3343333333333333
0.3333333333333333
0.3413333333333333
0.374
0.36466666666666664
0.6076666666666667
0.30566666666666664
0.33266666666666667
0.328
0.31333333333333335
0.3333333333333333
0.33366666666666667
0.5233333333333333
0.5126666666666667
0.3333333333333333
0.33366666666666667
0.3436666666666667
0.33
0.335
0.371
0.4196666666666667
0.5416666666666666
0.32866666666666666
0.33466666666666667
0.3333333333333333
0.3323333333333333
0.3333333333333333
0.3486666666666667
0.5393333333333333
0.5676666666666667
0.3433333333333333
0.3333333333333333
0.331
0.3423333333333333
0.35033333333333333
0.332
0.5366666666666666
0.5333333333333333
0.3333333333333333
0.334
0.33366666666666667
0.31733333333333336
0.3443333333333333
0.3496666666666667
0.359
0.435
0.3333333333333333
0.378
0.329
0.3333333333333333
0.332
0.3333333333333333
0.347
0.456
0.3403333333333333
0.3333333333333333
0.33266666666666667
0.3313333333333333
0.33566666666666667
0.37033333333333335
0.551
0.5886666666666667
0.3333333333333333
0.294
0.3
0.3333333333333333
0.3416666666666667
0.384
0.44733333333333336
0.44433333333333336
0.3413333333333333
0.33266666666666667
0.3333333333333333
0.3353333333333333
0.2906666666666667
0.334
0.526
0.602
0.333
0.33366666666666667
0.335
0.3333333333333333
0.37233333333333335
0.356
0.4053333333333333
0.43266666666666664
0.3383333333333333
0.3333333333333333
0.348
0.3406666666666667
0.333
0.33166666666666667
0.46266666666666667
0.459
0.302
0.331
0.3636666666666667
0.347
0.34933333333333333
0.37066666666666664
0.33466666666666667
0.471
0.3333333333333333
0.3333333333333333
0.329
0.29
0.3343333333333333
0.37233333333333335
0.5046666666666667
0.5353333333333333
0.3333333333333333
0.3333333333333333
0.3283333333333333
0.3333333333333333
0.32866666666666666
0.36633333333333334
0.425
0.47933333333333333
0.3343333333333333
0.3546666666666667
0.3323333333333333
0.33366666666666667
0.33366666666666667
0.423
0.5023333333333333
0.5393333333333333
0.3333333333333333
0.341
0.33466666666666667
0.3303333333333333
0.3466666666666667
0.33266666666666667
0.3333333333333333
0.544
0.3333333333333333
0.32866666666666666
0.3333333333333333
0.3333333333333333
0.3373333333333333
0.37066666666666664
0.41
0.41133333333333333
0.33266666666666667
0.32066666666666666
0.31933333333333336
0.3333333333333333
0.36766666666666664
0.45666666666666667
0.5163333333333333
0.5373333333333333
0.30933333333333335
0.33
0.33366666666666667
0.3283333333333333
0.33366666666666667
0.317
0.3456666666666667
0.49033333333333334
0.326
0.3333333333333333
0.3333333333333333
0.3333333333333333
0.3406666666666667
0.3393333333333333
0.353
0.556
0.36533333333333334
0.30233333333333334
0.32366666666666666
0.3333333333333333
0.3333333333333333
0.3333333333333333
0.4716666666666667
0.543
0.33266666666666667
0.3333333333333333
0.332
0.366
0.3333333333333333
0.3333333333333333
0.43533333333333335
0.4653333333333333
0.3333333333333333
0.37333333333333335
0.33366666666666667
0.33266666666666667
0.3303333333333333
0.352
0.42966666666666664
0.5063333333333333
0.33366666666666667
0.3383333333333333
0.332
0.3333333333333333
0.3413333333333333
0.3333333333333333
0.581
0.602
0.3333333333333333
0.3333333333333333
0.3333333333333333
0.3416666666666667
0.3333333333333333
0.3333333333333333
0.45766666666666667
0.5846666666666667
0.3333333333333333
0.3333333333333333
0.29833333333333334
0.3343333333333333
0.33166666666666667
0.3333333333333333
0.487
0.5433333333333333
0.32666666666666666
0.3333333333333333
0.32966666666666666
0.3436666666666667
0.3273333333333333
0.33366666666666667
0.47733333333333333
0.49666666666666665
0.33166666666666667
0.305
0.328
0.3333333333333333
0.3333333333333333
0.3333333333333333
0.45766666666666667
0.528
0.298
0.3333333333333333
0.3353333333333333
0.3333333333333333
0.336
0.336
0.3973333333333333
0.423
0.4106666666666667
0.333
0.3333333333333333
0.3416666666666667
0.33266666666666667
0.44533333333333336
0.33
0.5743333333333334
0.25566666666666665
0.3333333333333333
0.338
0.3333333333333333
0.3333333333333333
0.3433333333333333
0.36433333333333334
0.6056666666666667
0.3333333333333333
0.333
0.338
0.332
0.3476666666666667
0.439
0.3333333333333333
0.5523333333333333
0.30033333333333334
0.32966666666666666
0.337
0.34
0.33366666666666667
0.35133333333333333
0.5563333333333333
0.675
0.3333333333333333
0.3333333333333333
0.3333333333333333
0.3556666666666667
0.33366666666666667
0.3343333333333333
0.528
0.648
0.25
0.3333333333333333
0.3333333333333333
0.3313333333333333
0.337
0.43033333333333335
0.5826666666666667
0.6786666666666666
0.3333333333333333
0.3333333333333333
0.3333333333333333
0.33366666666666667
0.30433333333333334
0.41433333333333333
0.418
0.695
0.3333333333333333
0.3446666666666667
0.3576666666666667
0.3606666666666667
0.36566666666666664
0.374
0.625
0.6786666666666666
0.3333333333333333
0.33366666666666667
0.31733333333333336
0.3333333333333333
0.37833333333333335
0.395
0.563
0.656
0.255
0.3333333333333333
0.3333333333333333
0.33366666666666667
0.3333333333333333
0.3863333333333333
0.575
0.6563333333333333
0.3333333333333333
0.3333333333333333
0.33566666666666667
0.3333333333333333
0.3333333333333333
0.43766666666666665
0.49766666666666665
0.6166666666666667
0.4083333333333333
0.3313333333333333
0.4043333333333333
0.3363333333333333
0.3333333333333333
0.35133333333333333
0.533
0.6216666666666667
