0.2735975100003998
0.28341127799649257
0.24996588800422614
0.28896736100432463
0.36091382899758173
0.8481390489978367
2.588634910003748
7.056886540995038
0.27389011399645824
0.26204995299485745
0.24836569699982647
0.2757824080035789
0.5102720509967185
0.780949177002185
2.63449839399982
6.935285316998488
0.26649144000111846
0.2546754780050833
0.24928109599568415
0.2865809770009946
0.36696541700075613
0.8131175809976412
2.665499816997908
7.337663277998217
0.2764427100046305
0.2584887679986423
0.25424448199919425
0.28542638199724024
0.5246679129995755
0.8340268190004281
2.607793118004338
7.430238023000129
0.2633388539979933
0.25562407899997197
0.255607778999547
0.30002793700259645
0.35235336900223047
0.9045079959978466
2.6324504500007606
7.276084848999744
0.26221645799523685
0.2815673959994456
0.2551127810002072
0.3226757650045329
0.3734019019975676
0.8039708209980745
2.6814893010014202
7.34619584500615
0.2654197500014561
0.2612926630026777
0.26125656200019876
0.2794275049964199
0.36346693499945104
0.8411173049971694
2.580876829000772
7.2873513479935355
0.2562659790055477
0.27183042900287546
0.2505378970017773
0.2758190160020604
0.5254051170049934
0.799485638999613
2.6529903019982157
7.2713992099961615
0.2742800220003119
0.2750537190004252
0.25967616900015855
0.2793540060010855
0.35073487699992256
0.8082326120056678
2.606098676995316
7.2120158199977595
0.2677966820047004
0.26625318600417813
0.2568288120019133
0.27755534799507586
0.530606168002123
0.7960691480038804
2.673138354999537
7.271873931997106
0.272076057997765
0.25856169900362147
0.2540989109984366
0.2691988639999181
0.3598835809971206
0.8482151599964709
2.654115728997567
7.319858763999946
0.2667494670022279
0.2807817220018478
0.25169991300208494
0.2860834039965994
0.35978457299643196
0.8549768200027756
2.6484694899991155
7.306329759005166
0.2619306770066032
0.2602494810053031
0.2594997840060387
0.29029788699699566
0.36677754599804757
0.8597958910031593
2.6541077350048
7.32267660999787
0.2558885930047836
0.25837128500279505
0.2642897650002851
0.295404566997604
0.37331042000005255
0.8074912480005878
2.6288605890003964
7.204158617001667
0.2678357530021458
0.26376956600142876
0.2534698980016401
0.2999578500021016
0.386762775000534
0.82493728800182
2.6770686189993285
6.715561220997188
0.2851942959969165
0.2940136680044816
0.27067274199362146
0.29478806499537313
0.3958753449987853
0.9311654470002395
2.725677853995876
8.04786936599703
0.2795659120019991
0.2858309930015821
0.2634219640021911
0.28369329900306184
0.3863806730005308
0.8057238420005888
2.6652876370062586
7.192127460002666
0.2769282209992525
0.2555068889996619
0.2580039799941005
0.28196510399720864
0.37031572299747495
0.8075721339992015
2.190554439999687
7.224621642999409
0.26135206899925834
0.25586258699331665
0.2558616870010155
0.2872972870027297
0.3569514650007477
0.8013648529959028
2.6837504689974594
7.363527492998401
0.2608431830012705
0.2554393819955294
0.2626061560004018
0.2914867819999927
0.37196579599549295
0.8714356830023462
2.5930677879950963
7.294957836995309
0.2728165669977898
0.2551116999966325
0.2651084679964697
0.2999432760043419
0.3929702389941667
0.8076133040012792
2.7126695190017927
7.20384556800127
0.2721101040006033
0.26287362199946074
0.260788722000143
0.28114696400007233
0.3575623569995514
0.8680697979943943
2.588946086994838
7.242855916003464
0.2729466609962401
0.2549684050027281
0.2637727769979392
0.2800562289994559
0.37033687499933876
0.799619076999079
2.5889089699994656
7.306018598996161
0.27575382299983175
0.2591111669971724
0.26755774000048405
0.29515966000326443
0.36149836699769367
0.8130216709978413
2.6097935030047665
7.2298189620050834
0.2752023040011409
0.25951794799766503
0.2586017490029917
0.2865058660026989
0.3643984379959875
0.8213169999944512
2.1741624350033817
7.339882066000428
0.2808526750013698
0.26663611499679973
0.26920880699617555
0.27865337699768133
0.36033413500263123
0.7926589530034107
2.5782926569954725
7.126324241995462
0.2724810899962904
0.2674032039940357
0.260920022999926
0.2861894460002077
0.36783100300090155
0.8076947880035732
2.575746402995719
7.5223053980007535
0.25976492300105747
0.25701253000443103
0.2612280169996666
0.29845460499927867
0.3989648019996821
0.7952520120015834
2.590774213997065
7.2231480780028505
0.25370913699589437
0.2586840209987713
0.2532571369956713
0.28160235100222053
0.3517029389986419
0.830063796005561
2.6218354890006594
7.1087759399961215
0.2639023029987584
0.27016078300221125
0.2709522810037015
0.28762673099845415
0.37167202499404084
0.8026199050000287
2.6465895400033332
7.2894633960022475
0.25397489099850645
0.26148916599777294
0.264496349998808
0.2800027089979267
0.36719911199907074
0.7870173850024003
2.2435294370006886
7.132120959999156
0.258911609002098
0.2683878800016828
0.2669439750025049
0.2868728219982586
0.3583409450002364
0.8804209800000535
2.6623807299984037
7.257772468001349
0.29271647399582434
0.2666409330049646
0.2664570279957843
0.280871887000103
0.3666624640027294
0.8420483380032238
2.5901555119999102
7.103304440999636
0.2830731599970022
0.2773142709993408
0.2714137840011972
0.29761381200660253
0.40680551800323883
0.9556689470045967
2.5599658349965466
7.56602132399712
0.2852166290031164
0.27973274100077106
0.26000419200136093
0.31094565199600765
0.39025043199944776
0.8942198459990323
2.6534445009965566
7.901586802996462
0.2742784419970121
0.25915068200265523
0.26415116700081853
0.28285541299555916
0.36222089100192534
0.8166364200005773
2.6295361450029304
7.277696401994035
0.2784360190053121
0.259903468999255
0.2620527620019857
0.2767448200029321
0.36961835600232007
0.8245757689946913
2.605815722999978
7.2779652690005605
0.26768543999787653
0.2684616369951982
0.2672580400030711
0.28122919899760745
0.3720441409968771
0.8026162120004301
2.624928610995994
7.2181730899974355
0.26725223699759226
0.25980165699729696
0.26600973900349345
0.2836660879984265
0.3671084479938145
0.7939646239974536
2.167981081001926
7.3325393549966975
0.2595600549975643
0.273155514994869
0.2738835120035219
0.2775757019990124
0.4733095379997394
0.858801627997309
2.6530679619972943
7.490869524997834
0.263103441997373
0.2828801849973388
0.25561260200629476
0.2836073309954372
0.36434373399970355
0.819521037999948
2.6599934800033225
7.276915492999251
0.2694910389982397
0.2522778769998695
0.26201575000595767
0.2810724980008672
0.360292796001886
0.8108726549980929
2.636416918001487
7.140496507003263
0.27106160599942086
0.280900878002285
0.28797835699515417
0.28636945899779676
0.35377118099859217
0.9430553399943165
2.1988742440007627
7.157718689006288
0.2807743599987589
0.2613126090000151
0.2596935109977494
0.2883695330019691
0.3650526270066621
0.8274443900008919
2.700313470006222
7.387437270001101
0.2819257410010323
0.2715781680017244
0.2664770799965481
0.28655172499566106
0.3615346199949272
0.8039854180024122
2.6564938760056975
7.2354762890026905
