0.3335597826086957
0.33152173913043476
0.3372961956521739
0.3345788043478261
0.3345788043478261
0.36311141304347827
0.6226222826086957
0.759171195652174
0.33254076086956524
0.3328804347826087
0.3342391304347826
0.33152173913043476
0.3335597826086957
0.5383831521739131
0.6667798913043478
0.787703804347826
0.3335597826086957
0.2866847826086957
0.33389945652173914
0.3305027173913043
0.3305027173913043
0.5495923913043478
0.6599864130434783
0.7795516304347826
0.3311820652173913
0.335258152173913
0.335258152173913
0.33254076086956524
0.3335597826086957
0.5176630434782609
0.5557065217391305
0.6790081521739131
0.33389945652173914
0.33322010869565216
0.3311820652173913
0.34782608695652173
0.3546195652173913
0.3546195652173913
0.4857336956521739
0.6623641304347826
0.33254076086956524
0.33491847826086957
0.3335597826086957
0.33389945652173914
0.33627717391304346
0.405570652173913
0.453804347826087
0.576766304347826
0.33389945652173914
0.327445652173913
0.3342391304347826
0.33220108695652173
0.3413722826086957
0.33797554347826086
0.5098505434782609
0.6491168478260869
0.3328804347826087
0.33322010869565216
0.33186141304347827
0.33389945652173914
0.3719429347826087
0.5227581521739131
0.6674592391304348
0.766983695652174
0.33322010869565216
0.30061141304347827
0.33491847826086957
0.36311141304347827
0.436820652173913
0.537703804347826
0.6593070652173914
0.7710597826086957
0.32235054347826086
0.3529211956521739
0.3305027173913043
0.3101222826086957
0.33220108695652173
0.44123641304347827
0.5832201086956522
0.7146739130434783
0.3046875
0.33186141304347827
0.41779891304347827
0.33389945652173914
0.3529211956521739
0.48063858695652173
0.6725543478260869
0.7347146739130435
0.3311820652173913
0.3186141304347826
0.335258152173913
0.33016304347826086
0.3811141304347826
0.46297554347826086
0.5808423913043478
0.7353940217391305
0.3203125
0.33389945652173914
0.33491847826086957
0.3889266304347826
0.3342391304347826
0.5118885869565217
0.5968070652173914
0.673233695652174
0.3461277173913043
0.382133152173913
0.3328804347826087
0.29008152173913043
0.41134510869565216
0.4969429347826087
0.5978260869565217
0.7510190217391305
0.3372961956521739
0.3345788043478261
0.32133152173913043
0.3345788043478261
0.33559782608695654
0.49660326086956524
0.6837635869565217
0.735733695652174
0.28023097826086957
0.33322010869565216
0.3342391304347826
0.3328804347826087
0.3468070652173913
0.5427989130434783
0.6531929347826086
0.8077445652173914
0.27377717391304346
0.34273097826086957
0.33322010869565216
0.3335597826086957
0.3539402173913043
0.5132472826086957
0.7068614130434783
0.7588315217391305
0.33016304347826086
0.3342391304347826
0.3335597826086957
0.3345788043478261
0.3688858695652174
0.4752038043478261
0.6032608695652174
0.7391304347826086
0.33254076086956524
0.33865489130434784
0.32404891304347827
0.40828804347826086
0.3413722826086957
0.48947010869565216
0.6270380434782609
0.6766304347826086
0.33322010869565216
0.33389945652173914
0.3335597826086957
0.358695652173913
0.3335597826086957
0.4752038043478261
0.6786684782608695
0.7578125
0.336616847826087
0.33220108695652173
0.3328804347826087
0.3335597826086957
0.33322010869565216
0.5360054347826086
0.6790081521739131
0.734375
0.34341032608695654
0.3023097826086957
0.32540760869565216
0.33389945652173914
0.3328804347826087
0.5764266304347826
0.6773097826086957
0.7741168478260869
0.33254076086956524
0.3335597826086957
0.33559782608695654
0.33627717391304346
0.33389945652173914
0.49422554347826086
0.6165081521739131
0.7418478260869565
0.36311141304347827
0.3328804347826087
0.31046195652173914
0.32914402173913043
0.34035326086956524
0.41508152173913043
0.5743885869565217
0.7163722826086957
0.31283967391304346
0.3376358695652174
0.33322010869565216
0.38552989130434784
0.38552989130434784
0.484375
0.5842391304347826
0.7754755434782609
0.335258152173913
0.33220108695652173
0.3335597826086957
0.3335597826086957
0.3335597826086957
0.4860733695652174
0.6837635869565217
0.8199728260869565
0.35360054347826086
0.3335597826086957
0.3328804347826087
0.3342391304347826
0.33491847826086957
0.3719429347826087
0.499320652173913
0.6436820652173914
0.3420516304347826
0.34341032608695654
0.30842391304347827
0.319633152173913
0.336616847826087
0.4266304347826087
0.4986413043478261
0.6066576086956522
0.352241847826087
0.3220108695652174
0.36684782608695654
0.33254076086956524
0.3454483695652174
0.4194972826086957
0.46603260869565216
0.6396059782608695
0.3298233695652174
0.335258152173913
0.33491847826086957
0.3345788043478261
0.3335597826086957
0.36514945652173914
0.6830842391304348
0.7428668478260869
0.3376358695652174
0.3335597826086957
0.32846467391304346
0.33559782608695654
0.3328804347826087
0.335258152173913
0.4476902173913043
0.5557065217391305
0.30910326086956524
0.320991847826087
0.3335597826086957
0.3342391304347826
0.3569972826086957
0.33491847826086957
0.4578804347826087
0.5475543478260869
0.35122282608695654
0.33389945652173914
0.335258152173913
0.3328804347826087
0.3406929347826087
0.540421195652174
0.5648777173913043
0.7088994565217391
0.33933423913043476
0.33559782608695654
0.3726222826086957
0.32778532608695654
0.3342391304347826
0.46875
0.5084918478260869
0.5862771739130435
0.3345788043478261
0.3515625
0.3624320652173913
0.33186141304347827
0.33220108695652173
0.5285326086956522
0.6222826086956522
0.6463994565217391
0.33186141304347827
0.3141983695652174
0.3335597826086957
0.3359375
0.3383152173913043
0.516983695652174
0.665421195652174
0.7404891304347826
0.31351902173913043
0.33186141304347827
0.33152173913043476
0.33797554347826086
0.3383152173913043
0.5580842391304348
0.6650815217391305
0.8094429347826086
0.33254076086956524
0.33389945652173914
0.3328804347826087
0.335258152173913
0.33491847826086957
0.4391983695652174
0.5825407608695652
0.7578125
0.3413722826086957
0.33186141304347827
0.35733695652173914
0.3345788043478261
0.4076086956521739
0.515625
0.7078804347826086
0.8091032608695652
0.33322010869565216
0.33186141304347827
0.33559782608695654
0.33254076086956524
0.3335597826086957
0.3342391304347826
0.6165081521739131
0.7727581521739131
0.33389945652173914
0.335258152173913
0.33220108695652173
0.35495923913043476
0.33220108695652173
0.49898097826086957
0.6151494565217391
0.7370923913043478
0.3305027173913043
0.32438858695652173
0.33016304347826086
0.296195652173913
0.33627717391304346
0.4813179347826087
0.6545516304347826
0.7561141304347826
0.3383152173913043
0.38790760869565216
0.33389945652173914
0.3648097826086957
0.35903532608695654
0.5604619565217391
0.6559103260869565
0.7887228260869565
0.33254076086956524
0.3345788043478261
0.35903532608695654
0.33491847826086957
0.37126358695652173
0.47690217391304346
0.6647418478260869
0.8362771739130435
0.3372961956521739
0.3335597826086957
0.335258152173913
0.3342391304347826
0.4656929347826087
0.42561141304347827
0.7401494565217391
0.8311820652173914
