1.7073717833457824
2.015550897330589
1.6596754966594744
6.84770501900736
9.498101061336152
14.2130745506632
17.993662277323892
29.072005997343997
1.8496417606656905
1.6990163026590988
1.6658903266652487
6.589262206679753
9.596066734336395
10.041870872994574
16.10505165234402
24.94607898867495
1.646966663664595
1.315079998341389
1.7708040896589712
8.801540509671517
8.491636585667342
9.85892585865804
18.177441001675714
35.26477835799839
1.32121671999145
2.335345344656768
1.7862839370015233
6.971391935667877
9.718464939661013
9.513768938340945
17.75352864767774
32.9792264206626
1.7060677806730382
1.7767254816620455
4.684543669000656
6.466847962321481
9.82151375032845
11.96035728531812
22.226254800674116
27.29085269801241
1.806756302335998
1.9415566293270483
2.1243451696645934
1.7442665283354775
9.437875552326053
9.564349447997907
13.205815644672839
29.205633512659308
1.6466961846648094
1.565460512676509
2.6655287456621104
4.500117610004963
8.17573142866604
8.897689051334359
14.965236803671965
34.40144563399372
1.5420035026715293
1.6886562876752578
2.695151310666309
6.59144574967407
8.27183946633401
9.141290938666012
17.15846884866672
32.6595827533456
1.942219308334946
1.687210311657206
4.714585845329566
4.5887023090035655
10.646181122661801
8.263411537666494
16.884335040337948
21.205248659001274
2.078911555329493
1.6407303869976506
2.151097053011957
8.889016828334812
8.889962459662152
6.8169609206767445
9.928015510338204
28.406750500328297
1.3193256976762011
2.1631479263305664
6.0217084749989835
6.705098685333117
9.570430877666999
11.098464630670302
17.334179671335733
29.06042914966626
1.6477737666573375
1.4784665683303804
4.124443702661665
8.895660031334652
9.745734866999555
7.154318867668432
17.490434975993896
19.563895775325364
1.7210873423415858
2.0202669559900337
1.9559232213359792
2.6199964603389767
10.437719953663569
11.376602728666816
15.461286509652078
24.165578229003586
1.8563266716664657
1.701729453333731
1.8591008326717808
8.855094418666946
10.02046006200059
7.138542635346918
14.14120533700528
24.34320775665886
2.2477636596595403
1.789342574668505
2.6842149366663457
6.40598812099779
8.041212618011437
8.89258175433497
16.96331001233193
23.45141537032517
1.8077082093320012
1.7307052219985053
2.417257648999415
6.591222940342656
9.4792545363307
8.172825049667154
13.443329699347183
27.980307371336192
1.934847673663171
2.1074349799891934
2.49430555801761
7.124733268661657
10.610355168988463
8.31953551133241
12.976027722004801
18.357748505998945
1.3324842876657688
1.7030166980014958
3.3026154476586576
8.83517383900471
9.766940379330967
7.662598210998112
13.64141442499628
35.39948198500982
1.8547283903268788
1.8510479013299725
2.22231766366167
8.821447153992873
9.86015995099054
9.667703351335755
18.164490571003018
22.924576789325027
1.7921441613289062
1.8730149340020337
2.9672965896703922
8.837886654325606
9.309285829008635
9.787567068007775
11.753097273001913
23.379526867337216
1.4083409100033653
2.1760484323312994
2.676490247666758
6.454141505993903
9.333255748662244
9.394132941330705
13.7340216350082
25.871350723318756
1.4880305120022967
2.3145850916722943
2.5915069946689377
7.144171830664466
8.789998441672651
9.56128273967382
12.746425880332632
25.806828612995258
2.1830640743331364
1.725793637665144
5.675929623655975
8.57052961999822
9.64892349767615
6.585621220001485
9.764127217660038
31.51857559666193
1.9479952646652237
2.4111709699985417
4.679409625338546
8.887996414336763
9.464045019994956
8.839226040329473
18.495741685008397
22.13329866800147
1.4050159606752761
1.7812256860100508
1.972810147330165
9.856427318329224
9.65491160499126
6.770158269656046
11.896041183994384
24.21263607533183
1.7224377803310442
2.1693996940060365
3.238479498667099
6.386144136001046
9.128583323326893
9.029062520993952
14.266262006004885
30.399462117328465
1.8015795530033454
1.619595750341735
1.5916546109947376
8.862495893340869
9.023585174669279
9.935676565015456
14.308832757000346
35.286981390672736
1.7542211983236484
1.5068931026617065
2.1353345703294813
8.918397603323683
9.767175809344431
7.773766341328155
17.308255244997174
23.44571721200676
1.7914327750040684
1.5598026573328145
2.7267852926646206
9.535343449669503
9.864955700671999
8.620610446009474
18.266010095666086
22.974025630333927
1.6308682330030326
1.639540390004792
1.6893089499984246
4.2140218103304505
7.938281327990505
9.198162903669678
17.84790043833588
24.579469533326726
2.1682004386578533
1.7902932566648815
2.318190091677631
8.86483785265591
9.971605422673747
10.340436145003574
19.970139904335763
32.22992621200198
2.099452422669856
1.4797633643223282
2.137007913329095
8.866224453347968
9.545011081325356
8.825431283990232
13.93132320799244
30.09200051132939
1.4920445086512093
1.7737256366720733
4.937417171002987
9.528952983654259
9.469838830671506
8.34486929565901
16.211840038993007
30.678087412340876
1.8567751123434089
1.9461394766597853
4.589643859003748
4.2046456570193795
9.571206659340532
11.012669695007693
11.51538913899761
28.59855623333715
1.7132977436704095
1.888039870672704
3.0134487953425073
5.532877072672515
8.535992384994946
9.801449477672577
14.989659589327252
18.487230983999325
1.4148030829965137
2.022365753665023
1.5944458546776634
5.3922185703316545
8.720716379990336
10.027978552330751
16.46264894900378
25.056984266334137
1.78636306032422
2.0068453999992926
2.4194540583412163
5.097005477340038
10.016337254996566
12.593491387330383
16.14668640566136
30.02493258366788
1.5649444473383483
1.8626059816548757
2.776358691005347
1.9495071769924834
9.992838453996228
12.524960114339288
14.491917455015937
23.521165025342878
1.8173726146730285
1.5648596010093268
2.3197849146672525
4.612110054324148
9.22131216765653
12.123541090336706
15.967988197992478
29.359484337328468
2.1710961050024102
1.4876755719985038
1.7853060720080975
6.432953737676144
4.826766380991709
12.552476252671719
18.238731137341045
30.066819060661754
2.246599125685558
1.868870209659993
2.2470512409927323
4.895495637329684
7.625746801340331
12.550625588657567
18.220438930002274
25.598934532657342
2.0411958466672027
1.5555685706688867
4.476767467674411
6.798815486661624
9.753559293002278
12.597404628322693
17.044876348993665
18.467507590995712
1.688239544998699
1.9996736163254052
2.6949673303364157
5.274742773666124
9.990494340008203
12.553278091004662
15.442988036675766
20.424693836005947
2.025027671663944
1.6462475223330937
2.5109625039913226
4.3999214703314165
9.513396098656813
10.810710102668963
13.837268667994067
34.41961609533367
2.7395932953222655
1.7918726070104942
2.0696526139994
3.993462072665958
9.825706120658046
10.748612122658718
19.577669030346442
22.5440803503346
