0.08399974599888083
0.08354354300172417
0.15093099900332163
0.20397157999832416
0.34237341200059745
0.6957057779982279
1.4862489529987215
3.859066974997404
0.085651052002504
0.08621805399889126
0.14462186300079338
0.19109800699879997
0.34448291399894515
0.7005780860017694
1.4725732459992287
3.822936098000355
0.0798571199993603
0.08764475999851129
0.14430575699952897
0.20195496000087587
0.3465969190001488
0.7191778720007278
1.4788502539995534
3.854187701999763
0.08914466700298362
0.08515714600071078
0.1423170449997997
0.20088025200311677
0.3336910470025032
0.7046588869998232
1.4779847329991753
3.8518666479976673
0.08225133099767845
0.08841336199839134
0.14566246200047317
0.19751433200144675
0.3347953500015137
0.7187031560024479
1.4984571280001546
3.8609002669982146
0.08303503299976
0.08482144300069194
0.14180273999954807
0.19629792400155566
0.341851183999097
0.7065293880004901
1.480037623001408
3.8234713510028087
0.0837450369981525
0.08328363399778027
0.143777350000164
0.19643872499727877
0.32083507400238886
0.6978782400001364
1.5195566239999607
3.8689548740003374
0.08508944400091423
0.08160152500204276
0.14765406999867992
0.19546741899830522
0.3464079059995129
0.7035552669985918
1.4884590580004442
3.8717966780022834
0.08825245999832987
0.09826031200282159
0.14062523299799068
0.19682332600132213
0.3647913009990589
0.7272297890012851
1.500160515999596
3.9112364779975906
0.0869059529977676
0.09309068500078865
0.14645566300168866
0.1998290410010668
0.3659358059994702
0.6955101229978027
1.5201655189994199
3.9003243160004786
0.08900016400002642
0.08422393900036695
0.14688176500203554
0.20646867499817745
0.3666779300001508
0.7005919850016653
1.4829802969979937
3.886280025002634
0.08274983500086819
0.09086297700196155
0.14186204499856103
0.20789069099919288
0.35064584000065224
0.7364676630022586
1.4868611970014172
3.847665971999959
0.09369219099971815
0.08831176200328628
0.14723857200078783
0.19591022600070573
0.3569257689996448
0.703588383999886
1.482947263000824
3.8801606069973786
0.07701680299942382
0.08615805099907448
0.14533085999937612
0.19256190700252773
0.34210298899779445
0.7009180639979604
1.4866023719987425
3.9116572470011306
0.08579084899974987
0.0853840460003994
0.14353955000115093
0.2083159890025854
0.34578900600172346
0.7020252670008631
1.482295043002523
3.9056888980012445
0.08785395900122239
0.08394893900185707
0.14720826799748465
0.19893873899854952
0.36242569200112484
0.7164154399979452
1.486411059002421
3.8845469760017295
0.09282848499788088
0.08625605000270298
0.14398175200039987
0.1917864009992627
0.35144053399926634
0.662722657998529
1.5978956379985902
3.7467262480022328
0.08259113099848037
0.0871626539992576
0.14692336699954467
0.1921976019984868
0.35721346399805043
0.6500570909993257
1.5915158019997762
3.7612206189987774
0.08612164900114294
0.09564769899952807
0.14543885899911402
0.2006004459981341
0.3390938679985993
0.6948542239988456
1.4994600200006971
3.90732967599979
0.09055417200215743
0.08165022600223892
0.14700046700090752
0.19618702300067525
0.34147948100144276
0.701807559998997
1.4882154599981732
3.8510275810003805
0.09308648500154959
0.08776425700125401
0.14255754299665568
0.19564552000156255
0.3395287699968321
0.7067962850014737
1.4882724589988356
3.841862730001594
0.08667095100099687
0.08560904600017238
0.14863987499848008
0.20705197999996017
0.3504377270000987
0.7152390289993491
1.4670703009978752
3.8909336709984927
0.08355774300071062
0.08486275000177557
0.15523552300146548
0.1977119479997782
0.34258381399922655
0.7372800010016363
1.5016057399989222
3.8782424950004497
0.08482754799842951
0.08455624599810108
0.14688077499886276
0.19602273399868864
0.3396686909982236
0.7132069589970342
1.4974384890010697
3.9059381679981016
0.08791616300004534
0.08397184100249433
0.15024789000017336
0.195206625998253
0.3551162670009944
0.7278812260010454
1.47521014999802
3.839194766002038
0.08014342100068461
0.09449499599941191
0.1471963730000425
0.20909639700039406
0.35538286399969365
0.6623887739988277
1.5653456100008043
3.7580709059984656
0.08555404800063116
0.08386743899973226
0.14569016300083604
0.19751113500024076
0.3451511089988344
0.6618171669979347
1.5976093680001213
3.760727097000199
0.08357313799933763
0.08625515200037626
0.1470542699971702
0.19544692300041788
0.3600844849970599
0.664749078998284
1.5823194819968194
3.768517021999287
0.08223023000027752
0.09679190700262552
0.14944188200024655
0.20714918399971793
0.3676210240009823
0.7399919710005634
1.5464668899985554
3.9066669330022705
0.09195288100090693
0.0925817850002204
0.15722952199939755
0.20170125399818062
0.35951747999934014
0.7134567299981427
1.589386411000305
3.765965589998814
0.09336068799893837
0.08270853200156125
0.14647826599684777
0.19227750500067486
0.3546471539993945
0.6740204229972733
1.597096548997797
3.782300070000929
0.08371013700161711
0.08473864299958223
0.14676526699986425
0.19614692500181263
0.37414025600082823
0.7370190520014148
1.47955753199858
3.829322513000079
0.07937441499962006
0.08205482900302741
0.1537513260009291
0.20402509499763255
0.3478421649997472
0.7160798360018816
1.480986523998581
3.8600810330026434
0.08212733800246497
0.08901327499916079
0.14582937699742615
0.20066936899820575
0.34591654099858715
0.7040568459997303
1.4862696999989566
3.833717864999926
0.08464344899766729
0.08742186399831553
0.14676917799806688
0.1961261390024447
0.3410785069972917
0.7322938770012115
1.477755720999994
3.8731717899972864
0.08818676699956995
0.09072928000023239
0.14805628300018725
0.19608983500074828
0.33696287899874733
0.7224536139983684
1.4909336669988988
3.861057564998191
0.08065562500269152
0.08416824400046607
0.14317455399941537
0.188845795000816
0.3565505780024978
0.6325359319998825
1.6101463779996266
3.7535441580002953
0.08234313399952953
0.08496044700223138
0.1476452770002652
0.1895404970018717
0.36831263700150885
0.7083289250003872
1.46989252700223
3.9033420180021494
0.09775001399975736
0.08737875999941025
0.14414655700238654
0.19366971799900057
0.32924212899888516
0.7735541630027001
1.4808466780013987
3.862295181999798
0.0840989409989561
0.10168373399937991
0.1495689850016788
0.19933194600162096
0.33875247800096986
0.691126527999586
1.4778682560026937
3.854597028999706
0.08922556800098391
0.08297903499988024
0.15385540699935518
0.19657923200065852
0.34585261499887565
0.7138165440010198
1.49999346900222
3.8696388989992556
0.08293233500080532
0.08684225599790807
0.14474975999837625
0.18635877700216952
0.35429595800087554
0.671785724000074
1.5670856190008635
3.7546252899992396
0.08533774700117647
0.09072487600133172
0.14763597400087747
0.1950888230021519
0.3500257359992247
0.6601885609998135
1.5913304440000502
3.740105509001296
0.08364116200027638
0.09310221299892874
0.1436902910027129
0.19836669000142138
0.40487382100036484
0.6621793259982951
1.5976493359994492
3.7463518509975984
0.08064643900070223
0.08259665000150562
0.14600139400135959
0.19788257500113104
0.3542682219995186
0.6563786570004595
1.5739939199993387
3.7535595939989435
