0.5407897799996135
0.5178571140004351
0.582383283001036
0.5678447949994734
0.6417361300009361
0.7291783689997828
0.9982393859991134
1.7085049359993718
0.5311492239998188
0.544432146998588
0.5529352409994317
0.588352525001028
0.6189138789995923
0.706330158000128
0.9733920689996012
1.7205881169993518
0.4930049329996109
0.529317896000066
0.5686913159988762
0.5943502469999657
0.6276647620015865
0.7395643869986088
1.018339489999562
1.724537957999928
0.5497410139996646
0.531408602000738
0.5658531980006956
0.5842825319996336
0.6234622539996053
0.6973842570005218
0.961505721001231
1.723904353000762
0.5161973990016122
0.5578763879984763
0.5600652650009579
0.6010974620003253
0.6266852879998623
0.7450908369992248
1.0040933050004242
2.336966355000186
0.7456895519990212
0.643611969999256
0.703879284001232
0.682265510000434
0.7694339270001365
0.917099951999262
1.264019737000126
2.3842551199995796
0.531698458999017
0.5255108540004585
0.5773248939985933
0.5941117519996624
0.6010182540012465
0.7490421790007531
0.9720330039999681
1.7047274359993025
0.5337105559992779
0.5252227830005722
0.5752788499994494
0.5909613220010215
0.6194080080003914
0.70431676500084
0.9741471090001141
1.7077238549991307
0.5188172930011206
0.5321890989998792
0.5718735179998475
0.5951075789998868
0.6254735349994007
0.7091897110003629
1.0024822159994073
1.7617282999999588
0.49581494000085513
0.5357241570000042
0.580852896999204
0.5949562920013705
0.6235245740008395
0.7192454739997629
0.9846845920001215
1.6969785710007272
0.5229022500006977
0.5268614219985466
0.5858506399999897
0.5944911240003421
0.63487172799978
0.75005200600026
0.96576107600049
1.7205905579994578
0.5126229109991982
0.5195620160011458
0.5825454810001247
0.585231750001185
0.6207185279999976
0.7637273010004719
0.9942735749991698
1.7161874339999486
0.5340491509996355
0.5343467530001362
0.5784271039992746
0.5802883819997078
0.6192447100002028
0.7110080559996277
0.9856219920002331
1.7117578419984056
0.531891924001684
0.5273825940003007
0.5853055400002631
0.5786041430001205
0.6246352670004853
0.7345283470003778
0.9904181720012275
1.7477797970004758
0.5024768839994067
0.5233336780001991
0.5894617049998487
0.5868819459992665
0.6207703479994962
0.7193478970002616
1.0028447229997255
1.721649836999859
0.548790917999213
0.5427428070015594
0.5743800439995539
0.577265902000363
0.6224113400003262
0.7066645009999775
0.9730125839996617
1.7051091170014843
0.5070017430007283
0.5214892309995776
0.5761588280001888
0.6413719709998986
0.6401957890011545
0.7165577680007118
0.9811450799988961
1.766948634000073
0.5256599759995879
0.5395560730012221
0.5786914979998983
0.6028982429997995
0.6353940659992077
0.7343011150005623
0.9983198379995883
1.7363561000001937
0.5192005760000029
0.5529313799997908
0.5745756630003598
0.5857302000003983
0.6287797679997311
0.7299910830006411
0.9802851090007607
1.7082555230008438
0.5361540289995901
0.5373506129999441
0.6059213059998001
0.5795108940001228
0.632641414000318
0.7208299209996767
0.9816710930008412
1.7189653719997295
0.5126352770002995
0.5224819730010495
0.5740619190000871
0.5898702859994955
0.6703952089992526
0.6943404560006456
0.9929652910013829
1.722771124999781
0.535306675999891
0.5308641399988119
0.5903158700002678
0.5869250179985102
0.6337672319987178
0.7308896120011923
0.993046975998368
1.6791332379998494
0.6283729080005287
0.657509079999727
0.6677576290003344
0.7648062089992891
0.8029702490002819
0.9030512830013322
1.2829546209995897
2.169976934999795
0.5239425300005678
0.5467631950014038
0.5725283169995237
0.5752372770002694
0.6420487979994505
0.7768066240005282
0.9729912510010763
1.7265336149994255
0.5234337340007187
0.5232274369991501
0.5730199069985247
0.5978370430002542
0.6369097709994094
0.7266598549995251
1.0139123469998594
1.7140108900002815
0.5388394060009887
0.5229156390014396
0.6035830569999234
0.5954739749995497
0.6222351830001571
0.7580594930004736
0.9750673130001815
1.6941317770015303
0.5220175510003173
0.5324946969994926
0.5587364130005881
0.6085612820006645
0.6186082349995559
0.7094984019986441
0.9690615979998256
1.7227293539999664
0.54752867499883
0.538566406999962
0.5802072970000154
0.5929280100008327
0.6406189110002742
0.7107533830003376
0.9580011599991849
1.7029775400005747
0.5346213640004862
0.5266764810003224
0.5903565469998284
0.5889970669995819
0.6384313430007751
0.7121444620006514
0.9610187140006019
1.7049637100008113
0.5052535940012604
0.5365671350009507
0.5691499579988886
0.6004882979996182
0.6407605079984933
0.7185791669999162
0.9975874779993319
1.7470159929998772
0.5150063510009204
0.5265627360022336
0.5705849889964156
0.618595683001331
0.6293581270001596
0.7142802779999329
0.9849921919994813
1.70248372900096
0.5393157599974074
0.5200128459982807
0.5774209009978222
0.5948275470000226
0.6317155059987272
0.7180628370006161
1.0057962060018326
1.7443305470005726
0.5435265079977398
0.5095949070018833
0.578415797001071
0.6075037690025056
0.6344291739987966
0.7230233730006148
1.0140918969991617
1.8114212809996388
0.5283649370030616
0.5515148970007431
0.5791406919997826
0.5862584879978385
0.6054445070003567
0.7139730130002135
0.9902331560006132
1.6864669309979945
0.5157974249996187
0.5206247549976979
0.574446763999731
0.5954047569975955
0.6293935590001638
0.7317273570006364
0.9903697599984298
1.7117605699968408
0.5081755399987742
0.5393420820000756
0.570997417999024
0.5845291189980344
0.6284121759999834
0.7266890330029128
0.9880947969977569
1.686337448998529
0.5353562429991143
0.5227841269988858
0.5903005369982566
0.5876497760000348
0.6271816959997523
0.7162436889993842
0.9749224930019409
1.7613092530009453
0.5023905269990792
0.5385413969997899
0.5753354570006195
0.6141889870013983
0.6155395679998037
0.730744976997812
0.9841119600023376
1.68865192299927
0.5184920920000877
0.5325785860004544
0.5724405010005285
0.5973274360003415
0.6432221630020649
0.7157265989990265
0.9869194200000493
1.7477618580014678
0.5320076949974464
0.547006175002025
0.5750540629996976
0.6064015039992228
0.6361042680000537
0.9060471080010757
1.3115970580001886
2.1953290929996
0.6935087249985372
0.6439334530004999
0.6977371529974334
0.7369307749977452
0.795259709997481
0.9067402529981337
0.9860362770014035
1.7537607300000673
0.5174639840006421
0.5368700990002253
0.5786788820005313
0.5868115659977775
0.6263565830013249
0.7409912840012112
0.9897952920000535
1.7194632619975891
0.5318118050017802
0.5387590050013387
0.5606154840024828
0.5793239089980489
0.6487428830005229
0.71087926600012
0.9795530890005466
1.720311926001159
0.533369605000189
0.5517547349991219
0.5793426290001662
0.5992190370016033
0.6270939280002494
0.7253789770002186
1.0045100550014467
1.7496382489989628
0.5155931839981349
0.5431895779984188
0.5610834149993025
0.5846542689978378
0.6180615769990254
0.736222635001468
0.9915954680000141
1.7167963700012479
