0.434353573853236
0.4511671349999915
0.5531600519999529
0.51591638900004
0.5135475010000619
0.6138479310000093
0.8694237759999623
1.5595605490000253
0.47364765499992245
0.45134465099999943
0.4974671939999098
0.5034832060000554
0.537730983000074
0.628844584000035
0.8491085690000091
1.5513393339999766
0.45182670199983477
0.46836021700005404
0.48976109299997006
0.49601799199990637
0.5362614840000788
0.6237407290000192
0.8744279630000165
1.57720188899998
0.45978838299993186
0.4563287159999163
0.4696703320000779
0.5121050740001465
0.5281781410001258
0.6013571969999703
0.8691891670000587
1.5656179449999854
0.4743306489999668
0.48229210599993166
0.5092198319998715
0.5059487159999208
0.5577938490000633
0.6382511510000768
0.8802715849999458
1.5686487860000398
0.48537542199983363
0.4657143699998869
0.5041669529998671
0.5071914390000529
0.5514006559999416
0.6311722730001748
0.9108005440000397
1.5720209450000766
0.4681322530000216
0.4605017480000697
0.5322439540000232
0.526144832
0.569850433000056
0.6393765940001686
0.9059124020000127
1.5752964520002024
0.5349452989999008
0.4845149349998792
0.5462014640002053
0.5838890320001155
0.5522553169998901
0.6580540330000986
0.8999951880000481
1.581279762000122
0.48371627500000614
0.4805240099999537
0.5204778439997426
0.5276001130000623
0.550542540999686
0.6894965789997514
0.9267022180001732
1.6045120959997803
0.5085936069999661
0.4761102590000519
0.5309243110000352
0.5342701399999896
0.5646076769999127
0.6510882049997235
0.9053126329999941
1.6156063200000972
0.4919748530001016
0.49483775699991384
0.5133448460001091
0.5325515220001762
0.5601869829997668
0.6444039699999848
0.9013879110002563
1.5781984010000087
0.4930005530000017
0.5012936779999109
0.5098513009997987
0.5301924709997365
0.5517833209996752
0.6386702150002748
0.903014598000027
1.5604587100001481
0.4831157470002836
0.48119779500029836
0.5362955129999136
0.5517014440001731
0.5503607860000557
0.6444379129998197
0.8911695150000014
1.5994968150002933
0.48460240100030205
0.4769896110001355
0.5297832640003435
0.5338740280003549
0.5548368820000178
0.6387661530002333
0.9077102360001845
1.5509221970000908
0.5021363949999795
0.4817568560001746
0.5173601269998471
0.5426275280001391
0.542413642000156
0.6475879619997613
0.8757318799998757
1.5742981590001364
0.4924737909996111
0.47920556200006104
0.5189543860001322
0.5291754700001547
0.5602759990001687
0.647685747000196
0.9013706820001062
2.04318047400011
0.620691394000005
0.6023577209998621
0.6846246350000911
0.6148581820002619
0.683923252999648
0.8110678799998823
0.9254824170002394
1.608063079999738
0.4886331030002111
0.48611652700037666
0.5242606380006691
0.5276201910000964
0.5692114139992555
0.6499734719991466
0.8911240529996576
1.5977145329998166
0.501781678000043
0.4945106790000864
0.5507907789997262
0.5339722640001128
0.5539028579996739
0.6609220720001758
0.8937200310001572
1.6161868560002404
0.48266449400034617
0.48436497500006226
0.5275144529996396
0.5409439360000761
0.5669726019996233
0.6422240749998309
0.9195243180001853
1.583329871999922
0.4727082370000062
0.4733744880004451
0.5216503940000621
0.5251920959999552
0.55522658999962
0.6789303710002059
0.8980318310004805
1.5657623040006001
0.4908331779997752
0.48902214400004596
0.5267255270000533
0.5400929710003766
0.5579619460004324
0.6361640459999762
0.9038193129999854
1.5775006520007082
0.48960846999943897
0.4789317499999015
0.5410908869998821
0.5406190189996778
0.5606523579999703
0.6516581939995376
0.8923249280005621
1.565526600999874
0.4837713180004357
0.48791217600046366
0.5235085939993951
0.5521976110003379
0.5521763280003142
0.643344779000472
0.9171459070003039
1.5790190830002757
0.4781991050003853
0.4926220170000306
0.5222716179996496
0.5669791129994337
0.5743720220007162
0.6485746160005874
0.9065211010001804
1.5723531169996932
0.48331780299940874
0.5008884689996194
0.5260153340004763
0.5404308439992747
0.5563336350005557
0.6281495650000579
0.8932650719998492
1.5898523350006144
0.5020988950000174
0.4809009040000092
0.5210843479999312
0.529884108999795
0.5566073279996999
0.6377914360000432
0.9201827830002003
1.627966152999761
0.4858629749996908
0.4773113100000046
0.5192920500003311
0.5308478389997617
0.5711095389997354
0.6612227880004866
0.8916673780004203
1.5431875559997934
0.4816586629995072
0.4899020829998335
0.5092878129999008
0.5349624410000615
0.5682234570003857
0.6623370830002386
0.9206705110000257
1.6002522409999074
0.4798794779999298
0.4914925339999172
0.5183628509994378
0.5302253099998779
0.5613693750001403
0.6360911629999464
0.9028843039995991
1.5895558430001984
0.4700405280000268
0.4807685980003953
0.5208202230005554
0.5236957050001365
0.5512896190002721
0.6543768040000941
0.8926180810003643
1.6092634550004732
0.48268063599971356
0.49187911599983636
0.5277708040002835
0.5369650860002366
0.5610424529995726
0.6619973930000924
0.911554664000505
1.5637741670007017
0.4993173240000033
0.473088319999988
0.5353151270001035
0.5332361679993483
0.5699334479995741
0.6609590449997995
0.8965726579999682
2.0480951780000396
0.6251297019998674
0.6399907999993957
0.6780267650001406
0.654299415999958
0.7066167789998872
0.7976175900003
1.1681547050002337
1.5566018720001011
0.4875668430004225
0.4973797079992437
0.5196057960001781
0.5335574020000422
0.5576423659995271
0.6435479500005385
0.8998570150006344
1.574527445000058
0.4825227540004562
0.49247801599995
0.5260706430008213
0.5258234499997343
0.5640417129998241
0.6504454919995624
0.9005032579998442
1.5845919849998609
0.49020276899955206
0.5033089859998654
0.5274241209999673
0.5429267199997412
0.5629157419989497
0.655321850999826
0.883618595000371
1.6007455340004526
0.4774519959992176
0.4820281709999108
0.5214225729996542
0.5407348099997762
0.5757322979989112
0.6326236450004217
0.928968578000422
1.558229266998751
0.5067911959995399
0.4767610020007851
0.5170930010008306
0.5191962000008061
0.5497139569997671
0.6453236090001155
0.9036836560007941
1.6247431080009846
0.48785452299853205
0.4940332549995219
0.5330440859997907
0.5471317949995864
0.5591263350015652
0.6472656260011718
0.9026059009993332
1.5705735940009617
0.5048107290003827
0.487952598999982
0.5237209770002664
0.5258790620009677
0.5599324719987635
0.6550523720015917
0.9167221059997246
1.5558856640000158
0.4764407580005354
0.4871733090003545
0.5540746309998212
0.547747035001521
0.540855945999283
0.631857817999844
0.9204474930011202
1.578273065999383
0.473451567999291
0.48148325700094574
0.5276874870014581
0.5297738639983436
0.5609705150000082
0.6414668480010732
0.9180662239996309
1.5992791120006586
0.4855526330011344
0.47482789300011063
0.5138424300002953
0.5379623839999113
0.5587628859993856
0.629130968998652
0.8876944199982972
1.613613298000928
0.47935094999957073
0.49361494700133335
0.5390188920009678
0.5243600069989043
0.5765812529989489
0.6503386889999092
0.9012991599993256
1.594649336000657
