0.1860204029999295
0.06690843399996993
0.944331284999862
0.6763032950000252
0.25852459399993677
0.4233416120000584
1.3610327090000283
4.323787238000023
0.06349446900003386
0.06846378600016578
0.09615529500001685
0.10057730700009415
0.14262157000007392
0.43672042399998645
1.3861535029998322
3.335548364000033
0.06878506199996082
0.07166897100000824
0.10352138799999011
0.1121577179999349
0.1368193060000067
0.44742304700002933
1.3624447890001647
3.306102140000121
0.07498017200009599
0.06982005199984087
0.10369417200013231
0.10975899300001402
0.13539608400014913
0.4411809700000049
1.3850743150001108
3.3175552110001263
0.07124119200011592
0.06999088999964442
0.10834349799961274
0.132473767999727
0.17518859199981307
0.5531988660000025
1.204800041999988
4.043305149999924
0.09184576699999525
0.08472794799990879
0.13500899900009244
0.14098951899995882
0.18693685899961565
0.582280252000146
1.1387100459996873
4.155750244000046
0.0961604939998324
0.09353048700040745
0.13663962200007518
0.1478991579997455
0.19292640000003303
0.5289673510001194
1.1321714470000188
4.071375403999809
0.1062194350001846
0.10909394500004055
0.1322556190002615
0.15948630699995192
0.19462621999991825
0.5672983129998102
1.1825440890002028
3.9647508340003697
0.10631474299998445
0.09606351000002178
0.13751374399998895
0.15945331700004317
0.1845585989999563
0.5853284029999486
1.1327776879998055
4.066231260000222
0.09219070100016324
0.09503151100034302
0.14503767499991227
0.15599971100027687
0.1897631229999206
0.5731650819998322
1.1248220979996404
4.075677112999983
0.09266220499966948
0.1053382469999633
0.12810022299981938
0.1453675799998564
0.21587581299991143
0.49665454299974954
1.3124010449996604
4.032915758999934
0.08562138399975083
0.08973609799977567
0.12955452999995032
0.1329734420000932
0.16527144899964696
0.48430860999997094
1.4218905289999384
3.353102055999898
0.08643718800021816
0.08870179499990627
0.1281590270000379
0.1325728420001724
0.16159493800023483
0.489643032999993
1.4149916219998886
3.2947332979997555
0.09065050300023358
0.09073870299971531
0.1254146189999119
0.1353633520002404
0.15460931699999492
0.4749570879998828
1.4095626140001514
3.29368281699999
0.09228120900024805
0.08679179099999601
0.12338951299989276
0.13503905199968358
0.15766252799994618
0.47204188100022293
1.4205903580000268
3.3029038640006547
0.0965021230003913
0.09205730800022138
0.1348020519999409
0.1419512760003272
0.15758592800011684
0.48654513099972974
1.4284898899995824
4.419679220999569
0.08678029100065032
0.10138543999983085
0.1257226219995573
0.1396917680003753
0.1568229260001317
0.47505449399977806
1.4234300759999314
4.338069057999746
0.09713672599991696
0.09003030199983186
0.1372163610003554
0.13665535899963288
0.1614764420000938
0.4880361389996324
1.4217154729994945
3.2867618350001067
0.0854819870000938
0.09080980499948055
0.12646952399973088
0.13625295700057904
0.1553098209997188
0.4924600529993768
1.432057709000219
3.354188866000186
0.09060210499956156
0.08631988999968598
0.12842953099971055
0.13458685199930187
0.16574615700028517
0.4764640009998402
1.4143147520007915
3.357871881000392
0.097296027000084
0.09341991399924154
0.12970863600003213
0.13506655400033196
0.15638622599999508
0.4805815139998231
1.4341231190001054
3.305695007000395
0.09590262199981225
0.09065430500049843
0.1335983489998398
0.13797926300048857
0.16380004999973607
0.4885795420004797
1.4712202439995963
4.350216818000263
0.09665522500017687
0.08763769500001217
0.12842023200028052
0.13803266400009306
0.1636641499999314
0.5486995439996463
1.4210954760001187
3.373423936999643
0.08744599399960862
0.09079470500000753
0.12728162800067366
0.1375111620000098
0.15722152899979847
0.5726203249996615
1.1319681039994975
4.232435625000107
0.09422901699963404
0.09517781999966246
0.13963306899950112
0.15362681599981443
0.19559545700030867
0.5850733669994952
1.133604610000475
4.1048220960001345
0.10134023999944475
0.1055504550004116
0.13429885100049432
0.15978643699963868
0.1613077419997353
0.4908769499998016
1.4677928249993784
3.401624021000316
0.0938478979996944
0.09183979099998396
0.12899172000015824
0.1417754040003274
0.1624660360002963
0.5001051719991665
1.4571851040000183
3.4067400910007564
0.09015708999959315
0.09100175999992643
0.13207840099948953
0.13713592699969013
0.15511755399984395
0.4788694889994076
1.4481529679997038
3.2989968390002105
0.09014218299944332
0.08950264499981131
0.1270214260002831
0.13835633700000471
0.1594918709997728
0.48809930099923804
1.4546628770003736
3.3002329159999135
0.08449880500029394
0.08932213800017053
0.13011398300022847
0.1386730529993656
0.16435710600035236
0.47861726399969484
1.4221018719999847
3.3335498529995675
0.09173833700060641
0.09079451200068434
0.1330814160000955
0.13859774899992772
0.1687864180003089
0.4886214090001886
1.4252291430002515
3.3022068029995353
0.08750328800033458
0.08959079699980066
0.13278626600003918
0.1419949330002055
0.1616893890004576
0.4995320440002615
1.4225605510000605
3.305627151000408
0.08994093899946165
0.09631998400072916
0.13103095499991468
0.13732229500055837
0.1605883679994804
0.4894357310004125
1.4231241469997258
3.340353177999532
0.08601715600070747
0.09127618999991682
0.13254329499977757
0.13800832900051319
0.15334723600062716
0.49067641099918546
1.432837276999635
4.45429975099978
0.08943974500016338
0.09327536899945699
0.1286121170005572
0.1380555790001381
0.1623611470004107
0.4873545230002492
1.4428364870000223
3.3833912359996248
0.09868518300027063
0.08862831100032054
0.13078079800015985
0.14060995999989245
0.15521235599953798
0.5662889400000495
1.4166266699994594
3.307338154999343
0.08887719599988486
0.08976609999990615
0.13057747000038944
0.14086813500034623
0.16196007300004567
0.4976870870004859
1.4637854399998105
3.4404003950003244
0.08716337900023063
0.0876468959995691
0.13130491399988387
0.13598854600058985
0.15861092600061966
0.4808357600013551
1.4381890639997437
3.28674847900038
0.09246669899948756
0.09713462400031858
0.12807414300004893
0.13831969300008495
0.16690631399978884
0.489880148001248
1.4702968940000574
3.2984561909997865
0.08616425000036543
0.08977467099975911
0.12851624200084188
0.14040860300156055
0.15922079399933864
0.48714515500068956
1.4746903399991425
3.342932560999543
0.0880019070009439
0.09562694700071006
0.12793490500007465
0.1383269600009953
0.159562469998491
0.4755744140002207
1.4419278770001256
3.327595280999958
0.08790383900122833
0.09158976000071561
0.1329315740003949
0.14762875300039013
0.17558160099906672
0.4752662519986188
1.454277443999672
3.3045040340002743
0.08742755800085433
0.08997757399993134
0.12899288200060255
0.13877833699916664
0.16646688699984225
0.47660985100083053
1.2551932419992227
4.084025416999793
0.10684517799927562
0.09315300500020385
0.1372733469997911
0.1603383740002755
0.20717173299999558
0.5858243110014882
1.1349753350004903
4.148217445001137
0.10375437299990153
0.10540318300081708
0.12995792100082326
0.14518410500022583
0.16625592499985942
0.4893665259987756
1.4432491499992466
3.350394316999882
