0.3317681940025068
0.2853528199993889
0.2881006109964801
0.3586458169957041
0.6618002850009361
1.29791673499858
2.8465384730006917
7.396083339997858
0.25460669800668256
0.255850294000993
0.2659344659987255
0.382017244999588
0.3513615280025988
1.32104294400051
2.887670800999331
7.389206013998773
0.2727471429971047
0.26897195300261956
0.2679277560018818
0.3700040710027679
0.3717299659983837
1.2320417720038677
2.9726569230042514
7.242669622995891
0.25874547800049186
0.26610425699618645
0.27442173499730416
0.38160053500178037
0.36350638500152854
1.332345978997182
2.839070668000204
7.40719349799474
0.2495573019987205
0.25943057399854297
0.26983644500433
0.37087796299601905
0.6702632239976083
1.2931307800026843
2.8406814460031455
7.422133312000369
0.2691088459978346
0.26104076800402254
0.27482953000435373
0.37667574400256854
0.668683226002031
1.2503421940054977
2.9686843539966503
7.26459060999332
0.2538307700015139
0.26604643600876443
0.27674610700341873
0.3768597210000735
0.6741883700015023
1.313325041992357
2.8717107879929245
7.477473434002604
0.28070739800750744
0.27558891399530694
0.2726171219983371
0.40202945400960743
0.35785678098909557
1.3786048740003025
2.87694750999799
7.440789131011115
0.2774399110057857
0.2811809010017896
0.27796630999364424
0.40671054398990236
0.3565394879988162
1.2757296790077817
2.8601278830028605
7.387943041001563
0.2508680879982421
0.26303785399068147
0.2893791800015606
0.37353044099290855
0.3708880490012234
1.3341042200045194
3.0181422519963235
7.247458978003124
0.2647379510017345
0.2674144430056913
0.27640311799768824
0.36721526000474114
0.687705555013963
1.2415669880138012
2.9285856160131516
7.249520398007007
0.2512956900027348
0.25950376599212177
0.27031083600013517
0.3838974149985006
0.35644359300204087
1.2411675920011476
2.967197315010708
7.2568221949914005
0.2704279360041255
0.2543530809925869
0.27492772399273235
0.3717326499900082
0.6831139709975105
1.2138292719901074
3.004419915989274
7.4054293889930705
0.25547927799925674
0.2586099699983606
0.276318820004235
0.3906062969908817
0.3667790640029125
1.231966323000961
2.9744513029872905
7.3593203269992955
0.2608861639891984
0.26178576100210194
0.2750215240084799
0.37465424300171435
0.35129320800479036
1.227699235008913
2.9734272079949733
7.312731363999774
0.2601234659960028
0.281465505991946
0.2686552420054795
0.38517311299801804
0.35479789799137507
1.3324488409998594
2.9791887559986208
7.294971186987823
0.2680777609930374
0.2614410859969212
0.28282682300778106
0.3836647139978595
0.6899599729949841
1.2475432670034934
3.029054423997877
7.280438482994214
0.25859111300087534
0.26238430400553625
0.2763082640012726
0.37030688200320583
0.6644798979978077
1.2696514840063173
2.9538551419973373
7.268022656993708
0.2585916280077072
0.25597953800752293
0.27111069299280643
0.37757077800051775
0.6788275870057987
1.2519016940059373
2.9919343549991027
7.284923101993627
0.25667004399292637
0.2516192589973798
0.27141660200140905
0.37806038999406155
0.3772926940000616
1.263303398998687
2.9314637209899956
7.304549648993998
0.25375305900524836
0.2582062470028177
0.275704195999424
0.3835682830103906
0.35266077300184406
1.2684576119936537
2.975328354994417
7.2836763550003525
0.266403226996772
0.25005257499287836
0.2744776050094515
0.3811473960086005
0.352463479997823
1.246333394999965
2.991959751001559
7.345701878002728
0.25280107000435237
0.2611855459981598
0.2739568099932512
0.37981970500550233
0.35405817900027614
1.2685682449955493
2.98722199499025
7.368753781003761
0.2711936190025881
0.2490658830065513
0.29042126500280574
0.3811203040095279
0.6748539600084769
1.3244465930038132
2.841943933002767
7.4019775339984335
0.25249367400829215
0.25655796300270595
0.3526760880049551
0.37973710999358445
0.6746572639967781
1.422872217008262
2.8406154489930486
7.475673156004632
0.26915952799026854
0.2875181760027772
0.294119556012447
0.396242164002615
0.3572214760060888
1.3942914039944299
2.9070586689922493
7.507091290011886
0.3001001399970846
0.2869564779975917
0.28358108799147885
0.39143807800428476
0.38348180199682247
1.3516016289941035
2.8666289880056866
7.51724795899645
0.28037390699319076
0.2485493809945183
0.276431466001668
0.3864903619978577
0.6590696049970575
1.3083021439961158
2.863513233998674
7.436105767992558
0.26928810800018255
0.25024430599296466
0.270908527993015
0.38830303799477406
0.7224501430027885
1.297407468999154
2.832485977996839
7.422008967012516
0.27108280500397086
0.2721007100044517
0.2695250289980322
0.37821480999991763
0.6627122109930497
1.218941476996406
2.966633300995454
7.347064237997984
0.2663513959996635
0.2590226299944334
0.2728801859921077
0.3886451639991719
0.3617048719897866
1.2913586869981373
3.0132417700078804
7.275327292998554
0.2501152039912995
0.2600579729914898
0.2813999030040577
0.3921520189906005
0.3510586689953925
1.2609943999996176
3.0020638720015995
7.280075139991823
0.25970320698979776
0.2663597880018642
0.28512662601133343
0.3675356500025373
0.6755685099924449
1.2236894670058973
2.9859474469994893
7.280796079998254
0.2564102420001291
0.25801354000577703
0.2804801669990411
0.3718076660006773
0.3614166040060809
1.2180595789977815
2.9837651739944704
7.267842228990048
0.26203714100120123
0.263963536999654
0.2818192800041288
0.4130506549990969
0.6630491440009791
1.3029047710006125
2.8455454790091608
7.428879571001744
0.25458417799382005
0.2517227880016435
0.27721490801195614
0.3845716630021343
0.6694356499938294
1.313930986012565
2.851189366003382
7.375203005998628
0.2650895529950503
0.2585301749932114
0.27763521499582566
0.3845813750085654
0.6621151919971453
1.3767018229991663
2.8441360639990307
7.418794754004921
0.27566602600563783
0.2768135229998734
0.27816181899106596
0.3890648689994123
0.34993449300236534
1.3398672670009546
2.8529216919996543
7.372942535992479
0.26058347801154014
0.2629302720015403
0.2755636320071062
0.4115370039944537
0.3504107969929464
1.3166828579996945
2.9205858159984928
7.398680444995989
0.26469326800724957
0.25452860099903774
0.2712299489940051
0.3708025359956082
0.35279109299881384
1.2395087119948585
2.963645608004299
7.262286639001104
0.25274800800252706
0.2625063779996708
0.27653513400582597
0.39155777399719227
0.3541468920011539
1.2971704410010716
2.8419950079987757
7.388986987003591
0.2649719710025238
0.25633129800553434
0.2806914230022812
0.40327073899970856
0.35486919099639636
1.3109960029978538
2.905988719998277
7.367395983994356
0.26201088100788184
0.2618244820041582
0.26927815900126006
0.39427056899876334
0.672793999008718
1.2460548100061715
2.9517193860083353
7.444049363999511
0.2691825600049924
0.2582720939972205
0.2682298630097648
0.380389212994487
0.3616723710001679
1.3089005170040764
2.9541936839959817
7.2908636549982475
0.26624186999106314
0.2741363449895289
0.2785722309927223
0.4183822949999012
0.36445046300650574
1.3659985400008736
3.008045119000599
7.324508359000902
