0.08904339799846639
0.09175381400018523
0.13461465500040504
0.1473998279998341
0.18685015099981683
0.5437619610002002
1.572418560999722
3.5536305450004875
0.08672669000043243
0.08942200500132458
0.13224894799895992
0.14074819699999352
0.18164452800010622
0.5410041670002101
1.5500896930007002
3.5544282760001806
0.0877459990006173
0.08922690700092062
0.14026589700006298
0.14803133599889406
0.18511166499956744
0.5556560499990155
1.5695321889998013
3.4919303830010904
0.08591319500010286
0.08640250400094374
0.13132907299950602
0.14118631900055334
0.18396738999945228
0.5458062859997881
1.5566562580006575
3.566768120999768
0.08949956000105885
0.09137897199980216
0.1392797749995225
0.14302809800028626
0.18091286500020942
0.5696197340002982
1.1029342679994443
3.5838686679999228
0.08749568600069324
0.08703528699879826
0.13397140199958812
0.14185954300046433
0.18041512299896567
0.5465810109999438
1.579042004999792
3.5752747589995124
0.09096442699956242
0.08592110599965963
0.13688174900016747
0.14740640300078667
0.18634879300043394
0.567833036000593
1.5547910269997374
3.5295120679984393
0.08832083100060117
0.08538911899995583
0.13751477699952375
0.14815103199907753
0.19212685200000124
0.5700436320003064
1.1306062339990604
3.5326705600000423
0.08504232700033754
0.10386222200031625
0.13250726700061932
0.14397072599967942
0.19265347399959865
0.5526190010004939
1.573036089001107
3.617094707000433
0.09083486300005461
0.08811665000030189
0.13801330599926587
0.14683815200078243
0.18864056799975515
0.5481601170013164
1.5546220000014728
3.549565794000955
0.08625794599902292
0.08998816500024986
0.13288808700053778
0.1469586610000988
0.18121983899982297
0.5425702140000794
1.5603794990001916
3.5261642200002825
0.09398198899907584
0.08742385499863303
0.13677651199941465
0.14701736600000004
0.18251975199927983
0.5458551480005553
1.5498624929987272
3.566580234999492
0.08952646800025832
0.0881229609985894
0.1361761120006122
0.14650326700029837
0.18164735199934512
0.5486180749994674
1.1253695149989653
3.50837346300068
0.09109660499962047
0.08558618399911211
0.14477085399994394
0.14895407699987118
0.18007742400004645
0.5427185949993145
1.5639225340000849
3.486793525000394
0.09157972799948766
0.08751051199942594
0.13717734800047765
0.1470468979987345
0.18922930099870428
0.5441025019990775
1.6119807369996124
3.5113230209990434
0.08834312700128066
0.08641841899952851
0.13784237000072608
0.14681511600065278
0.18751831599911384
0.564842667999983
1.6029228749994218
3.5724434969997674
0.08510731999922427
0.09108855100021174
0.14758523199998308
0.1529668599996512
0.2015245029997459
0.6357809709988942
1.3084757380001975
4.797846718998699
0.0911929579997377
0.10176521100038372
0.13962690200060024
0.15545978299996932
0.21985670899994147
0.619323428001735
1.307418312999289
4.61748448400067
0.09771489599916094
0.08875235100094869
0.1397533100007422
0.14788745199984987
0.18797245700079657
0.5463208820001455
1.0698495530014043
3.590880919000483
0.09575558800133877
0.0906661629996961
0.13534989199979464
0.14894496200031426
0.18962727100006305
0.5482901089999359
1.5803198989997327
3.5100414989992714
0.08558893900044495
0.09208457299973816
0.1345442900001217
0.1468830550002167
0.1809604300015053
0.592006543000025
1.5460791509995033
3.5449299379997683
0.08755545100029849
0.09140587000001688
0.13924791699901107
0.14590235200012103
0.18764766700041946
0.5552753619995201
1.5665351759998885
3.6121060269997542
0.08780575299897464
0.09360398299941153
0.138316714001121
0.14855456699842762
0.18920667700149352
0.5568354749993887
1.56447247899996
3.5323557449992222
0.09225317600066774
0.08821495599841
0.13695740799994383
0.15340279299925896
0.1816857390003861
0.555478876000052
1.5562541019990022
3.5252383679999184
0.08645745500143676
0.09641550699961954
0.14362685500054795
0.14757207599905087
0.18122675199992955
0.5460819670006458
1.5628821020000032
3.534020036000584
0.08759085899873753
0.08648965300017153
0.14036483599920757
0.1513675919995876
0.19174190299963811
0.5493670750001911
1.579660862998935
3.5610829220004234
0.08787475900135178
0.0905429729991738
0.14191764099996362
0.14391695199992682
0.1881981819988141
0.5562300040000991
1.5740269159996387
3.5192446659984853
0.09101087500130234
0.08579864800049108
0.13838122200104408
0.1483770729992102
0.18115604400009033
0.5628889340005117
1.080826432998947
3.559026246999565
0.08882496300066123
0.09333098699971742
0.13829751999946893
0.15287949699995806
0.19634352200046123
0.5566122979998909
1.5560213009994186
3.570364987001085
0.09137667600043642
0.08676045200081717
0.13859772099931433
0.14500705499995092
0.19076609299918346
0.5689013599985628
1.5528994790001889
3.542381829000078
0.09273198200025945
0.08694075200037332
0.13613990799967723
0.14601766000123462
0.18353235399990808
0.5728606789998594
1.5375431960001151
3.5229838190007285
0.08609024799989129
0.08788585699949181
0.13349839399961638
0.14742116600064037
0.18340925299889932
0.5894534649996785
1.070752066998466
3.6327657839992753
0.08908776300086174
0.09085327299908386
0.13660920999973314
0.14471125199997914
0.18528746300034982
0.5545283819992619
1.5623010189992783
3.5833434229989507
0.09025616899998568
0.09339108499989379
0.15601481100020465
0.14396034899982624
0.18365955400076928
0.5480010480005149
1.590534665998348
3.545904126000096
0.0881315580008959
0.08426002799933485
0.1384418050001841
0.15142847199967946
0.18495694400189677
0.5462137880022055
1.56091197600108
4.490682863000984
0.09453548400051659
0.09081666500060237
0.15227868099827901
0.14818215999912354
0.19892842099943664
0.6557630649986095
1.2168817480014695
4.710521996999887
0.09921991000010166
0.09862350700132083
0.14065722300074412
0.15084087600189378
0.20063023299735505
0.5435183990011865
1.584781961999397
3.548764281997137
0.086517346000619
0.08514643899980001
0.13900291699974332
0.14892536800107337
0.18190433799827588
0.5596045870006492
1.1220243899988418
3.577244165000593
0.09920071299711708
0.08753995200095233
0.13721310900291428
0.15053607700247085
0.18400435000148718
0.5465980240005592
1.559921560001385
3.578265593998367
0.09720870299861417
0.09233007700095186
0.13402429199777544
0.1492471720011963
0.19105228799890028
0.5496598429999722
1.5508857220011123
3.5360611910000443
0.0881643559987424
0.09658190000118339
0.142658738001046
0.14840096800253377
0.1866914660022303
0.5721381610019307
1.0904835440014722
3.5468449580002925
0.08687355000074604
0.08375263299967628
0.1368419080026797
0.14876626999830478
0.1913230910031416
0.5510467530002643
1.576097460998426
3.5918410989979748
0.09454978999929153
0.08603644499817165
0.13487749900014023
0.14727086200218764
0.182446044000244
0.5491747449996183
1.563346997001645
3.57956933999958
0.08838655799991102
0.0882086560013704
0.1363577060001262
0.14816466799675254
0.19244319700010237
0.5401295980009309
1.5737999529992521
3.562668656002643
0.09047466899937717
0.09462568999879295
0.14072482900155592
0.14498865100176772
0.1879327739989094
0.5670279190017027
1.593532775001222
3.5587272080010734
