0.33254076086956524
0.32914402173913043
0.320991847826087
0.3267663043478261
0.36684782608695654
0.43342391304347827
0.5696331521739131
0.7160326086956522
0.3335597826086957
0.33491847826086957
0.335258152173913
0.33186141304347827
0.33254076086956524
0.532608695652174
0.6175271739130435
0.7323369565217391
0.3335597826086957
0.33186141304347827
0.327445652173913
0.3264266304347826
0.33186141304347827
0.43376358695652173
0.46467391304347827
0.7224864130434783
0.3328804347826087
0.26358695652173914
0.3485054347826087
0.3335597826086957
0.30570652173913043
0.4622961956521739
0.5380434782608695
0.7116168478260869
0.32710597826086957
0.3359375
0.328804347826087
0.33254076086956524
0.33152173913043476
0.3828125
0.5258152173913043
0.6661005434782609
0.328804347826087
0.33322010869565216
0.2781929347826087
0.3328804347826087
0.33389945652173914
0.3372961956521739
0.5302309782608695
0.6671195652173914
0.33559782608695654
0.3342391304347826
0.33967391304347827
0.33152173913043476
0.3726222826086957
0.4986413043478261
0.6056385869565217
0.7666440217391305
0.35529891304347827
0.3610733695652174
0.344429347826087
0.33186141304347827
0.33389945652173914
0.40658967391304346
0.5754076086956522
0.6569293478260869
0.3305027173913043
0.33220108695652173
0.35122282608695654
0.33186141304347827
0.34375
0.4127038043478261
0.6052989130434783
0.7129755434782609
0.33186141304347827
0.3311820652173913
0.3257472826086957
0.33695652173913043
0.33186141304347827
0.5431385869565217
0.5166440217391305
0.6895380434782609
0.3345788043478261
0.35903532608695654
0.33322010869565216
0.328804347826087
0.3328804347826087
0.460258152173913
0.600203804347826
0.7238451086956522
0.33627717391304346
0.3423913043478261
0.3406929347826087
0.33254076086956524
0.33186141304347827
0.5444972826086957
0.6052989130434783
0.7258831521739131
0.3189538043478261
0.33322010869565216
0.33389945652173914
0.33220108695652173
0.33254076086956524
0.4585597826086957
0.5628396739130435
0.6970108695652174
0.3328804347826087
0.3335597826086957
0.27309782608695654
0.33322010869565216
0.33254076086956524
0.5237771739130435
0.6287364130434783
0.7866847826086957
0.3328804347826087
0.33254076086956524
0.3172554347826087
0.3342391304347826
0.31453804347826086
0.3858695652173913
0.5954483695652174
0.7533967391304348
0.34341032608695654
0.3502038043478261
0.3342391304347826
0.33322010869565216
0.33389945652173914
0.4045516304347826
0.5078125
0.6637228260869565
0.3342391304347826
0.37601902173913043
0.32608695652173914
0.32404891304347827
0.33967391304347827
0.4874320652173913
0.6368885869565217
0.6956521739130435
0.335258152173913
0.3610733695652174
0.3342391304347826
0.33254076086956524
0.34578804347826086
0.37126358695652173
0.5930706521739131
0.6912364130434783
0.33220108695652173
0.35835597826086957
0.31046195652173914
0.33322010869565216
0.33254076086956524
0.33933423913043476
0.5448369565217391
0.6796875
0.2866847826086957
0.3345788043478261
0.33559782608695654
0.32710597826086957
0.335258152173913
0.3451086956521739
0.5723505434782609
0.7615489130434783
0.33186141304347827
0.32540760869565216
0.328804347826087
0.3328804347826087
0.3342391304347826
0.45278532608695654
0.5692934782608695
0.7476222826086957
0.27445652173913043
0.33220108695652173
0.335258152173913
0.33016304347826086
0.33186141304347827
0.414741847826087
0.414741847826087
0.5394021739130435
0.33389945652173914
0.3498641304347826
0.33491847826086957
0.3342391304347826
0.32472826086956524
0.33967391304347827
0.41032608695652173
0.5594429347826086
0.33152173913043476
0.33389945652173914
0.33016304347826086
0.33695652173913043
0.31691576086956524
0.3345788043478261
0.4242527173913043
0.5451766304347826
0.33254076086956524
0.32438858695652173
0.3305027173913043
0.33186141304347827
0.3335597826086957
0.3702445652173913
0.5010190217391305
0.6216032608695652
0.33322010869565216
0.33322010869565216
0.3345788043478261
0.35122282608695654
0.33016304347826086
0.49626358695652173
0.4891304347826087
0.6875
0.3233695652173913
0.30672554347826086
0.3267663043478261
0.34273097826086957
0.33254076086956524
0.3695652173913043
0.4908288043478261
0.592391304347826
0.35054347826086957
0.30876358695652173
0.33254076086956524
0.34171195652173914
0.32914402173913043
0.36616847826086957
0.47758152173913043
0.5757472826086957
0.3342391304347826
0.336616847826087
0.33627717391304346
0.32778532608695654
0.3359375
0.3376358695652174
0.4898097826086957
0.5855978260869565
0.3335597826086957
0.3298233695652174
0.3335597826086957
0.336616847826087
0.32608695652173914
0.38620923913043476
0.563858695652174
0.7350543478260869
0.32846467391304346
0.34375
0.3328804347826087
0.33254076086956524
0.3328804347826087
0.33389945652173914
0.36345108695652173
0.45991847826086957
0.33389945652173914
0.336616847826087
0.33322010869565216
0.3335597826086957
0.328804347826087
0.33627717391304346
0.4860733695652174
0.6402853260869565
0.3141983695652174
0.3342391304347826
0.33322010869565216
0.30197010869565216
0.33254076086956524
0.45686141304347827
0.5383831521739131
0.6769701086956522
0.3250679347826087
0.35054347826086957
0.34273097826086957
0.3875679347826087
0.33491847826086957
0.4544836956521739
0.5105298913043478
0.6457201086956522
0.33254076086956524
0.30876358695652173
0.3311820652173913
0.33254076086956524
0.33152173913043476
0.4079483695652174
0.5764266304347826
0.6837635869565217
0.32608695652173914
0.3342391304347826
0.3226902173913043
0.33322010869565216
0.35258152173913043
0.48029891304347827
0.6090353260869565
0.803328804347826
0.33491847826086957
0.31521739130434784
0.31929347826086957
0.34171195652173914
0.36990489130434784
0.4188179347826087
0.5227581521739131
0.6212635869565217
0.3328804347826087
0.3345788043478261
0.3328804347826087
0.3328804347826087
0.3328804347826087
0.42221467391304346
0.5417798913043478
0.6929347826086957
0.33322010869565216
0.3532608695652174
0.33186141304347827
0.2860054347826087
0.36141304347826086
0.5020380434782609
0.6008831521739131
0.7010869565217391
0.3063858695652174
0.3342391304347826
0.2758152173913043
0.32133152173913043
0.33254076086956524
0.33797554347826086
0.5737092391304348
0.6864809782608695
0.33152173913043476
0.41372282608695654
0.3141983695652174
0.36209239130434784
0.3851902173913043
0.5346467391304348
0.524796195652174
0.7207880434782609
0.33389945652173914
0.3359375
0.3172554347826087
0.33389945652173914
0.33389945652173914
0.5020380434782609
0.6494565217391305
0.7289402173913043
0.3189538043478261
0.33491847826086957
0.33389945652173914
0.33389945652173914
0.350883152173913
0.3532608695652174
0.5163043478260869
0.5866168478260869
0.31216032608695654
0.32404891304347827
0.33491847826086957
0.3342391304347826
0.33389945652173914
0.529891304347826
0.579483695652174
0.7139945652173914
0.33152173913043476
0.3311820652173913
0.33322010869565216
0.3702445652173913
0.31046195652173914
0.5866168478260869
0.634171195652174
0.7503396739130435
