0.33865489130434784
0.3335597826086957
0.31046195652173914
0.3454483695652174
0.421875
0.4327445652173913
0.602921195652174
0.6589673913043478
0.3413722826086957
0.3580163043478261
0.35427989130434784
0.37907608695652173
0.5540081521739131
0.720108695652174
0.7771739130434783
0.8440896739130435
0.3257472826086957
0.352241847826087
0.3468070652173913
0.313179347826087
0.43002717391304346
0.6256793478260869
0.6511548913043478
0.7873641304347826
0.34816576086956524
0.34816576086956524
0.34273097826086957
0.3889266304347826
0.5166440217391305
0.686141304347826
0.774796195652174
0.8322010869565217
0.3389945652173913
0.3250679347826087
0.30095108695652173
0.35054347826086957
0.4670516304347826
0.6019021739130435
0.662703804347826
0.720108695652174
0.32370923913043476
0.31351902173913043
0.40998641304347827
0.4310461956521739
0.5828804347826086
0.6759510869565217
0.7510190217391305
0.8203125
0.33220108695652173
0.343070652173913
0.34375
0.38688858695652173
0.49966032608695654
0.5961277173913043
0.6593070652173914
0.7255434782608695
0.36277173913043476
0.3311820652173913
0.3569972826086957
0.3960597826086957
0.5309103260869565
0.6993885869565217
0.7520380434782609
0.8240489130434783
0.37941576086956524
0.32404891304347827
0.34375
0.3930027173913043
0.5237771739130435
0.6246603260869565
0.6932744565217391
0.7289402173913043
0.36616847826086957
0.34375
0.33084239130434784
0.4110054347826087
0.39334239130434784
0.4622961956521739
0.6209239130434783
0.6630434782608695
0.31216032608695654
0.34748641304347827
0.41372282608695654
0.38485054347826086
0.5434782608695652
0.6616847826086957
0.6993885869565217
0.7336956521739131
0.313179347826087
0.3454483695652174
0.34646739130434784
0.3773777173913043
0.4140625
0.46976902173913043
0.5587635869565217
0.595108695652174
0.34341032608695654
0.4048913043478261
0.32914402173913043
0.43716032608695654
0.5648777173913043
0.6022418478260869
0.678328804347826
0.6756114130434783
0.31148097826086957
0.3468070652173913
0.32540760869565216
0.3376358695652174
0.3930027173913043
0.5261548913043478
0.5594429347826086
0.6287364130434783
0.34375
0.3294836956521739
0.34714673913043476
0.44735054347826086
0.5614809782608695
0.6063179347826086
0.6959918478260869
0.7228260869565217
0.37398097826086957
0.33695652173913043
0.2758152173913043
0.5108695652173914
0.6579483695652174
0.7302989130434783
0.7958559782608695
0.8770380434782609
0.35563858695652173
0.343070652173913
0.36820652173913043
0.3257472826086957
0.5682744565217391
0.7510190217391305
0.8379755434782609
0.8807744565217391
0.3376358695652174
0.397758152173913
0.3298233695652174
0.48403532608695654
0.5193614130434783
0.5808423913043478
0.7533967391304348
0.7938179347826086
0.3298233695652174
0.3186141304347826
0.41813858695652173
0.4361413043478261
0.5777853260869565
0.6976902173913043
0.7554347826086957
0.8335597826086957
0.33186141304347827
0.35733695652173914
0.3257472826086957
0.4076086956521739
0.6491168478260869
0.6677989130434783
0.7761548913043478
0.8338994565217391
0.29415760869565216
0.3016304347826087
0.3383152173913043
0.42085597826086957
0.6348505434782609
0.7102581521739131
0.8145380434782609
0.8661684782608695
0.32778532608695654
0.33491847826086957
0.30061141304347827
0.40828804347826086
0.6328125
0.6487771739130435
0.8148777173913043
0.8729619565217391
0.3155570652173913
0.29959239130434784
0.350883152173913
0.38688858695652173
0.45889945652173914
0.5954483695652174
0.6915760869565217
0.7319972826086957
0.3376358695652174
0.36684782608695654
0.33865489130434784
0.47690217391304346
0.6253396739130435
0.7286005434782609
0.7914402173913043
0.8498641304347826
0.3298233695652174
0.3580163043478261
0.32846467391304346
0.3576766304347826
0.4157608695652174
0.6182065217391305
0.6593070652173914
0.7713994565217391
0.30978260869565216
0.2904211956521739
0.41066576086956524
0.4008152173913043
0.623641304347826
0.7336956521739131
0.7730978260869565
0.8631114130434783
0.3203125
0.35360054347826086
0.33491847826086957
0.4110054347826087
0.5625
0.6613451086956522
0.7673233695652174
0.8080842391304348
0.28872282608695654
0.3257472826086957
0.3702445652173913
0.4375
0.5737092391304348
0.759171195652174
0.8488451086956522
0.8777173913043478
0.32438858695652173
0.31216032608695654
0.2680027173913043
0.37126358695652173
0.5747282608695652
0.7248641304347826
0.7673233695652174
0.8247282608695652
0.3383152173913043
0.3685461956521739
0.35971467391304346
0.37466032608695654
0.5336277173913043
0.678328804347826
0.7547554347826086
0.8158967391304348
0.35529891304347827
0.28532608695652173
0.3451086956521739
0.445991847826087
0.5516304347826086
0.6117527173913043
0.7221467391304348
0.7574728260869565
0.3148777173913043
0.33016304347826086
0.344429347826087
0.3451086956521739
0.42561141304347827
0.46467391304347827
0.5791440217391305
0.6593070652173914
0.33254076086956524
0.32608695652173914
0.33559782608695654
0.4279891304347826
0.5441576086956522
0.6824048913043478
0.756453804347826
0.7921195652173914
0.335258152173913
0.36209239130434784
0.39470108695652173
0.44327445652173914
0.5635190217391305
0.6677989130434783
0.7374320652173914
0.8019701086956522
0.32846467391304346
0.3267663043478261
0.3797554347826087
0.4391983695652174
0.6589673913043478
0.7584918478260869
0.8355978260869565
0.8491847826086957
0.29483695652173914
0.32608695652173914
0.343070652173913
0.453125
0.5648777173913043
0.6796875
0.7785326086956522
0.8488451086956522
0.3420516304347826
0.327445652173913
0.36514945652173914
0.43240489130434784
0.5893342391304348
0.7228260869565217
0.7269021739130435
0.8359375
0.32302989130434784
0.3532608695652174
0.33491847826086957
0.3641304347826087
0.5227581521739131
0.623641304347826
0.686141304347826
0.7574728260869565
0.33152173913043476
0.3335597826086957
0.3658288043478261
0.3539402173913043
0.46875
0.678328804347826
0.7778532608695652
0.84375
0.32065217391304346
0.33865489130434784
0.34952445652173914
0.36990489130434784
0.39639945652173914
0.5648777173913043
0.6280570652173914
0.7065217391304348
0.328804347826087
0.29585597826086957
0.25815217391304346
0.40658967391304346
0.5815217391304348
0.665421195652174
0.7571331521739131
0.8040081521739131
0.3454483695652174
0.3101222826086957
0.36345108695652173
0.3671875
0.45754076086956524
0.5723505434782609
0.6552309782608695
0.6942934782608695
0.33967391304347827
0.33389945652173914
0.37941576086956524
0.3970788043478261
0.460258152173913
0.6321331521739131
0.7377717391304348
0.8135190217391305
0.3420516304347826
0.3267663043478261
0.34375
0.47995923913043476
0.6457201086956522
0.7034646739130435
0.8359375
0.9014945652173914
0.31997282608695654
0.3498641304347826
0.374320652173913
0.4391983695652174
0.48947010869565216
0.6847826086956522
0.8461277173913043
0.8899456521739131
