2.325884670004598
2.032135350003955
9.843989882996539
10.307761062998907
11.310045221005566
14.18711297599657
20.318847154994728
40.90625079101301
1.4745195069990586
1.443788083997788
1.3083334890106926
10.280203161004465
11.404121597006451
14.063313257996924
18.668738712993218
15.499634855004842
2.345932462994824
1.1848564879910555
9.820984020989272
10.268719404994044
11.502002406996326
14.219947187011712
21.847331291995943
24.018249690998346
1.1707404679909814
1.475342167992494
9.772688903001836
10.243147104003583
11.423436066994327
14.267483517003711
22.0845144049963
40.364939396007685
1.7322594270081026
2.621885305008618
9.75613344401063
11.380947195008048
12.747359976987354
15.876886603000457
26.45858535899606
40.88911379799538
4.419374853998306
1.1703916779952124
9.830865722004091
10.26570924698899
11.433249740992323
14.152319370987243
21.777545484001166
39.79830385399691
1.7467563670070376
2.0669594219943974
1.9630903880024562
10.232672614991316
11.440212778004934
14.12091266499192
15.852815238002222
29.733353688992793
1.4654397410049569
1.1539422880014172
9.746729424005025
10.2682876480103
11.421943103006925
14.115651886997512
20.89236018099473
42.36540301798959
2.046394015997066
1.76475796700106
9.790340692998143
10.286694595008157
11.490395889995852
12.736555014998885
21.865415371998097
42.733150317988475
1.4647581299941521
2.6284137920010835
9.841806802985957
10.157397197006503
11.493722874001833
14.222880752000492
21.593190104991663
42.16362628899515
1.739763003992266
1.168358975002775
9.83370478800498
10.322233878992847
11.348256781013333
14.11757909899461
17.974765052989824
42.27593202199205
2.9367188130127033
1.7517953219939955
1.6236956479988294
10.181354248998105
11.41568267501134
14.173540292991675
21.568602441999246
37.9396169110114
2.049781224995968
1.474114903001464
9.742053862995817
10.27102818498679
11.326677039003698
14.279626263989485
21.816222954003024
18.56534555699909
1.1571410479955375
4.128023776007467
9.810316144998069
10.290289936005138
11.423515652990318
14.120433554999181
20.251432121003745
42.35698575300921
1.4624623550043907
1.7346789009898202
9.78989061199536
10.235751879998134
11.49751057899266
14.26711298400187
18.67490378099319
43.79009115500958
1.744074043002911
2.9279208879888756
9.821157138998387
10.230307077014004
11.383028523006942
15.980427260001306
26.881437777003157
47.84900719400321
1.2705144020001171
1.7628012759960257
9.85298856299778
10.274609004991362
11.442942462002975
14.188602498004911
21.81124675599858
42.74439035799878
1.7513396779977484
1.468948622001335
9.811170189001132
10.299993166001514
11.39485138199234
14.156776017000084
21.58512759199948
42.35802345100092
2.3221567099972162
1.7604807519965107
9.769765399003518
10.254529351004749
11.41898979099642
14.165493670996511
15.405087712002569
42.37507243300206
1.741529802995501
1.147595086004003
9.823070558006293
10.236659069996676
11.538505585995154
14.066320095997071
21.6165094730095
28.417712868002127
1.1875146660022438
2.598808269991423
9.76619414499146
10.260329826996895
11.35126958899491
14.138412913001957
21.811476782997488
42.99753721100569
1.4736413139908109
1.183992833000957
9.887838505004765
10.371492987003876
11.50629136900534
14.362597001992981
21.611939914990216
42.57419885399577
1.4665245919895824
1.7250472479936434
9.827922762997332
10.178193867002847
11.547835887002293
14.271960624988424
19.60403583200241
42.323451304997434
1.448177571000997
1.7531069540127646
9.8088840959972
10.335975509005948
11.45534837699961
14.231312164993142
20.420096283996827
42.94717776599282
1.1656937490042765
1.2010134719894268
9.898892101991805
10.258978172001662
11.316148243000498
14.18067512199923
21.645292423010687
42.50409481600218
2.6060640289942967
1.7626341410068562
9.877729362997343
10.24267689800763
11.444069445002242
14.16364485899976
20.982629478996387
49.89951631501026
2.213622044000658
2.29681259499921
11.055500286005554
11.561331988996244
12.767708461993607
14.232549477004795
21.758044546004385
42.381914122001035
1.165184829995269
3.7866744530037977
9.976907225005561
10.306999819993507
11.60877914399316
14.299519432010129
21.924174836007296
42.6111996640102
1.172651147004217
1.4759778150037164
9.927878192000207
10.515854825003771
11.467274659997202
14.246981612988748
15.961703676002799
41.025914946993
2.37184562200855
1.1687310519919265
10.069877822999842
10.364544291005586
11.634335704002297
14.331339910000679
19.577925956997206
33.763700554001844
1.7528587380074896
2.0520901780109853
9.998054938012501
10.436257095003384
11.553734362008981
14.270290976011893
21.001775074997568
31.5595429649984
2.8773476620117435
1.7594533379888162
10.000731899999664
10.364291912002955
11.480921890994068
14.310376818990335
20.977399273004266
38.32636062501115
1.4495223279955098
1.1531422809930518
9.934741229008068
10.400935590005247
11.527552888001082
14.304848636995303
21.710321780992672
39.8229125039943
1.1555406999978004
2.342048218008131
9.987486306999926
10.486577780000516
11.491463416998158
14.362424132996239
21.928327222005464
36.02124226700107
2.318403922006837
1.4744834779994562
10.002326884001377
10.475650939988554
11.434860353008844
14.185976615000982
19.536820061010076
42.65664984799514
1.4751581829914358
2.638100302996463
9.977076306997333
10.49009188299533
11.515556131998892
14.237384482999914
21.833216259008623
37.02578174098744
1.154408203001367
1.741641210988746
9.931347074001678
10.439341864999733
12.6140354090021
16.102027772998554
26.712341916994774
50.270686017000116
1.3137224389938638
3.906956334991264
10.049371719011106
10.440032366997912
11.584877424000297
14.202316323993728
21.599125651002396
42.59426983699086
2.0150282029935624
1.758830898994347
9.951472177010146
10.446484861997305
11.52244214899838
14.20813336900028
21.584902918999433
36.64455337099207
1.4585974009969505
1.1755544030020246
10.035578915005317
10.446139646999654
11.566982457006816
14.304489435002324
19.023887001996627
35.96749256798648
1.814376088004792
2.314630410997779
10.03391512700182
10.397910739004146
11.448065894990577
14.239464369995403
23.809744686004706
39.65485176599759
2.0639304170035757
2.2749547499988694
9.988738956002635
10.446961137000471
11.50365804899775
14.226150383998174
21.734947814999032
36.804816664996906
3.4971663689939305
1.759138951994828
2.0002760679926723
10.497335012987605
11.502867073009838
14.236616720998427
21.97619053599192
39.89056894199166
2.045747191994451
1.16547386199818
9.960951945991837
10.422885705993394
11.437327760009794
14.174144188000355
18.12712827399082
20.02183153499209
1.453997400996741
2.057405284998822
10.022821132006356
10.352179510999122
11.54503838000528
14.22665552100807
21.65439062799851
42.49970136700722
