0.37933333333333336
0.31266666666666665
0.346
0.518
0.5956666666666667
0.6896666666666667
0.7986666666666666
0.8406666666666667
0.3313333333333333
0.3243333333333333
0.341
0.48133333333333334
0.543
0.6546666666666666
0.728
0.7866666666666666
0.3283333333333333
0.3273333333333333
0.38466666666666666
0.43733333333333335
0.5416666666666666
0.627
0.7106666666666667
0.757
0.3233333333333333
0.312
0.3453333333333333
0.41533333333333333
0.6143333333333333
0.6253333333333333
0.6836666666666666
0.782
0.304
0.321
0.3273333333333333
0.396
0.541
0.701
0.787
0.821
0.35333333333333333
0.3463333333333333
0.32033333333333336
0.40166666666666667
0.552
0.7106666666666667
0.7916666666666666
0.843
0.30366666666666664
0.3546666666666667
0.421
0.41633333333333333
0.5063333333333333
0.717
0.8103333333333333
0.873
0.25333333333333335
0.36133333333333334
0.3443333333333333
0.4093333333333333
0.4693333333333333
0.6803333333333333
0.7426666666666667
0.801
0.3453333333333333
0.344
0.36466666666666664
0.345
0.43533333333333335
0.5783333333333334
0.655
0.716
0.334
0.337
0.3506666666666667
0.383
0.42333333333333334
0.5336666666666666
0.5626666666666666
0.6463333333333333
0.3516666666666667
0.33366666666666667
0.307
0.471
0.55
0.6376666666666667
0.7213333333333334
0.791
0.286
0.31433333333333335
0.33066666666666666
0.37966666666666665
0.508
0.6203333333333333
0.713
0.7723333333333333
0.3416666666666667
0.347
0.28733333333333333
0.465
0.5416666666666666
0.6643333333333333
0.8
0.8313333333333334
0.331
0.38333333333333336
0.31466666666666665
0.37566666666666665
0.6073333333333333
0.6936666666666667
0.8026666666666666
0.8543333333333333
0.338
0.333
0.3343333333333333
0.38966666666666666
0.4846666666666667
0.5923333333333334
0.674
0.7266666666666667
0.36233333333333334
0.30233333333333334
0.3353333333333333
0.34
0.44766666666666666
0.505
0.5943333333333334
0.634
0.378
0.342
0.31533333333333335
0.4513333333333333
0.5183333333333333
0.6323333333333333
0.6953333333333334
0.7336666666666667
0.3363333333333333
0.3426666666666667
0.3526666666666667
0.35
0.5023333333333333
0.5176666666666667
0.6516666666666666
0.71
0.36666666666666664
0.3403333333333333
0.3426666666666667
0.364
0.49333333333333335
0.6233333333333333
0.7526666666666667
0.79
0.332
0.33866666666666667
0.3413333333333333
0.5023333333333333
0.4513333333333333
0.6753333333333333
0.7606666666666667
0.794
0.3506666666666667
0.3333333333333333
0.31466666666666665
0.358
0.381
0.5146666666666667
0.566
0.61
0.3413333333333333
0.3313333333333333
0.319
0.371
0.5463333333333333
0.5513333333333333
0.674
0.7283333333333334
0.3333333333333333
0.346
0.31533333333333335
0.3636666666666667
0.509
0.5733333333333334
0.592
0.6406666666666667
0.3273333333333333
0.3253333333333333
0.30733333333333335
0.3983333333333333
0.6033333333333334
0.637
0.7153333333333334
0.759
0.3546666666666667
0.354
0.44366666666666665
0.4
0.44133333333333336
0.6546666666666666
0.723
0.7613333333333333
0.3
0.35933333333333334
0.2946666666666667
0.3383333333333333
0.392
0.5213333333333333
0.5743333333333334
0.6316666666666667
0.3883333333333333
0.272
0.349
0.408
0.604
0.6746666666666666
0.7343333333333333
0.797
0.33266666666666667
0.37033333333333335
0.364
0.389
0.6306666666666667
0.7166666666666667
0.7833333333333333
0.817
0.31166666666666665
0.342
0.35733333333333334
0.49233333333333335
0.6293333333333333
0.7233333333333334
0.782
0.8413333333333334
0.2856666666666667
0.353
0.3333333333333333
0.3973333333333333
0.529
0.577
0.6973333333333334
0.7626666666666667
0.34
0.347
0.3303333333333333
0.404
0.549
0.6766666666666666
0.767
0.8283333333333334
0.327
0.3476666666666667
0.321
0.38
0.546
0.697
0.7463333333333333
0.8536666666666667
0.3423333333333333
0.35
0.346
0.3943333333333333
0.495
0.5543333333333333
0.661
0.724
0.308
0.33166666666666667
0.31766666666666665
0.37733333333333335
0.38466666666666666
0.6486666666666666
0.734
0.8066666666666666
0.26866666666666666
0.35833333333333334
0.3456666666666667
0.3903333333333333
0.5483333333333333
0.6923333333333334
0.7356666666666667
0.7926666666666666
0.32866666666666666
0.39466666666666667
0.3443333333333333
0.4573333333333333
0.5483333333333333
0.6793333333333333
0.7603333333333333
0.8043333333333333
0.313
0.3323333333333333
0.327
0.36833333333333335
0.555
0.6923333333333334
0.7776666666666666
0.8346666666666667
0.33466666666666667
0.335
0.327
0.366
0.6143333333333333
0.672
0.761
0.8376666666666667
0.311
0.30466666666666664
0.32366666666666666
0.5653333333333334
0.5136666666666667
0.6753333333333333
0.739
0.8413333333333334
0.30433333333333334
0.32466666666666666
0.337
0.421
0.7036666666666667
0.753
0.8546666666666667
0.875
0.362
0.335
0.387
0.4076666666666667
0.6986666666666667
0.7583333333333333
0.829
0.882
0.3383333333333333
0.24966666666666668
0.37433333333333335
0.4013333333333333
0.6613333333333333
0.7723333333333333
0.8543333333333333
0.8933333333333333
0.32966666666666666
0.33366666666666667
0.386
0.42933333333333334
0.5946666666666667
0.7356666666666667
0.8163333333333334
0.8726666666666667
0.29433333333333334
0.368
0.2823333333333333
0.475
0.5866666666666667
0.7196666666666667
0.7573333333333333
0.8146666666666667
0.317
0.3273333333333333
0.36033333333333334
0.417
0.5986666666666667
0.6896666666666667
0.737
0.7893333333333333
