0.785540011998819
0.8069117979975999
0.8531577169997036
0.9029423840001982
1.0194229690023349
1.3464494489999197
2.185977075001574
4.228311873001076
0.7857840180004132
0.8000353089992132
0.8305357599965646
0.9086424099987198
0.9731286610003735
1.306460949999746
2.173033183997177
4.23851005799952
0.7759638690004067
0.7635983519976435
0.8593261419991904
0.900040443000762
1.0180235059997358
1.3108470939987455
2.1245073120007874
4.2361679159985215
0.7815314909967128
0.8126576329996169
0.8573872760025552
0.9304865990015969
1.050434133001545
1.3526121840004635
2.135138564000954
4.218767587000912
0.8038365649990737
0.7708264510001754
0.8185074199973315
0.9203255329994136
1.0397722870002326
1.3351342799978738
2.164786091998394
4.352473913000722
0.6943468819990812
0.8143301300005987
0.841889822997473
0.9190387919989007
1.0831455920015287
1.3349757099967974
2.176551111999288
4.2441923929982295
0.8177925479976693
0.8099199600001157
0.855406791997666
0.9231772979983361
1.0249119069994777
1.330408334000822
2.1823127620009473
4.249379995999334
0.7733168769991607
0.8217567659994529
0.8445317309997336
0.901501193002332
1.0308403960007126
1.310687193999911
2.0628407670010347
4.344012025998381
0.6714104569982737
0.7838260079988686
0.8422897500022373
0.9116748300002655
1.0377235810010461
1.2661618279998947
2.169485676000477
4.236055056000623
0.7959859220027283
0.7672072429995751
0.8146567459989456
0.9423584710020805
1.033009139002388
1.3281361080007628
2.0621550329997262
4.34071118400243
0.7629828000026464
0.7605938349988719
0.8544323559981422
0.906131996998738
1.0311092610027117
1.3102036620002764
2.358613266998873
4.523106882999855
0.8981913110001187
0.983551756999077
1.0444456620025449
1.1063784520010813
1.1695687240026018
1.5364425349980593
2.172255995999876
4.253634126001998
0.7736639369977638
0.7822233110018715
0.8515944920000038
0.9280253689976234
1.0528127350007708
1.3166970590027631
2.1793707869983336
4.220790497998678
0.8007951369982038
0.7885122170009708
0.8364356120000593
0.8967380270005378
1.0304182629988645
1.326011320001271
2.0498379099990416
4.361435247999907
0.6832831850006187
0.8105878890019085
0.837080903002061
0.9138574650023656
1.0265504909984884
1.309852177000721
2.0538598069979344
4.33396477900169
0.6977488170014112
0.7994619090022752
0.8242181470013747
0.9285543020014302
1.023139902001276
1.3206755890023487
2.0241268550016684
4.380000313001801
0.7921133519994328
0.7876646220029215
0.8473201410015463
0.9248437970018131
1.0368634420010494
1.3293189149990212
2.137894651001261
4.2497560040028475
0.8027525229990715
0.8106908069967176
0.8422908419997839
0.9029146489992854
1.0032095690003189
1.344975619998877
2.0508396929981245
4.371026818000246
0.6870834500005003
0.8301953379996121
0.8254699099998106
0.9058645250006521
1.0134124389987846
1.3155438819994743
2.0369150370024727
4.345333877001394
0.7759013520008011
0.7900708439992741
0.850612051999633
0.905060749999393
1.024679786998604
1.3389508530017338
2.0655845410001348
4.340550798999175
0.8024629690007714
0.7814558790014416
0.856138479000947
0.9197202430004836
1.0298043199982203
1.3221441120003874
2.0548191140005656
4.336938681000902
0.7127103970015014
0.7985984309998457
0.8356140859978041
0.9112781709991395
1.0229886260021885
1.3498138110007858
2.0425199040000734
4.379374874999485
0.8003918069989595
0.7673839939998288
0.8346761030006746
0.8678902130013739
1.0530145869997796
1.2902160929988895
2.1800790849993064
4.239147452000907
0.7802281069998571
0.7923635279985319
0.8369223720001173
0.8930074449999665
1.032192896000197
1.3462776420019509
2.16155749400059
4.226947019000363
0.7887596230029885
0.8260795750029502
0.8642099129974667
0.8970955249969848
1.0341482530020585
1.346757568000612
2.1510577379995084
4.258582010999817
0.7893723810011579
0.8027502779987117
0.8322143410005083
0.9213319469999988
0.9735326820009504
1.3299921339967113
2.0591635050004697
4.364067713999248
0.7001578870003868
0.8178520789988397
0.8432011050026631
0.9060775860016292
1.0361808950001432
1.3296747319982387
2.1244344970000384
4.224883408998721
0.7803532739999355
0.7781237000017427
0.8754288830023143
0.879440019998583
1.0353369479998946
1.3354725770004734
2.035307587000716
4.533841508000478
0.7991116640005202
0.9806479159997252
1.0720373799995286
1.133576879001339
1.2134823089982092
1.4852614420015016
2.3676148670019757
4.240703630999633
0.7978176579999854
0.8049078520016337
0.8777598859996942
0.9262712749987259
1.0354462780014728
1.3228761780010245
2.056556154999271
4.339556293001806
0.8005846000014571
0.7925893159990665
0.8253150370001094
0.8941392289998475
1.0407410839980002
1.2768162300017138
2.1565519649993803
4.246007401998213
0.8252457300004608
0.7947230749996379
0.845179536001524
0.9157127029975527
1.0607815789990127
1.3276558729994576
2.0371300890001294
4.373391096996784
0.7857810000023164
0.7940582779992837
0.8541911969987268
0.9053309479968448
1.0435035250011424
1.338442706000933
2.037123177000467
4.354348150001897
0.6807457050017547
0.7837864619978063
0.8439223679997667
0.9333868339999754
1.0259720569993078
1.2749548329993559
2.1568929079985537
4.231029319002118
0.7916733349993592
0.7902752649970353
0.899713836999581
0.8790421560006507
1.0436278060005861
1.2287332519990741
2.2070630670023093
4.341490065999096
0.6742501529988658
0.8065333889971953
0.8202961899987713
0.9111228450019553
1.050711374002276
1.3314042079982755
2.0309421220008517
4.3509986809986
0.7808088099991437
0.7729436310000892
0.8619560139995883
0.907224046997726
1.0183113040002354
1.2587730449995433
2.1610384849991533
4.396355296998081
0.6792873439990217
0.7770019009985845
0.8703249219979625
0.8981180139999196
1.027169208999112
1.3106451210005616
2.0364943940003286
4.361263640999823
0.6789338669987046
0.7851260999996157
0.8616719710007601
0.9327521220002382
1.0146877150000364
1.345564731000195
2.0569740299979458
4.366857937002351
0.7950112660000741
0.7963177480014565
0.8542954940021446
0.9034638699995412
1.004418281998369
1.3409862179978518
2.046196018000046
4.360706886000116
0.8065938050021941
0.7600242930020613
0.8447435440029949
0.9367323890000989
1.0182819869987725
1.3582445760002884
2.0519775499997195
4.392636149001191
0.7871691969994572
0.730858528000681
0.8705085690016858
0.8885861029993976
1.038576794002438
1.2981540689979738
2.1245916909974767
4.378248082000937
0.6901739299973997
0.79582437299905
0.858802545000799
0.8884554090000165
1.019630077000329
1.34750734300178
2.0479322690007393
4.354468331999669
0.7147799140002462
0.7804485490014486
0.8311950019997312
0.9112624260014854
1.0422837009973591
1.2577193360011734
2.0058024499994644
4.34238263700172
0.6796444190003967
0.7844803779989888
0.7957513119981741
0.8979675089976809
1.02825469399977
1.331519136998395
2.076502489999257
4.544878414002596
