0.38609474499980934
0.34148878199994215
0.46229159299991807
0.7170524479997766
1.6834263470000224
4.562065609999991
14.034885676999693
43.09216708699978
0.3368096690001039
0.35918570200010436
0.4330656470001486
0.687678071999926
1.6481703610002114
4.816280003999964
14.513146074999895
42.988288286999705
0.3182365069997104
0.3420055430001412
0.4205533809999906
0.7188409180002964
1.6857232539996403
4.845840777999911
14.186806655000055
42.16167250100034
0.3154905390001659
0.32584745199983445
0.3921305600006235
0.6644972089998191
1.5295011369998974
3.8434715220000726
7.502848739000001
23.72464656899956
0.3465027559996088
0.4123656589999882
0.38691711600040435
0.5139486130001387
0.9471316919998571
2.6383191420000003
7.868606803000148
23.348792415999924
0.3735412420001012
0.36141669700009516
0.39052969200020016
0.5067360350003582
0.9546491640003296
2.620749822000107
7.61020197400012
22.772893968000062
0.35617807500057097
0.3623734359998707
0.3853118890001497
0.5306993840003997
0.9741321390001758
2.692307372999494
7.76949552699989
23.382222160999845
0.34814120499959245
0.34330904400030704
0.40089673999955266
0.5352426290000949
1.018418140999529
2.6680846409999504
7.848838053999316
23.882520328000282
0.35950362800031144
0.36128710899993166
0.39095988499957457
0.5283306040000753
0.9616616450002766
2.6840457479993347
7.864651883999613
24.21054293999987
0.35864064899942605
0.35978893900028197
0.41611068500060355
0.5234173709995957
1.0119807119999678
2.6887202819998492
7.72859176700058
23.5541565249996
0.3347665840001355
0.3866508139999496
0.42278679799983365
0.7046483159992931
1.742480156000056
5.1766638240005705
14.382460365999577
45.75725453199993
0.29575173000012
0.30332254599943553
0.4064248949998728
0.7436807140002202
1.6946000190000632
5.204590440000175
7.840157433999593
24.39547199899971
0.3834730059998037
0.3620380849997673
0.39661021800020535
0.5432484140001179
1.001044444999934
2.613454545999957
7.561876185000074
23.02135397500024
0.3481075409999903
0.354352827999719
0.40475952299948403
0.548107046000041
1.0314260869999998
2.7032256000002235
7.876789572999769
23.630166205000023
0.34738562799975625
0.3433779879997019
0.4048663139992641
0.5166985340001702
0.9664425510000001
2.7469840170006137
7.955928043999847
24.38885979600036
0.37443747199995414
0.35350538399961806
0.3792680670003392
0.46909447699999873
0.98601799700009
2.6066620769997826
8.019756300999688
24.39833839699986
0.36705025900027977
0.3751710799997454
0.38816111799860664
0.5108624270014843
0.9659179489990493
2.7203251119990455
7.542827559000216
23.635566839000603
0.3535625680015073
0.3728082270008599
0.38776867300111917
0.5105865719997382
0.9128861780009174
2.4205310750003264
7.5014096350005275
23.183087380999496
0.31366501200136554
0.3226622390011471
0.3770680130000983
0.4765350270008639
0.9217998739986797
2.5996481359998143
7.723416876000556
23.62065579999944
0.36127018700062763
0.32150477599861915
0.37147847800042655
0.44430147300045064
0.9325942670002405
2.6204658250007924
7.645227285000146
23.431769781000185
0.3268061269991449
0.3554551269990043
0.3463989749998291
0.4750022650005121
0.9350269400001707
2.5919715099989844
7.939439077001225
23.874422671999127
0.32204920799995307
0.35580952700001944
0.3701760740004829
0.48824080300073547
0.9941390530002536
2.5020527519991447
14.057187140000678
45.1985459589996
0.2982647690005251
0.3285267739993287
0.4046491419994709
0.7036498989982647
1.7957946610004
4.86702358599905
14.324469318999036
44.45244717599962
0.305520866999359
0.3042963610005245
0.37817641599940544
0.5081465660005051
0.9102475569998205
2.479447387999244
7.587623743998847
22.183441692000997
0.32497432099989965
0.35684952900010103
0.36745426500056055
0.5043083339987788
0.9647102139988419
2.5689437170003657
7.633337773000676
23.22667124399959
0.3118885700005194
0.3450544050010649
0.404775756998788
0.4832153870011098
1.0166112370006886
2.5815336749983544
7.867668246000903
23.664276633000554
0.34348994299944025
0.3496485550003854
0.35575346799851104
0.482154270999672
0.9196138309998787
2.5120611080001254
7.682032266999158
23.264399670000785
0.33213520200115454
0.3385351200013247
0.3589262929999677
0.4760280390000844
0.9067326860003959
2.499496161000934
7.398491665999245
22.465787531000387
0.34366519399918616
0.32826183200086234
0.36372215999836044
0.4516588829992543
0.971044007999808
2.51520871700086
7.692004208998696
23.141268459999992
0.33788413900037995
0.3275244989999919
0.34999437800070154
0.5093602580000152
0.943520233999152
2.5649712209997233
7.921429938000074
23.47673988600036
0.322020863999569
0.3120936270006496
0.38169917599952896
0.4908639690002019
0.9455079029994522
2.5976300399997854
7.389417640999454
23.163796101000116
0.31486432800011244
0.3393477150002582
0.38362227300058294
0.4829111270009889
0.9720942749991082
2.7080654759993195
7.895354492999104
23.930514391999168
0.32573206100096286
0.3136072529996454
0.3513498169995728
0.4936121969985834
0.8861604919984529
2.4839635280004586
7.652834459000587
23.88497194499905
0.30265979999967385
0.3090533129998221
0.36857816799965804
0.5075678720004362
0.9325082279992785
2.496147245999964
7.501204460999361
23.5145337440008
0.31218422500023735
0.33672311900045315
0.4046780930002569
0.6679968770004052
1.6833423530006257
4.611604324001746
13.789910190998853
43.54455505599981
0.4107632470004319
0.3384170509998512
0.36081063500023447
0.6816333000006125
1.8003608059989347
2.6242056190003495
7.869121526999152
23.330618010999387
0.3285298770006193
0.3449381370010087
0.3818625769999926
0.4878057829992031
0.9545042770005239
2.7188470540004346
8.089324742000827
25.035941144999015
0.3411576030011929
0.34437821400024404
0.3907708900005673
0.5075013320001744
0.964343966999877
2.616306538999197
7.66189527700044
24.420599860999573
0.34510760699959064
0.3107257749998098
0.3592935579999903
0.4788576099999773
0.9140956520004693
2.617481979999866
7.885787077000714
24.41477212099926
0.3607005249996291
0.32537409699943964
0.36305697500029055
0.4973330669999996
0.9624948870005028
2.5071046630000637
7.797256730000299
23.324710288999995
0.3303857409991906
0.35352103800141776
0.3705542030002107
0.5176036939992628
1.0406682650009316
2.731418721999944
7.969150859000365
24.78818457200032
0.3138434419997793
0.33898834899991925
0.3646066569999675
0.4709410269988439
0.9723902690002433
2.6420869060002588
8.161466765001023
24.95427325200035
0.3223324150003464
0.33756457600065914
0.3833735700009129
0.5057626959987829
0.9205704840005637
2.6060510409988638
8.009332934001577
25.11598074199901
0.31716895300087344
0.31821375399886165
0.35296679899875016
0.49664940500042576
1.0111521760009055
2.5599931069991726
7.546109492999676
22.89799655599927
0.31639652800004114
0.33617790800053626
0.3713048540012096
0.4914704549992166
0.924444960000983
2.5047946499980753
7.435627378999925
22.962600339000346
