0.08505225899716606
0.08601316400017822
0.16437378599948715
0.2563753809990885
0.6303464919983526
1.268193320996943
3.4628070079997997
8.995407094000257
0.08015042999977595
0.0862458619994868
0.1592539539997233
0.25047834100041655
0.6269606550013123
1.2747825190017466
3.4496991420019185
8.953140335997887
0.09131108699875767
0.08595195899761165
0.1669472899993707
0.279666692000319
0.6522557770003914
1.3370888250028656
3.481594346001657
9.009100772000238
0.09279309399789781
0.09356729700084543
0.16426867399786715
0.2829680050017487
0.6444622259987227
1.2869812409990118
3.4440134020005644
8.897992770998826
0.0810990310019406
0.08171623399903183
0.15559902599852649
0.24992032699810807
0.6359807750013715
1.2702673409985437
3.4305115999995905
8.962079838001955
0.08709446200009552
0.0857530549983494
0.16055625099761528
0.2619799889980641
0.6218893969999044
1.277950673000305
3.4532447999990836
8.931768626000121
0.08418574600000284
0.08414864600126748
0.15609622699776082
0.2657148069993127
0.6132238479985972
1.246187500000815
3.429226758002187
8.909250272001373
0.08746936299939989
0.0867007589986315
0.16165985599945998
0.25195843300025444
0.6250123079989862
1.2760751540008641
3.4672001500002807
8.929689456002961
0.08619345600163797
0.08442694700352149
0.1488889879983617
0.2587835689992062
0.6244589039997663
1.2559750450018328
3.469244689000334
8.914034589997755
0.08146221000060905
0.08709183999962988
0.15740309600005276
0.24639564699828043
0.6193211410027288
1.2700878510004259
3.435998577999271
8.883653770997626
0.08299912300208234
0.08479693300250801
0.16315663500063238
0.26054763499996625
0.6208217830026115
1.278204062000441
3.4686949259994435
8.899740493001445
0.08489813800042612
0.08313472800000454
0.1605554289999418
0.2557652209980006
0.6277330440025253
1.284025640001346
3.486689445999218
9.036561708999216
0.08750025300105335
0.08117652099826955
0.16344214800119516
0.2869109900020703
0.5426656190029462
1.3637228890002007
3.3701666289998684
9.024333664998267
0.08339593400160084
0.08646155099995667
0.1508411859977059
0.26062165799885406
0.630365688000893
1.2859845099992526
3.438654247998784
8.933039842999278
0.08765585799847031
0.09383599000284448
0.16821007899852702
0.25606523800161085
0.6347942190004687
1.2717194510005356
3.440093297002022
8.992022252001334
0.0829701339971507
0.0830985350003175
0.16501816399977542
0.2891625140000542
0.5336631949976436
1.371239282998431
3.3493263489981473
8.987690297999507
0.08651085399833391
0.08837456300170743
0.17085379600030137
0.26032196499727434
0.6263024840009166
1.27663009400203
3.43710802699934
8.921215493999625
0.08242453300044872
0.08543354799985536
0.16786978099844418
0.29493254800036084
0.5424225460010348
1.3728854040018632
3.3565993160009384
8.984427355000662
0.08365603900165297
0.08154602800277644
0.16364165900085936
0.2673558040005446
0.6291871029970935
1.3018331349994696
3.4619975780005916
9.043097013000079
0.08292160400014836
0.08876523399885627
0.16254809599922737
0.2625729909996153
0.6402195560003747
1.2657091569999466
3.490649098999711
9.049712689000444
0.0949156730021059
0.08705703500163509
0.1552448770016781
0.29836249700019835
0.601792323999689
1.4115329060005024
3.376080625999748
9.046200816999772
0.08652983800129732
0.08841254800063325
0.17677669800104923
0.27558760100146173
0.6317115139972884
1.2610302239991142
3.4424160580019816
9.04226867699981
0.08168631800072035
0.09029296199878445
0.16351593700164813
0.295190412998636
0.6354540600004839
1.2716601280008035
3.4931211469993286
8.950066220000735
0.0786340039994684
0.08643374500024947
0.1686201689990412
0.30919749299937394
0.5549152620005771
1.378167910999764
3.3605606489982165
9.009388432998094
0.08697634999771253
0.08481013900018297
0.15326849299890455
0.2598102439987997
0.6401485120004509
1.2710485789975792
3.444271934000426
9.009284163999837
0.08372933400096372
0.08866585899886559
0.16890657499970985
0.2959779349985183
0.5539153719983005
1.362439666998398
3.368232174001605
9.026683937001508
0.08170232399788802
0.08458443999916199
0.16055753299951903
0.2665959849982755
0.6230939349989058
1.288714592999895
3.4695459209979163
8.917439324999577
0.08512784299819032
0.08521474299777765
0.16538315899742884
0.2584368429997994
0.62621815500097
1.2669721849997586
3.419260574999498
8.979687784998532
0.08823085900075966
0.0850813430006383
0.15289109500008635
0.2985245490017405
0.5703176770002756
1.3798755390016595
3.3786782499955734
9.043108033001772
0.08413431399822002
0.08163460300420411
0.16214280200074427
0.25968578799802344
0.6425970929994946
1.2606648760047392
3.416958342997532
8.93592246499611
0.08884824499546085
0.08404052100377157
0.16287441799795488
0.25632128899451345
0.6429438359991764
1.3131384169973899
3.425775782998244
8.927198999997927
0.08169621299748542
0.08625383600156056
0.1609482160056359
0.25182337700243806
0.6370258329989156
1.2531581660005031
3.46877353599848
8.913114458002383
0.07879310099815484
0.08329632499953732
0.16003861599892844
0.2634274439988076
0.6247502900005202
1.2685841799975606
3.473285151994787
8.898419905999617
0.08165301800181624
0.08515263599838363
0.15167467699939152
0.2536246990057407
0.6287308230021154
1.2760585420037387
3.427895881002769
8.928233912003634
0.09770970199315343
0.08383242999843787
0.16216233299928717
0.2549021100057871
0.629982138001651
1.2743866509990767
3.4524396499982686
8.940676081001584
0.08610324299661443
0.08255902500241064
0.15894191799452528
0.25875393199385144
0.6130519549988094
1.273338856000919
3.428378354998131
8.91322420900542
0.08449873499921523
0.08071731599920895
0.16153823299828218
0.26584456999989925
0.6305845510069048
1.2803499000001466
3.4433870520006167
8.946176928002387
0.08101141700171866
0.08354753100138623
0.16481354999996256
0.2682087840003078
0.6369583859996055
1.333109877006791
3.4510580060014036
8.954801606996625
0.08344393099832814
0.09242857700155582
0.1688640709980973
0.2700281939978595
0.6414535109943245
1.3272302510013105
3.4829975800021202
8.978114685000037
0.08433652399980929
0.08330661899526604
0.1600118059941451
0.2614542179944692
0.626109060998715
1.2851470919995336
3.422679404997325
8.908538383999257
0.07843449699430494
0.08085510999808321
0.16570944099657936
0.2709533749948605
0.6524378129979596
1.274174572994525
3.4686206319966004
8.902436582997325
0.08496543299406767
0.08303322300344007
0.16704085099627264
0.2616141329999664
0.6242026820036699
1.2450486499947147
3.4468918870043126
8.94021543499548
0.07791569699475076
0.08539443599875085
0.16510114400443854
0.25742781499866396
0.6499331230006646
1.258254134998424
3.514663677997305
8.982399261003593
0.08210831999895163
0.08114361600019038
0.1580932099968777
0.26720426799874986
0.6252352030060138
1.2635514740031795
3.4482837690011365
8.901494122001168
0.08156451799732167
0.08464403399557341
0.16966456999944057
0.2631041489948984
0.6596546830041916
1.2795887640022556
3.4520708109994303
8.938718865996634
