0.3363333333333333
0.35733333333333334
0.3476666666666667
0.3923333333333333
0.616
0.7513333333333333
0.8056666666666666
0.8723333333333333
0.326
0.3606666666666667
0.3353333333333333
0.32866666666666666
0.5956666666666667
0.7203333333333334
0.796
0.8376666666666667
0.337
0.33066666666666666
0.3456666666666667
0.37766666666666665
0.564
0.6886666666666666
0.786
0.845
0.32266666666666666
0.3323333333333333
0.368
0.43366666666666664
0.5066666666666667
0.6563333333333333
0.749
0.825
0.30266666666666664
0.36466666666666664
0.37833333333333335
0.3626666666666667
0.548
0.7626666666666667
0.8463333333333334
0.8953333333333333
0.301
0.304
0.287
0.3883333333333333
0.5506666666666666
0.7293333333333333
0.8336666666666667
0.897
0.342
0.3243333333333333
0.30566666666666664
0.38266666666666665
0.5823333333333334
0.7406666666666667
0.831
0.9026666666666666
0.31166666666666665
0.3373333333333333
0.348
0.3913333333333333
0.562
0.742
0.8153333333333334
0.8666666666666667
0.30766666666666664
0.30033333333333334
0.363
0.38533333333333336
0.5226666666666666
0.648
0.7053333333333334
0.766
0.366
0.33466666666666667
0.33866666666666667
0.404
0.48966666666666664
0.598
0.7163333333333334
0.7873333333333333
0.2783333333333333
0.33166666666666667
0.3626666666666667
0.398
0.5333333333333333
0.7156666666666667
0.7766666666666666
0.8363333333333334
0.3363333333333333
0.309
0.3556666666666667
0.355
0.5623333333333334
0.707
0.785
0.836
0.348
0.32666666666666666
0.34933333333333333
0.418
0.5963333333333334
0.7663333333333333
0.8253333333333334
0.8686666666666667
0.34833333333333333
0.31066666666666665
0.343
0.38233333333333336
0.597
0.7653333333333333
0.8193333333333334
0.8853333333333333
0.3333333333333333
0.32466666666666666
0.3626666666666667
0.3903333333333333
0.5176666666666667
0.6576666666666666
0.731
0.8
0.359
0.3426666666666667
0.33566666666666667
0.37933333333333336
0.47833333333333333
0.6173333333333333
0.671
0.7423333333333333
0.363
0.3363333333333333
0.2996666666666667
0.4063333333333333
0.5186666666666667
0.6683333333333333
0.7503333333333333
0.8126666666666666
0.38533333333333336
0.33366666666666667
0.327
0.397
0.478
0.6403333333333333
0.728
0.798
0.328
0.36766666666666664
0.31733333333333336
0.398
0.5843333333333334
0.7066666666666667
0.793
0.8423333333333334
0.38666666666666666
0.33766666666666667
0.37266666666666665
0.379
0.528
0.706
0.79
0.8533333333333334
0.31066666666666665
0.317
0.3243333333333333
0.39766666666666667
0.4523333333333333
0.5526666666666666
0.6416666666666667
0.698
0.33
0.363
0.36566666666666664
0.37866666666666665
0.505
0.6586666666666666
0.7323333333333333
0.8043333333333333
0.36833333333333335
0.332
0.356
0.38533333333333336
0.477
0.6103333333333333
0.7186666666666667
0.779
0.3456666666666667
0.319
0.30833333333333335
0.36233333333333334
0.5453333333333333
0.7
0.792
0.846
0.329
0.31433333333333335
0.32
0.37333333333333335
0.558
0.7033333333333334
0.803
0.8583333333333333
0.3413333333333333
0.3343333333333333
0.3473333333333333
0.3893333333333333
0.5073333333333333
0.6216666666666667
0.7056666666666667
0.7656666666666667
0.3516666666666667
0.3536666666666667
0.334
0.3473333333333333
0.5106666666666667
0.69
0.8006666666666666
0.854
0.31666666666666665
0.35
0.36
0.4103333333333333
0.569
0.728
0.822
0.8686666666666667
0.37566666666666665
0.341
0.39366666666666666
0.4116666666666667
0.553
0.7446666666666667
0.8216666666666667
0.8866666666666667
0.326
0.333
0.3433333333333333
0.4046666666666667
0.6003333333333334
0.697
0.7736666666666666
0.8356666666666667
0.3416666666666667
0.3393333333333333
0.30133333333333334
0.4106666666666667
0.539
0.7216666666666667
0.835
0.8886666666666667
0.351
0.3456666666666667
0.30933333333333335
0.407
0.495
0.7293333333333333
0.8436666666666667
0.903
0.345
0.317
0.31
0.38366666666666666
0.49133333333333334
0.6526666666666666
0.7303333333333333
0.799
0.311
0.39866666666666667
0.335
0.3566666666666667
0.536
0.65
0.786
0.8736666666666667
0.338
0.31666666666666665
0.3396666666666667
0.46166666666666667
0.5873333333333334
0.7066666666666667
0.8163333333333334
0.878
0.341
0.33066666666666666
0.31433333333333335
0.4256666666666667
0.544
0.718
0.8276666666666667
0.8776666666666667
0.2703333333333333
0.30233333333333334
0.3253333333333333
0.4686666666666667
0.5993333333333334
0.7606666666666667
0.836
0.8643333333333333
0.3576666666666667
0.296
0.37033333333333335
0.36533333333333334
0.49733333333333335
0.7486666666666667
0.8443333333333334
0.9
0.30666666666666664
0.35
0.314
0.3506666666666667
0.5786666666666667
0.7213333333333334
0.8043333333333333
0.8876666666666667
0.33766666666666667
0.3616666666666667
0.33566666666666667
0.397
0.6176666666666667
0.8093333333333333
0.8943333333333333
0.923
0.3363333333333333
0.3263333333333333
0.372
0.374
0.6276666666666667
0.8013333333333333
0.878
0.9173333333333333
0.324
0.32466666666666666
0.3586666666666667
0.465
0.6323333333333333
0.788
0.8726666666666667
0.9146666666666666
0.33166666666666667
0.35333333333333333
0.31833333333333336
0.408
0.6266666666666667
0.8046666666666666
0.8676666666666667
0.9143333333333333
0.3323333333333333
0.3436666666666667
0.358
0.372
0.5776666666666667
0.7573333333333333
0.816
0.8686666666666667
0.31366666666666665
0.3473333333333333
0.365
0.357
0.5633333333333334
0.6923333333333334
0.784
0.862
