0.34035326086956524
0.29891304347826086
0.34001358695652173
0.40523097826086957
0.5149456521739131
0.6864809782608695
0.798233695652174
0.8566576086956522
0.328125
0.3502038043478261
0.39402173913043476
0.43410326086956524
0.5866168478260869
0.7088994565217391
0.8203125
0.8780570652173914
0.3648097826086957
0.328804347826087
0.3685461956521739
0.43070652173913043
0.5295516304347826
0.6847826086956522
0.8063858695652174
0.8746603260869565
0.3383152173913043
0.3311820652173913
0.3372961956521739
0.46195652173913043
0.491508152173913
0.6793478260869565
0.7629076086956522
0.8162364130434783
0.3023097826086957
0.3335597826086957
0.35835597826086957
0.38315217391304346
0.477241847826087
0.6280570652173914
0.7248641304347826
0.7900815217391305
0.3498641304347826
0.31827445652173914
0.3485054347826087
0.3804347826086957
0.4466711956521739
0.5706521739130435
0.6487771739130435
0.7146739130434783
0.3264266304347826
0.30366847826086957
0.2914402173913043
0.47554347826086957
0.5186820652173914
0.631453804347826
0.7102581521739131
0.779891304347826
0.3172554347826087
0.3108016304347826
0.37533967391304346
0.37296195652173914
0.5597826086956522
0.7027853260869565
0.8165760869565217
0.873641304347826
0.3023097826086957
0.350883152173913
0.39877717391304346
0.4038722826086957
0.5876358695652174
0.7421875
0.8366168478260869
0.8936820652173914
0.34884510869565216
0.344429347826087
0.3797554347826087
0.4398777173913043
0.5139266304347826
0.6222826086956522
0.7775135869565217
0.860733695652174
0.3383152173913043
0.2982336956521739
0.3563179347826087
0.49116847826086957
0.6233016304347826
0.7265625
0.8121603260869565
0.8739809782608695
0.33559782608695654
0.40998641304347827
0.37907608695652173
0.5186820652173914
0.5587635869565217
0.7184103260869565
0.7944972826086957
0.837296195652174
0.3376358695652174
0.336616847826087
0.3383152173913043
0.468070652173913
0.48233695652173914
0.6430027173913043
0.7099184782608695
0.787703804347826
0.336616847826087
0.33254076086956524
0.33491847826086957
0.38620923913043476
0.5696331521739131
0.7326766304347826
0.8006114130434783
0.834578804347826
0.3617527173913043
0.3372961956521739
0.36379076086956524
0.42561141304347827
0.6239809782608695
0.7571331521739131
0.8386548913043478
0.8899456521739131
0.32302989130434784
0.3372961956521739
0.3423913043478261
0.390625
0.5675951086956522
0.7404891304347826
0.8389945652173914
0.9038722826086957
0.38552989130434784
0.27683423913043476
0.40998641304347827
0.40658967391304346
0.657608695652174
0.7649456521739131
0.8237092391304348
0.8739809782608695
0.34748641304347827
0.358695652173913
0.375
0.3515625
0.5652173913043478
0.725203804347826
0.7778532608695652
0.837296195652174
0.31589673913043476
0.32778532608695654
0.34341032608695654
0.3451086956521739
0.5380434782608695
0.6745923913043478
0.7384510869565217
0.7856657608695652
0.35258152173913043
0.39809782608695654
0.37296195652173914
0.42289402173913043
0.5608016304347826
0.7523777173913043
0.8101222826086957
0.8675271739130435
0.34171195652173914
0.367866847826087
0.38315217391304346
0.375
0.5509510869565217
0.6762907608695652
0.7554347826086957
0.8471467391304348
0.32778532608695654
0.3461277173913043
0.32846467391304346
0.5302309782608695
0.5876358695652174
0.7109375
0.8260869565217391
0.8692255434782609
0.37533967391304346
0.34103260869565216
0.34646739130434784
0.5152853260869565
0.5648777173913043
0.7207880434782609
0.7992527173913043
0.8563179347826086
0.31148097826086957
0.3189538043478261
0.34884510869565216
0.45991847826086957
0.45040760869565216
0.6256793478260869
0.7214673913043478
0.7802309782608695
0.352241847826087
0.31997282608695654
0.37703804347826086
0.406929347826087
0.5947690217391305
0.7214673913043478
0.8155570652173914
0.8569972826086957
0.3576766304347826
0.2516983695652174
0.36990489130434784
0.3773777173913043
0.6610054347826086
0.7483016304347826
0.8468070652173914
0.9099864130434783
0.3658288043478261
0.37160326086956524
0.31351902173913043
0.3658288043478261
0.5037364130434783
0.6416440217391305
0.6953125
0.7873641304347826
0.34273097826086957
0.34748641304347827
0.33865489130434784
0.3498641304347826
0.4986413043478261
0.5760869565217391
0.6674592391304348
0.7190896739130435
0.36209239130434784
0.34646739130434784
0.3773777173913043
0.3532608695652174
0.4898097826086957
0.6430027173913043
0.7269021739130435
0.7897418478260869
0.406929347826087
0.3773777173913043
0.382133152173913
0.43546195652173914
0.6100543478260869
0.764266304347826
0.8080842391304348
0.859375
0.38654891304347827
0.335258152173913
0.33797554347826086
0.3515625
0.4735054347826087
0.5669157608695652
0.6508152173913043
0.6946331521739131
0.3111413043478261
0.3468070652173913
0.335258152173913
0.3529211956521739
0.4819972826086957
0.6131114130434783
0.6661005434782609
0.7510190217391305
0.3203125
0.3372961956521739
0.33627717391304346
0.49252717391304346
0.5135869565217391
0.6905570652173914
0.7516983695652174
0.8206521739130435
0.3389945652173913
0.34952445652173914
0.37703804347826086
0.34884510869565216
0.49660326086956524
0.5974864130434783
0.6508152173913043
0.7109375
0.33084239130434784
0.3179347826086957
0.3491847826086957
0.366508152173913
0.5268342391304348
0.6671195652173914
0.7180706521739131
0.7632472826086957
0.3726222826086957
0.3264266304347826
0.3828125
0.3984375
0.5947690217391305
0.7411684782608695
0.8012907608695652
0.8369565217391305
0.3189538043478261
0.31148097826086957
0.37092391304347827
0.42289402173913043
0.5985054347826086
0.7496603260869565
0.8512228260869565
0.8967391304347826
0.33695652173913043
0.3502038043478261
0.3311820652173913
0.3763586956521739
0.5193614130434783
0.647078804347826
0.7676630434782609
0.8695652173913043
0.34001358695652173
0.3389945652173913
0.3970788043478261
0.37839673913043476
0.5978260869565217
0.7571331521739131
0.8627717391304348
0.9215353260869565
0.31216032608695654
0.375
0.3345788043478261
0.36820652173913043
0.5373641304347826
0.7211277173913043
0.8284646739130435
0.890625
0.319633152173913
0.32235054347826086
0.3563179347826087
0.445991847826087
0.5336277173913043
0.6817255434782609
0.7819293478260869
0.8614130434782609
0.37296195652173914
0.30842391304347827
0.3468070652173913
0.39809782608695654
0.5495923913043478
0.7102581521739131
0.7965353260869565
0.8539402173913043
0.3216711956521739
0.3141983695652174
0.33186141304347827
0.43070652173913043
0.5869565217391305
0.7404891304347826
0.8525815217391305
0.9052309782608695
0.31997282608695654
0.33322010869565216
0.39504076086956524
0.5234375
0.592391304347826
0.756453804347826
0.8678668478260869
0.9103260869565217
0.343070652173913
0.29110054347826086
0.36990489130434784
0.39164402173913043
0.6501358695652174
0.803328804347826
0.8868885869565217
0.9330842391304348
