0.32846467391304346
0.3423913043478261
0.34171195652173914
0.358695652173913
0.45346467391304346
0.5536684782608695
0.6582880434782609
0.7218070652173914
0.2866847826086957
0.3125
0.36752717391304346
0.35360054347826086
0.5957880434782609
0.7112771739130435
0.8158967391304348
0.8678668478260869
0.31216032608695654
0.36379076086956524
0.3335597826086957
0.367866847826087
0.5302309782608695
0.6742527173913043
0.7730978260869565
0.8355978260869565
0.33186141304347827
0.29279891304347827
0.3216711956521739
0.3960597826086957
0.5278532608695652
0.6959918478260869
0.8182744565217391
0.8794157608695652
0.32778532608695654
0.34103260869565216
0.34952445652173914
0.3576766304347826
0.514266304347826
0.6535326086956522
0.7336956521739131
0.803328804347826
0.313179347826087
0.3539402173913043
0.33865489130434784
0.43172554347826086
0.5682744565217391
0.7241847826086957
0.806046195652174
0.8590353260869565
0.35427989130434784
0.35563858695652173
0.3359375
0.3461277173913043
0.5441576086956522
0.634171195652174
0.7299592391304348
0.7897418478260869
0.34816576086956524
0.3233695652173913
0.3624320652173913
0.34748641304347827
0.4969429347826087
0.6559103260869565
0.8050271739130435
0.850203804347826
0.352241847826087
0.30434782608695654
0.33695652173913043
0.3967391304347826
0.5329483695652174
0.6701766304347826
0.7272418478260869
0.7863451086956522
0.3298233695652174
0.34884510869565216
0.32133152173913043
0.37228260869565216
0.5016983695652174
0.5866168478260869
0.6582880434782609
0.7180706521739131
0.3070652173913043
0.3532608695652174
0.3389945652173913
0.4048913043478261
0.49558423913043476
0.6372282608695652
0.7384510869565217
0.7911005434782609
0.3250679347826087
0.33084239130434784
0.3172554347826087
0.33559782608695654
0.46467391304347827
0.5818614130434783
0.6294157608695652
0.6905570652173914
0.33186141304347827
0.3125
0.305366847826087
0.41066576086956524
0.509171195652174
0.6847826086956522
0.7377717391304348
0.7683423913043478
0.311820652173913
0.33627717391304346
0.3186141304347826
0.35495923913043476
0.477241847826087
0.5777853260869565
0.6521739130434783
0.7156929347826086
0.3328804347826087
0.31589673913043476
0.33491847826086957
0.40523097826086957
0.49898097826086957
0.6399456521739131
0.7109375
0.7778532608695652
0.3491847826086957
0.336616847826087
0.33152173913043476
0.4076086956521739
0.6494565217391305
0.8002717391304348
0.8692255434782609
0.9055706521739131
0.36345108695652173
0.328804347826087
0.33797554347826086
0.36345108695652173
0.5822010869565217
0.7353940217391305
0.8617527173913043
0.9164402173913043
0.288383152173913
0.31929347826086957
0.3101222826086957
0.3828125
0.5438179347826086
0.7286005434782609
0.8260869565217391
0.8641304347826086
0.30434782608695654
0.36039402173913043
0.3226902173913043
0.3766983695652174
0.5540081521739131
0.7058423913043478
0.7992527173913043
0.8804347826086957
0.31657608695652173
0.3305027173913043
0.4014945652173913
0.405570652173913
0.6222826086956522
0.7778532608695652
0.8393342391304348
0.8811141304347826
0.36990489130434784
0.3311820652173913
0.3094429347826087
0.40217391304347827
0.5591032608695652
0.7550951086956522
0.8627717391304348
0.9106657608695652
0.3216711956521739
0.328125
0.32235054347826086
0.34408967391304346
0.6056385869565217
0.756453804347826
0.8620923913043478
0.9052309782608695
0.33797554347826086
0.3451086956521739
0.3892663043478261
0.36277173913043476
0.556046195652174
0.6739130434782609
0.7340353260869565
0.8074048913043478
0.30095108695652173
0.31623641304347827
0.375
0.4045516304347826
0.5811820652173914
0.7785326086956522
0.8559782608695652
0.8930027173913043
0.33559782608695654
0.344429347826087
0.4093070652173913
0.40251358695652173
0.5047554347826086
0.6749320652173914
0.7459239130434783
0.8332201086956522
0.35495923913043476
0.33967391304347827
0.3155570652173913
0.4476902173913043
0.602921195652174
0.7608695652173914
0.8485054347826086
0.9011548913043478
0.3305027173913043
0.31351902173913043
0.30740489130434784
0.39266304347826086
0.5577445652173914
0.7340353260869565
0.8260869565217391
0.8834918478260869
0.32914402173913043
0.3063858695652174
0.34748641304347827
0.41066576086956524
0.5764266304347826
0.7843070652173914
0.8926630434782609
0.9276494565217391
0.3930027173913043
0.33967391304347827
0.32438858695652173
0.40115489130434784
0.584578804347826
0.7377717391304348
0.8400135869565217
0.8889266304347826
0.35054347826086957
0.36379076086956524
0.328125
0.36684782608695654
0.5016983695652174
0.6508152173913043
0.7992527173913043
0.865828804347826
0.3359375
0.34476902173913043
0.36447010869565216
0.39877717391304346
0.5628396739130435
0.7024456521739131
0.7771739130434783
0.8274456521739131
0.33322010869565216
0.31657608695652173
0.3148777173913043
0.38077445652173914
0.5101902173913043
0.6317934782608695
0.7065217391304348
0.7764945652173914
0.33322010869565216
0.3726222826086957
0.35190217391304346
0.3766983695652174
0.5866168478260869
0.7313179347826086
0.8121603260869565
0.876358695652174
0.3485054347826087
0.3413722826086957
0.3172554347826087
0.3858695652173913
0.6134510869565217
0.733016304347826
0.8250679347826086
0.8678668478260869
0.3383152173913043
0.32370923913043476
0.2992527173913043
0.3539402173913043
0.647078804347826
0.7690217391304348
0.8620923913043478
0.9065896739130435
0.28702445652173914
0.37907608695652173
0.36141304347826086
0.405570652173913
0.5815217391304348
0.7483016304347826
0.8301630434782609
0.8821331521739131
0.3515625
0.3498641304347826
0.35360054347826086
0.38179347826086957
0.5760869565217391
0.7214673913043478
0.8264266304347826
0.8722826086956522
0.3305027173913043
0.32302989130434784
0.3688858695652174
0.40625
0.5251358695652174
0.6708559782608695
0.7598505434782609
0.8230298913043478
0.3610733695652174
0.3648097826086957
0.3641304347826087
0.36922554347826086
0.509171195652174
0.6796875
0.8114809782608695
0.8726222826086957
0.3216711956521739
0.3294836956521739
0.32438858695652173
0.3305027173913043
0.48471467391304346
0.65625
0.7112771739130435
0.790421195652174
0.32302989130434784
0.32540760869565216
0.3406929347826087
0.34375
0.5360054347826086
0.7421875
0.8165760869565217
0.8661684782608695
0.33186141304347827
0.32710597826086957
0.28532608695652173
0.3685461956521739
0.5227581521739131
0.6436820652173914
0.7109375
0.7646059782608695
0.31691576086956524
0.37839673913043476
0.36209239130434784
0.39402173913043476
0.5078125
0.6990489130434783
0.8046875
0.8617527173913043
0.34103260869565216
0.2710597826086957
0.32370923913043476
0.37398097826086957
0.6046195652173914
0.8012907608695652
0.8807744565217391
0.9358016304347826
0.36209239130434784
0.33084239130434784
0.32710597826086957
0.40896739130434784
0.5383831521739131
0.7540760869565217
0.8661684782608695
0.9089673913043478
