1.34278578278735
1.5136465529976704
1.6940671000011207
1.705567429002258
2.071144852998259
2.718584833000932
4.694358480999654
9.753889885003446
1.2232879120019788
1.357434438999917
1.3079091660001723
1.5777578979977989
1.684416127998702
2.541696618001879
4.531498451000516
9.707567912999366
1.356181152001227
1.3591855060003581
1.3214255610000691
1.5592480630002683
1.7002869870011637
2.5390919460005534
4.508824665001157
9.658377499999915
1.3422316510004748
1.3514331160004076
1.3035564190031437
1.5448102690024825
1.7143449739996868
2.5409691109998676
4.417757994000567
9.77112291800222
1.3866340950007725
1.246053163002216
1.464815744999214
1.4226787640000111
1.8227169769998
2.4171725289997994
4.524614713998744
9.802025248001883
1.226037455999176
1.3443346160020155
1.3159735329973046
1.572181161998742
1.683084329997655
2.535174789998564
4.363242284998705
9.817089116997522
1.3681792640018102
1.2256290619989159
1.4547778889973415
1.451683535000484
1.81059225199715
2.3791725839982973
4.539070893999451
9.692313147999812
1.3667824830008612
1.224975170000107
1.4479756879991328
1.4143058580011711
1.853956131002633
2.3883710150003026
4.496494702001655
9.796474207996653
1.2136998530004348
1.3568169550017046
1.4637262850010302
1.4216266949988494
1.838502687998698
2.4001301579992287
4.524453041001834
9.788257412998064
1.2346084099990549
1.3800826750011765
1.453899789001298
1.47017514700201
1.8158831740001915
2.4205430029978743
4.529663763001736
9.817312183997274
1.2450569319989881
1.3601410419978492
1.4631144289996882
1.423958601000777
1.8364184439997189
2.4115598989992577
4.523205893001432
9.801819678999891
1.3326586309995037
1.210459924001043
1.4328478559982614
1.4274231339986727
1.8233735179965151
2.5435988370009
4.41336386599869
9.870670587002678
1.3352841819978494
1.2406280710019928
1.4861322630022187
1.4216325109991885
1.8643480040009308
2.3883249030004663
4.525415996002266
9.809494437002286
1.3415964819978399
1.2365743249974912
1.464358576999075
1.4389431499985221
1.854568441001902
2.4961344100011047
4.424396965998312
9.859512269998959
1.2374923099996522
1.3673659990017768
1.4331658320006682
1.406111628999497
1.8608676430012565
2.420114222000848
4.515083321999555
9.779188330001489
1.3603118009996251
1.1988948729995172
1.5136023470004147
1.4481044099993596
1.8627350139977352
2.51590400999703
4.406291715000407
10.08306114899824
1.5179145820002304
1.4383436159987468
1.7145377499982715
1.8356361679980182
1.9413000139975338
2.748465930999373
4.389377573999809
9.804687652998837
1.3594829869980458
1.3812273680014187
1.3081135449974681
1.581159426998056
1.8243715490025352
2.42893565200211
4.5069696709979326
9.813769676002266
1.3643541220008046
1.249177318000875
1.4527633220059215
1.4486452830024064
1.8512485600003856
2.5199213220039383
4.370838189002825
9.84899258799851
1.2348083319957368
1.3560080500028562
1.454071706997638
1.4295906679981272
1.8609861209988594
2.4248564259978593
4.545350031003181
9.863355498004239
1.35909620700113
1.3374395259961602
1.336602536997816
1.5671520460018655
1.8254550470010145
2.3907008329988457
4.552480033002212
9.782605599000817
1.395324775003246
1.3602797909989022
1.3165833330058376
1.5764705110050272
1.717817731994728
2.5257131489997846
4.519649820002087
9.651834731004783
1.3709536349997506
1.328515959001379
1.304021420000936
1.5845758930008742
1.858356166005251
2.395778860998689
4.533291020998149
9.839397775998805
1.334633169004519
1.2313289890007582
1.4553982940051355
1.5381753760011634
1.834050624005613
2.3975960360039608
4.529152584000258
9.803687805004301
1.3532953960020677
1.2171243499979028
1.4469398020009976
1.5393182450061431
1.8350257350030006
2.396957847995509
4.49902185099927
9.878709209995577
1.1970991659982246
1.3967344499978935
1.4442835490044672
1.4192720050050411
1.8824977399999625
2.554060930997366
4.3912427030008985
9.837609763002547
1.3660219489975134
1.2159596370038344
1.4681765470013488
1.5314394170054584
1.7065262510004686
2.5756169369997224
4.486022087003221
9.670404731004965
1.34767778099922
1.3384424129981198
1.330135333002545
1.5438649010029621
1.6870212030044058
2.5680014999961713
4.52113819400256
9.677925160998711
1.3937871849993826
1.355171948998759
1.3241815010042046
1.552080161003687
1.6870595809959923
2.5077402539973264
4.3756216789988684
9.839758694004558
1.3373674979957286
1.216710365995823
1.4350899639975978
1.539117537002312
1.6930799790061428
2.5515651910027373
4.51977813099802
9.685605783000938
1.3388838669998222
1.3597003609975218
1.5492815809993772
1.8405651089997264
1.951553380000405
2.7271741030053818
4.77694033899752
9.953423213999486
1.6136171329999343
1.5466733140056022
1.3442042840033537
1.5289870720007457
1.690902497000934
2.5113634610024747
4.3805279419975705
9.79500851299963
1.352187063996098
1.2251666270021815
1.4364928260038141
1.5792926319991238
1.6681648269950529
2.5352686059995904
4.392603444997803
9.788343243999407
1.3381880169981741
1.2348829320035293
1.4368217840019497
1.416600329001085
1.8298840789939277
2.5225241059961263
4.392884915003378
9.805373228002281
1.3569241980003426
1.2211725719971582
1.473219997002161
1.417176165006822
1.842086892997031
2.5342411210003775
4.345910162002838
9.772640655995929
1.2326848310040077
1.3804263330021058
1.4211499390003155
1.4224851330000092
1.8121560220024548
2.4188541789990268
4.514539219002472
9.646679304998543
1.3484105980023742
1.2228566779958783
1.4272426410025219
1.4484865330014145
1.8111843449951266
2.3859086079974077
4.532371109999076
9.832768459993531
1.2313073059995077
1.3245044280047296
1.3298385570014943
1.5612816290013143
1.8695521620029467
2.3947636790035176
4.529764332000923
9.673766498002806
1.3102676819980843
1.2371641690042452
1.4335159640031634
1.5712415279995184
1.7258432439994067
2.5020370580023155
4.362535225998727
9.760936448998109
1.3403165690033347
1.2305322959946352
1.4422941649972927
1.5492011870010174
1.6983033850046922
2.5156080029992154
4.390805183997145
9.825701349000155
1.3663495030050399
1.2351458449993515
1.4613489030016353
1.4406713110001874
1.9095753829969908
2.3968467849990702
4.541868897998938
9.74111599400203
1.2533824849961093
1.3421675749996211
1.428176405999693
1.447456121997675
1.81171314400126
2.4195617680015857
4.514044939998712
9.832080621003115
1.2113179010048043
1.3194733880009153
1.4266205899984925
1.4030263669992564
1.830345258997113
2.409643075996428
4.519168627004547
9.77520703600021
1.3405870040005539
1.2392397369985702
1.4623157109963358
1.565884076000657
1.6852299070014851
2.531468278997636
4.518060239002807
9.639903154995409
1.3690441839935374
1.3485242989991093
1.3065088329967693
1.5600609660032205
1.8014992809985415
2.5150758730014786
4.393675241000892
9.814190060998953
