3.3019097493379377
3.672016558004543
6.675719559347878
6.125046428991482
8.785630994670404
9.738589669655388
24.195431792002637
47.518576563995644
3.343393341987394
3.4738653666766672
8.237526575976517
7.01059988833731
8.70392343432953
10.786437240021769
27.93515883733441
53.7880638683176
2.8013426636656127
3.575438557677747
7.195901776993803
6.273632456335084
7.702148719322092
11.951082662330009
23.365112665322766
56.95563263898172
3.5867446699994616
3.35660995967919
7.639440326660406
8.195807288691867
9.307797351677436
16.459747664339375
23.01492348969138
59.92902281633966
3.76232503298282
3.3029707749956287
9.677562674003033
6.512366681689552
9.58453301367505
11.36021195400584
35.23825452434054
56.877212884661276
3.3139968756974363
3.1218208289938048
7.617591314308811
7.30759065367359
9.031096114000926
13.91942162301469
29.493754638320144
69.34558583334244
3.2311235496696704
3.0351605023412653
6.793186761671677
5.074112962329916
7.162700978689827
12.302355566003826
20.581214923004154
56.85853836033493
2.7376925790255577
2.6748565293382853
5.500737702997867
4.759254964650609
7.180448378339254
13.308685603687385
20.617693947996788
63.069627364340704
2.657810587028507
3.1850148589971163
4.835670644689041
6.821029695682228
8.710479024991704
9.20050715166144
22.97042411499812
53.77009253500728
3.447545964658881
2.657398644660134
6.243826960329898
6.109532929995718
6.626579605333973
11.777453691019522
19.322290868983448
59.94429348768123
2.607550677649366
2.5578153506697467
6.651162502996158
5.95223389401023
8.54726727301022
10.746629342339778
22.983964113014128
47.52217386564007
3.2324637346706973
2.7815037866627486
5.983114935341291
5.96718126667353
6.628510027677597
9.725724943680689
19.32642961066449
63.1416811493109
3.257392327999696
2.9966311263269745
6.057278889347799
7.248131928655009
7.2096173303434625
14.916191513999365
25.505320902680978
50.62942353397375
3.41102384502301
2.576375442983893
6.064388239639811
5.246546799646846
6.32150001602713
11.335357765337298
19.477262429679588
50.55204173202704
3.322619296319317
3.31475609067517
6.894474889656219
6.28856023432066
7.720702961300655
14.444548606329286
30.331755303331494
50.710655708661456
3.2170210523181595
3.6744820953463204
7.435203296345814
6.953919846001857
7.172428226001405
10.76430467601555
21.998346600332297
47.66466608135185
3.0785642726890123
2.9034646960014165
5.277214100991841
5.136580466661447
6.9323639810124105
9.786320481643392
20.59382081233586
44.378381522993244
3.614653859656149
3.6407273310081414
7.450230346313522
6.464554549350093
7.966648855304811
9.747371528336467
19.276889539672993
50.67700272499739
2.8470544926434136
2.9080494583079903
6.244862814996547
5.451621700000639
8.740034603028713
11.314244457016079
20.653752545341074
50.921925852657296
3.818048089684453
2.557733796633935
5.958503594330978
7.025156686004872
9.027892772030706
11.818778893658115
29.115169649672072
47.54120571629998
3.0674168189871125
2.9499667116712467
7.730312723336586
6.103902663996753
8.773618987994269
12.322849659986483
19.371083052673686
50.613503704332594
2.738789604996176
2.6754138456696333
6.375712518347427
6.6305157116536675
6.325953803335627
10.784241492665993
25.478102703016095
47.748960517327454
3.1085335339885205
3.45509991668708
5.458758759991421
6.631992518998838
6.867123566645508
10.26854767233211
24.22289788201063
44.281105745292734
3.066891771333758
2.558831244959341
6.641760981680515
6.115967952665717
7.144931340687132
10.266590138315223
24.216255481005646
47.58118372767543
2.406355862680357
2.881367981007012
6.744533644329446
6.201911238662433
5.794278772664256
11.27594926363478
24.266739620652515
59.99298739200458
3.792294180680377
4.111246387319018
8.774937729001977
6.7705888503308715
8.236959425674286
10.723815063305665
21.78555511268011
50.63928183798756
3.1600405686573745
3.553184239329615
8.331014542355357
7.295611704020605
7.934547426004428
14.388458347665923
24.252833741658833
50.73337525734678
2.7731880893309913
2.7901779616756053
5.569067067330859
6.905923382010466
7.921447481339176
12.809335973637644
25.566754186661758
50.76088535234643
2.5580935290199704
3.3795659596604914
7.440914175317933
6.625007191013235
6.841820637656686
11.306688108345648
23.44564879666238
60.08333804400172
2.8421851313323714
3.223645210984008
7.253266794995095
6.437904494659354
10.123201047012117
16.473167658337236
25.447419477975927
44.49164977433005
3.25782949232962
3.2755726123577915
7.4040297016811865
7.285967454003791
9.565376777997395
18.121829453331884
19.36024159466615
56.994173582662675
3.280938413712041
2.8384091349629066
6.306157702347264
7.115618201671168
6.830696294336424
11.27948639834843
24.71912712000388
75.70339195864896
2.972446484665852
2.972104588310079
8.62622348102741
7.152639898684963
7.728940500994213
11.257661599995723
26.757896449998952
57.0580951233278
3.1792109403565214
3.343974935996812
6.974461958336178
5.760062076015553
9.017488380311988
11.797684577351902
24.232195405658178
50.74212658966038
3.4123650993375727
2.5691425589999803
8.473681315643868
6.919083023346805
8.505500196983727
12.826121754342845
28.00928318067842
54.26142894466951
3.1558647153239385
2.996609427675139
5.957700543338433
6.281478821649216
6.363669700998192
11.320863717002794
20.594996897678357
50.73001740362573
2.8940242056851275
2.994104306679219
7.575235447652328
6.330637845327146
8.17835007167499
11.334821799653582
23.042477777654614
47.6061953669996
3.5532521919813007
3.4231021299880617
5.793511867659011
7.837552399665583
7.442686852319942
11.789417074682811
23.120481996331364
57.17092305899132
2.662916444649454
2.8834546583433016
6.760255138021118
7.417105720320251
8.47630265498689
12.909905930340756
21.907316939653054
57.11673054399822
2.606740038318094
2.5380641173493736
8.012365964318937
7.09879133834814
9.04203652734092
11.267731319647282
24.2830763773333
60.21069182568075
2.5446700649918057
3.390603874984663
8.040917974353457
6.372289352681643
9.267308433016296
12.835475460335147
26.75351139367558
47.70703213299081
3.4328067479849174
3.1801037680124864
5.743616612666908
8.1494502236795
8.203085363008237
13.401894090988208
29.675952653982677
69.7772459636714
3.0208207566368706
3.8796977659803815
6.261210989672691
6.258277668016187
9.020874121323383
13.348643074665839
19.388359567344498
57.15823650268916
2.979006735336346
4.1435867503363015
7.251255562005099
5.764053241000511
7.679203110999272
11.308128909673542
21.820542967664853
57.094368110663105
3.6779883103251145
3.120598862025266
5.089294750980723
6.469480684647958
8.2207802113262
10.760143196346084
20.595467980349593
41.722406981318876
