0.24795262701809406
0.24527822504751384
0.24788932601222768
0.24659312597941607
0.3488497770158574
0.6555919339880347
1.8826827590237372
5.645093469996937
0.2448858249699697
0.24449592403834686
0.24598192499252036
0.24591092497576028
0.347837976005394
0.756336583988741
1.981360304984264
5.64757465798175
0.2449535239720717
0.24622772401198745
0.24564232397824526
0.24742552504176274
0.3498325769905932
0.7563910820172168
1.8813543489668518
5.545621793018654
0.2452845239895396
0.246113623958081
0.24588132300414145
0.24641762400278822
0.34805397503077984
0.7552118790335953
1.9826439949683845
5.74362647900125
0.24726892402395606
0.24559182295342907
0.24565012304810807
0.24843322404194623
0.3491799740004353
0.7548787770210765
1.9828018909902312
5.743087865004782
0.24492802197346464
0.24963382398709655
0.2462839230429381
0.24639302300056443
0.3486781729734503
0.7560297760064714
1.9808088850113563
5.6474660050007515
0.24448372097685933
0.2462795220199041
0.255477525992319
0.24677112302742898
0.35388617601711303
0.7554287749808282
1.9823409810196608
5.844787389971316
0.2447049209731631
0.24676532205194235
0.24511712096864358
0.24615792196709663
0.34772497101221234
0.7549742719857022
2.0853754279669374
5.745757127995603
0.24587682099081576
0.2455612199846655
0.24575122102396563
0.24582422099774703
0.34967527200933546
0.7550289710052311
1.8866251269937493
5.548682119988371
0.25208852399373427
0.2449415199807845
0.24929112201789394
0.24619681999320164
0.3494055710034445
0.7549915689742193
1.883934320998378
5.4449693580390885
0.24567892000777647
0.24711061996640638
0.24668732000282034
0.24629191996064037
0.34841997001785785
0.7562467679963447
1.9821834650356323
5.544975996017456
0.24517341901082546
0.2454260200029239
0.24578261998249218
0.24590231897309422
0.3532331709866412
0.7553420669864863
1.8828381130006164
5.649087535974104
0.24625501898117363
0.24550741800339893
0.24532901897327974
0.24635431898059323
0.3497857699985616
0.7574171660235152
1.8825233089737594
5.744845570996404
0.245559818984475
0.24849552003433928
0.24500171799445525
0.2459724180516787
0.34821766696404666
0.7548633640399203
1.8802781049744226
5.542133763025049
0.245061817986425
0.24552051798673347
0.25161642098100856
0.24713241797871888
0.35710757097695023
0.7551464620046318
1.9816026499611326
5.643928801990114
0.24721951800165698
0.24457971699303016
0.24639601801754907
0.2478667179821059
0.34971946699079126
0.7546995599986985
1.984789447975345
5.651078495953698
0.2449768169899471
0.24585241702152416
0.24620941805187613
0.24714121798751876
0.3505502669722773
0.7548919600085355
1.9818708440288901
5.946669126977213
0.24621061701327562
0.2456202160101384
0.24497951596276835
0.2456011170288548
0.3478027649689466
0.7553449589759111
1.983532240963541
5.746770122030284
0.24667721596779302
0.24723451700992882
0.24813231697771698
0.2475239170016721
0.3506208650069311
0.7547567560104653
1.8828039889922366
5.644887464004569
0.24657321599079296
0.2466168159735389
0.24701491597807035
0.2459744150401093
0.3486930640065111
0.75703485700069
2.081636079994496
5.945054796000477
0.24519911501556635
0.24500341503880918
0.24537681502988562
0.24592521600425243
0.34800766402622685
0.7552851539803669
1.9816468300414272
5.74566459399648
0.2532245190232061
0.24620771600166336
0.24591011501615867
0.24857341696042567
0.3480470629874617
0.758302555012051
1.9822772269835696
5.74813478597207
0.24580931500531733
0.24843921599676833
0.24695821502245963
0.24896081601036713
0.35200956399785355
0.7540041520260274
1.8881165809580125
5.646845929964911
0.24609871400753036
0.2456023140111938
0.24444331298582256
0.24811941501684487
0.34887536201858893
0.7541076500201598
1.9862567239906639
5.545308274042327
0.24692191398935392
0.24692011496517807
0.245089314004872
0.24607291398569942
0.3480109619558789
0.6546452030306682
1.8820903719752096
5.544752267014701
0.24525571300182492
0.24473721295362338
0.24540161300683394
0.24630601302487776
0.3477538609877229
0.7536034479853697
1.8821910699480213
5.6439371049636975
0.24513881298480555
0.24449951201677322
0.24527891300385818
0.24750771396793425
0.34803016000660136
0.7576890490017831
1.9809030129690655
5.745412343996577
0.24558371299644932
0.24464391299989074
0.24556891300017014
0.24540731200249866
0.3506205609883182
0.7545713470317423
1.984433610981796
5.7554568410268985
0.24625311297131702
0.2458266129833646
0.245082912966609
0.2510345150367357
0.3618060660082847
0.7547365460195579
1.9889023110154085
5.74418462801259
0.24555881298147142
0.24553571199066937
0.24555901298299432
0.2466178130125627
0.3484894590219483
0.7536357449716888
1.9807142039644532
5.7445990209816955
0.2478198129683733
0.24468311097007245
0.24489321204600856
0.2452369109960273
0.3494172589853406
0.7546918439911678
1.882073857006617
5.745015214022715
0.24520241102436557
0.24762971297604963
0.24587781098671257
0.245166310982313
0.3495934579987079
0.7591955450479873
1.9809446989675052
5.75332251098007
0.2471021119854413
0.24498751101782545
0.24529941094806418
0.2456410110462457
0.348180458007846
0.7557010420132428
1.9813013970269822
5.644010054005776
0.2451928110094741
0.24407751095714048
0.24476340995170176
0.24854261201107875
0.34780255699297413
0.6538887950009666
1.981388594955206
5.540900100953877
0.24827831197762862
0.24559321097331122
0.24484980996930972
0.24531441100407392
0.3470773570006713
0.7534883390180767
1.9831236940226518
5.6589622480096295
0.24695331195835024
0.2444680099724792
0.24600031098816544
0.246074311027769
0.35391445900313556
0.7553175399661995
1.9820850910036825
5.642924535030033
0.24533430999144912
0.24446530995192006
0.24572450999403372
0.2455670100171119
0.35629155999049544
0.7540724379941821
1.8807752440334298
5.643920428992715
0.24690980999730527
0.24548560997936875
0.24450960999820381
0.24633921100758016
0.3494852570001967
0.7662660430069081
1.8825176419923082
5.546639279986266
0.24458370998036116
0.24675251101143658
0.24790631100768223
0.24580270901788026
0.34714675502618775
0.6552013920154423
1.881610440032091
5.444210328976624
0.2467201100080274
0.24671361001674086
0.24518340901704505
0.2451544090290554
0.3472944549866952
0.7543481360189617
1.8828402389772236
5.648797614034265
0.24402590800309554
0.24558040901320055
0.2451209090068005
0.24775850999867544
0.3491276549757458
0.7549207350239158
1.9813400809653103
5.549108663981315
0.24557880900101736
0.24522230902221054
0.2462800089851953
0.246189009048976
0.34817735402612016
0.7545583350001834
1.8801654339767992
5.544378157006577
0.24662790895672515
0.24480860895710066
0.2448035089764744
0.24872060999041423
0.3492708550184034
0.7545614339760505
1.8802225320250727
5.543771152035333
0.24547350796638057
0.2445809079799801
0.24499240797013044
0.2458060090430081
0.35060565499588847
0.7546600339701399
1.8852085329708643
5.543759647000115
0.24492600798839703
0.2446567079750821
0.24635180900804698
0.24581690796185285
0.34733545302879065
0.7543997319880873
1.9819841739954427
5.643915886001196
