3.4777613170444965
5.203867524047382
12.013151730992831
1.9036322109168395
15.177069649915211
17.629843379021622
21.762527997023426
24.018173707998358
1.895110265002586
2.870975925005041
13.19397163495887
2.029935077065602
16.19628818205092
18.95359532907605
26.20815425098408
45.829412344959565
2.2617527979891747
1.8128303589764982
12.21084769803565
4.4318863219814375
5.725140276947059
18.232539296965115
25.730490491027012
34.878828356042504
3.520468726987019
3.5254473380045965
2.793479301966727
4.2972965580411255
1.9967681120615453
17.794235206907615
17.636461014975794
31.32513547700364
3.5748932380229235
2.2184220750350505
11.2903769769473
2.885406285058707
4.60080559598282
17.801554118050262
25.35272876592353
29.932014517951757
1.7927600420080125
2.726310899015516
8.109183022053912
2.9807638350175694
2.120399452978745
18.495682754088193
22.323844780912623
32.79210094700102
3.5640320680104196
4.947046231012791
1.9197601319756359
1.9123780679656193
3.579167361021973
17.89668212190736
14.315420927014202
32.95423000201117
4.22517314797733
2.0775809119222686
16.532546838046983
2.231564774061553
17.636988419108093
20.23582312592771
26.620043756091036
35.933971374994144
2.788524602074176
3.237204334931448
1.980057317065075
6.939932103967294
15.675260577001609
18.488601460005157
25.46359968499746
23.985419851960614
3.5876729309093207
2.21041108306963
9.282010041060857
2.9818954330403358
19.147938388050534
22.110799516085535
32.01533482503146
50.72812809306197
2.568382324068807
2.1221046770224348
8.254527608049102
14.043427660013549
6.015762637020089
17.332547926926054
24.696002820972353
30.935755085083656
2.6018679830012843
1.7448723450070247
5.53102003398817
4.237128337961622
15.053531653014943
17.57819400797598
22.51268852094654
38.42545613902621
2.181454961071722
1.7471277659060434
14.053553191013634
3.329337888979353
2.029230260057375
17.56606606801506
24.953979387064464
32.599377284990624
2.5615561419399455
2.1339583109365776
10.816672623041086
9.790533474995755
14.863388715893961
17.448667963966727
22.36449626996182
32.325176640064456
3.039673961000517
2.9826161740347743
4.220380980987102
2.7543678960064426
16.86056177795399
19.334929432021454
24.168263041996397
42.94676531292498
2.441808133968152
1.9173225170234218
2.08597594499588
7.736868269974366
16.353293368942104
18.932882498018444
26.247032386017963
40.93371064902749
4.105502808000892
2.262127303984016
1.950775447068736
2.9941944560268894
3.110096498974599
18.051681295968592
25.351555381901562
28.507077009999193
3.747670760960318
2.7866355490405113
15.010163387050852
5.009019876015373
2.1175264719640836
18.564897914067842
23.00035330199171
42.42388406395912
2.3069034619256854
2.3678024930413812
1.9637114469660446
2.5436645779991522
15.985717297997326
18.55405022704508
25.7286342009902
45.18697371194139
3.683828186010942
1.8635154530638829
6.38167688890826
5.514675413025543
2.6667967069661245
18.302600699011236
22.325140152010135
22.613732357975096
6.887182236998342
2.126423408044502
5.001702037989162
2.8022491490701213
17.84554100607056
20.311456647934392
27.520571977016516
39.047789218020625
1.7981076360447332
3.5186889501055703
1.902652604971081
5.744878123048693
15.304520337027498
17.73929748404771
24.2004861170426
35.51916035800241
3.6336442430038005
2.2771961169783026
2.4633963940432295
3.963012150954455
2.1333059900207445
18.16212872590404
24.887928563985042
59.0393764229957
2.23769809899386
2.7353152440628037
2.3122336339438334
17.91961955197621
17.336462790030055
18.193121623946354
25.435572013957426
35.93159950093832
2.6518624540185556
2.650167897925712
14.260484441998415
14.449547739000991
9.175186454085633
17.75864322599955
25.18946679099463
28.587121310993098
3.086307808989659
3.646559529006481
2.219600289943628
6.161720443982631
17.59465427196119
20.049809462041594
27.34557110897731
38.85523960296996
1.7258889080258086
1.706519530969672
12.516639987006783
10.876849316991866
14.865134565043263
17.516450886032544
23.104393678018823
42.63553973601665
3.9002014020225033
3.4242103450233117
3.218085413915105
9.3912912880769
14.895386673975736
17.46050617704168
24.788668041001074
34.06434170296416
2.9742565690539777
2.5702519960468635
2.338095855899155
4.174539079074748
3.4593937159515917
17.518398549058475
20.612946671899408
20.645417304011062
3.4181266110390425
1.9492631109897047
2.1241315160878003
6.434837158070877
3.3264814900467172
19.370193946990184
26.439342178986408
42.72166175500024
2.2582214969443157
3.524591263034381
14.298853044980206
14.488436297979206
2.069888598052785
17.746644935104996
25.038460260024294
25.125761570991017
1.7347879760200158
1.7043301910161972
13.944172243005596
8.51751867798157
3.0039909300394356
17.665648531983607
24.80126295494847
32.63388469896745
3.1013318510958925
5.679862590041012
4.92585290397983
3.855285682948306
17.258241828996688
19.635319227003492
27.01931854709983
37.545303488033824
3.1086785829393193
1.7627464850666001
1.9430271909805015
6.646894140052609
7.0940432460047305
17.73457433108706
25.0872672930127
41.58441313204821
1.9785098669817671
2.507824881002307
2.1434492859989405
3.791350358980708
17.06148352602031
24.35203214897774
34.07942416809965
57.08232290693559
2.431190090952441
4.454878234071657
2.131690665963106
10.301327829947695
16.864800767973065
19.525206045946106
26.705662531079724
46.30118865601253
3.4889142429456115
2.305782158044167
1.6621190919540823
1.7210661999415606
13.674002944026142
16.16502838092856
23.462762968963943
42.81831724697258
1.852752338978462
2.250206166994758
11.44558939000126
2.0768880129326135
13.351218477007933
15.827719724969938
23.115098317037337
34.14214575092774
2.1504778729286045
1.3924131350358948
11.595149061991833
1.5716038140235469
12.502563365036622
15.077317434945144
22.399699646048248
41.710393092012964
1.8206639849813655
2.195495396037586
1.5915792919695377
12.18220211402513
13.02227882691659
15.51738423295319
22.64135741093196
39.48014838108793
1.4430289180018008
1.8231184129836038
3.5251165609806776
2.0122731580631807
12.880251966998912
15.368757548974827
22.686715153045952
42.01638875005301
2.7845404249383137
1.4414306079270318
4.600297775003128
5.419951322954148
12.4699341210071
15.082976876059547
22.4390036520781
41.80608594301157
3.021684948937036
3.834956136997789
4.569122344022617
7.3769845450297
14.658490372938104
17.226545037934557
24.625686224899255
41.460236240993254
4.479804276954383
2.030106952995993
1.7354171889601275
1.8001123720314354
14.169497568975203
16.735009144991636
24.013807705952786
43.63286255393177
1.5145215870579705
1.8870116010075435
2.037193958996795
3.824101716047153
13.42840071907267
16.038892376003787
20.183436228893697
24.39658790093381
