0.30670043748560905
0.3253511397651393
0.4070918719778955
0.7052728528666821
0.8653004835367257
0.9019111213446926
0.9401335482385448
0.9509555606723463
0.19232020826553856
0.2974292222583794
0.344126260982753
0.6446469248291572
0.8553530751708428
0.9222258379433778
0.9323136999674585
0.9506996420436056
0.32932862190812723
0.33780918727915193
0.3102473498233215
0.632979976442874
0.7856301531213192
0.9024734982332155
0.9333333333333333
0.9472320376914016
0.2853722246408359
0.2962559860687854
0.3188942098389203
0.4026991728341315
0.7644754026991728
0.8428384849804093
0.9029168480626905
0.9225076186329996
0.3116219667943806
0.3357051632913702
0.2461229702609013
0.5883962780514504
0.81317277869002
0.8865170589308521
0.9324940704251049
0.9405218025907681
0.3373737373737374
0.32702020202020204
0.31717171717171716
0.48813131313131314
0.7909090909090909
0.8661616161616161
0.9143939393939394
0.9426767676767677
0.37747089087462765
0.3024641213105876
0.3650148930408882
0.6536691037097211
0.8107229894394801
0.8800433252098565
0.9312212293528297
0.9393447062009207
0.36318145904661575
0.3294706347116144
0.36081116671056096
0.42375559652357125
0.8324993415854622
0.8938635765077693
0.9417961548590993
0.950750592573084
0.2538883128425418
0.26085024440823584
0.33891275366612356
0.6982669234187527
0.8626870093319509
0.9035698415049622
0.9167530736187232
0.9194193452821804
0.30515463917525776
0.36597938144329895
0.3511340206185567
0.7882474226804124
0.9049484536082474
0.9162886597938145
0.9418556701030928
0.9583505154639175
0.35333718022696675
0.3477591844585497
0.3306405077899596
0.6276206962877476
0.86266589728794
0.9020965570301981
0.9288324677822658
0.9449894210425082
0.2817942819585935
0.29148866250410777
0.30003286230693393
0.7109760105159382
0.8263227078540913
0.8848176141965166
0.936411436082813
0.9424909628655932
0.31785323110624314
0.29594742606790797
0.41467688937568453
0.6869660460021906
0.8490690032858708
0.9174151150054765
0.9178532311062432
0.952026286966046
0.2929269427640763
0.27175430432759423
0.3480688692415077
0.6740344346207539
0.8548161935784085
0.9236854350860866
0.9350860865518846
0.9543973941368078
0.2769195820081781
0.3384825079509314
0.3432530667878237
0.6728759654702408
0.8264425261244889
0.9241253975465697
0.9434348023625625
0.9520672421626534
0.2603336840523072
0.2505636554937622
0.33218097099053057
0.7859612205020292
0.8874192093792275
0.9258980910867278
0.9493461596272358
0.9505486246805952
0.38960297057983434
0.3818908883176235
0.36518137674950013
0.37574978577549273
0.8484718651813767
0.9004570122822051
0.9298771779491574
0.9473007712082262
0.3293193053618963
0.25060210419571555
0.3716567372290531
0.6341741665610343
0.8333122068703258
0.908860438585372
0.934212194194448
0.9438458613258969
0.48194095477386933
0.3222361809045226
0.4532035175879397
0.5841708542713567
0.8483040201005025
0.8954145728643216
0.9357726130653267
0.9561871859296482
0.37354532043927224
0.20439272250450746
0.38649401737420097
0.7069332896246517
0.881167021799705
0.9226356335027045
0.9360760531060481
0.9447631535813801
0.42707493956486703
0.5727639000805802
0.4409347300564061
0.6580177276390008
0.8517324738114423
0.901047542304593
0.9239323126510879
0.9455278001611603
0.36188982552440696
0.35542050578317974
0.3271907469123701
0.5883160164673593
0.7920015683199373
0.8557145657714174
0.910409723583611
0.9313860027445598
0.24565798263193053
0.2571810287241149
0.33917835671342683
0.719939879759519
0.8542084168336673
0.9091516366065464
0.9442217768871075
0.9483967935871743
0.31676740541750614
0.3178867248712783
0.3716140586523394
0.6691291694649653
0.7546451757331543
0.8800089545556302
0.9144839937318111
0.9357510633534811
0.37
0.3914285714285714
0.305952380952381
0.7023809523809523
0.8811904761904762
0.919047619047619
0.9435714285714286
0.9552380952380952
0.3025092936802974
0.37174721189591076
0.3896375464684015
0.6835501858736059
0.8849907063197026
0.9270446096654275
0.9574814126394052
0.9644516728624535
0.32681079375098626
0.35647782862553257
0.28878017989584975
0.45384251222976174
0.8261006785545211
0.876755562569039
0.9098942717374152
0.9394035032349692
0.31727574750830567
0.36710963455149503
0.33596345514950166
0.6428571428571429
0.8037790697674418
0.8938953488372093
0.916735880398671
0.925249169435216
0.2862167509342713
0.3233677731369532
0.3363376566278303
0.5141789404264674
0.8030336337656628
0.8744779072323587
0.8817322488459002
0.9074521872939108
0.2686438856651623
0.31614012465076297
0.4227380184826993
0.6640876853642811
0.8037825059101655
0.9161831076724694
0.9398237696110037
0.9546529120997206
0.2631948097492548
0.24022444327546905
0.4378397334736104
0.6968262318078204
0.8129054883394704
0.9135542696826232
0.9438891811327371
0.9523058039628266
0.2799852832965416
0.5233627667402502
0.3285504047093451
0.6000735835172921
0.8384841795437822
0.8868653421633554
0.9096762325239146
0.9451802796173657
0.2884476534296029
0.26750902527075815
0.3574007220216607
0.40577617328519855
0.8364620938628159
0.8971119133574007
0.9362815884476534
0.9285198555956679
0.35095785440613025
0.32081736909323116
0.5139208173690932
0.6840357598978288
0.8375478927203065
0.9213282247765007
0.9397190293742018
0.9555555555555556
0.3575516297586464
0.3468524508584225
0.40034834535954217
0.6932072654889276
0.8275690470266235
0.8987310276188106
0.9300821099776063
0.9422741975615825
0.3011727078891258
0.32196162046908317
0.3718017057569296
0.6380597014925373
0.8288912579957356
0.9077825159914712
0.9309701492537313
0.9504264392324094
0.5271580243114325
0.4452992768118172
0.2937374980766272
0.41652561932605014
0.8145868595168487
0.915371595630097
0.9156793352823511
0.944145253115864
0.29143105698129623
0.36755110917790346
0.3651587646802958
0.31470204436711613
0.8297085689430187
0.889734667246629
0.925184862983906
0.9327968682035668
0.38932686476652517
0.2868405093996361
0.26864766525166767
0.5065696381645441
0.7008287851222963
0.8318172629876693
0.881746513038205
0.8904386496866787
0.22557422008913267
0.3421323277339733
0.27099760027425435
0.6148440178265341
0.8249914295509084
0.8911552965375386
0.911895783339047
0.9412067192320878
0.38233248319035473
0.2687224669603524
0.3582193368884767
0.5437050776721539
0.7904011129144447
0.8432645490377927
0.8868536981219569
0.9181544168792024
0.3074641621354424
0.2671774592189817
0.2842313395946614
0.5536332179930796
0.6426099851705388
0.8554127533366288
0.8959466139396935
0.9199209095402867
0.2893975903614458
0.2780722891566265
0.3840963855421687
0.576144578313253
0.8159036144578313
0.8869879518072289
0.9255421686746987
0.9375903614457831
0.2782377753476019
0.3211998125292923
0.4383690048429933
0.6458365880331198
0.8529917200437431
0.9187626933291673
0.9348539290735822
0.9546945789720356
0.5176296296296297
0.3002962962962963
0.23437037037037037
0.5096296296296297
0.790962962962963
0.8457777777777777
0.9177777777777778
0.9314074074074075
