0.3732863670982483
0.3175932977913176
0.35976770753998477
0.5584539223153084
0.6278560548362528
0.7152513328255903
0.7875095201827875
0.8266374714394517
0.4303907380607815
0.3508924264351182
0.4099372889532079
0.45653642064640615
0.5733719247467438
0.6782440906898215
0.762469850458273
0.8048239266763145
0.3157840616966581
0.3952699228791774
0.37480719794344475
0.4750642673521851
0.6390745501285348
0.7107455012853471
0.7747043701799485
0.8147043701799486
0.39332234130255567
0.3293487221764221
0.3530090684253916
0.4201154163231657
0.5728771640560594
0.6798021434460016
0.7615004122011542
0.8150041220115416
0.386
0.3572
0.4441
0.4347
0.5847
0.7004
0.7646
0.799
0.3545892749548102
0.424984936734284
0.3636272343844145
0.4586262301667001
0.6223137176139787
0.7110865635669813
0.781180960032135
0.81241213094999
0.39087301587301587
0.35735171261487053
0.4283625730994152
0.45384294068504594
0.5846908939014203
0.7025898078529658
0.7602339181286549
0.8034670008354219
0.43584690384814856
0.3852297479514573
0.43678041696919406
0.45513950834975625
0.6030494761954154
0.6722331708329011
0.7600871278912976
0.8090447049061301
0.4203477913252049
0.4180491704977014
0.45422746352188687
0.4521287227663402
0.589546272236658
0.7462522486508095
0.8118129122526484
0.8567859284429342
0.40390775144138374
0.33376040999359385
0.45878710228486014
0.5897928678197737
0.6392269912449284
0.7532564595344864
0.808242579543028
0.8478539397821909
0.35935774360717015
0.3382890153767734
0.38968651771302354
0.49953274997876135
0.561549570979526
0.7442018520091751
0.7942400815563674
0.844618129300824
0.41022715485945443
0.4118867337413131
0.3714344984960066
0.5202779794627114
0.6407011720775854
0.7453583653148014
0.810808007468105
0.8593506897624728
0.3595166163141994
0.3002396082925305
0.4350453172205438
0.5208875924575477
0.6188144598395666
0.7292426294405667
0.8185227627877903
0.8473799354099385
0.3393728979060432
0.37257242052728656
0.4377780188781599
0.5063469675599436
0.614191168493002
0.7545839210155149
0.81490723662797
0.8500596723445807
0.3400129282482224
0.3076923076923077
0.4244774833010127
0.5713208360267183
0.625511743158802
0.742296918767507
0.8041370394311571
0.8464770523594053
0.3681586647881218
0.3465915248726563
0.406632708355912
0.5235721252844912
0.6355261731873848
0.7695892489433185
0.8246450634008887
0.861926953506015
0.36614511691884455
0.33253094910591474
0.4076685006877579
0.46440852819807427
0.6256877579092159
0.7426925722145805
0.8180020632737276
0.8554848693259972
0.4011786992212166
0.3564512734161229
0.3765523047779415
0.49105451483898127
0.6301831193432962
0.7606819616922753
0.8316143969690591
0.8599242264786361
0.42917547568710357
0.3989429175475687
0.3732558139534884
0.5297040169133193
0.5993657505285412
0.7144820295983086
0.787737843551797
0.8325581395348837
0.4018506278916061
0.3435778805904384
0.4293897334214585
0.4980171844018506
0.6091650143203349
0.7246089447014761
0.802048909451421
0.855034148490857
0.42764956797550036
0.38652521054358524
0.4761019359072515
0.45936782237777535
0.5677567538007219
0.7116920048124248
0.7840971234824455
0.8286120529366728
0.31368267831149926
0.29639737991266374
0.374363173216885
0.49153930131004364
0.6573871906841339
0.7236171761280932
0.7973071324599709
0.8394286754002911
0.4412096592191379
0.4065673662830061
0.3856917174452719
0.5315955766192733
0.6746784021665538
0.7561498533062514
0.8194538478898669
0.8480027081922816
0.26598639455782314
0.3329931972789116
0.43741496598639457
0.5126984126984127
0.632312925170068
0.7570294784580499
0.818140589569161
0.8478458049886621
0.4191751599905191
0.35126807300308127
0.3820810618630007
0.4774828158331358
0.6561981512206684
0.7579995259540175
0.8051671012088173
0.8511495615074662
0.3865694460778549
0.4112666117840762
0.4419616605903799
0.6073150652710808
0.6410678584029166
0.7710219922380336
0.8155944960602141
0.853110666823474
0.3884796307801544
0.33593680660335495
0.42531286056625545
0.44368509807402146
0.568829324576196
0.706399218958019
0.779000621283394
0.829857104819384
0.3941202672605791
0.360445434298441
0.3974164810690423
0.5464587973273942
0.6383964365256125
0.7493095768374165
0.8035634743875278
0.8443652561247216
0.3436318362076916
0.40662178363921425
0.43834732085216266
0.4518122290878908
0.6044452642257678
0.7123489809093424
0.8042054781886931
0.8394355805588859
0.4053905390539054
0.3250825082508251
0.4213421342134213
0.5067840117345068
0.589017235056839
0.7272643931059772
0.7991382471580492
0.8364503116978365
0.3783397471137988
0.3479934029686641
0.43628367234744364
0.5078614623419462
0.6752061572292468
0.7508521165475536
0.8064870808136338
0.8510170423309511
0.3577413060943418
0.30483186043842536
0.4438195799380236
0.5429817514059452
0.6595891197061862
0.7449787673591186
0.8133823023068978
0.8545851027200735
0.4008885850991114
0.46058327637275004
0.4153565732513101
0.4935064935064935
0.663362952836637
0.7455001139211666
0.8143084985190249
0.8544087491455913
0.31887902202744783
0.35878214738784453
0.44470072655979703
0.6082343443662784
0.7079921577672702
0.7521623803482874
0.8282781686080037
0.8587244839118902
0.4412774725274725
0.3985805860805861
0.47928113553113555
0.47676282051282054
0.6045100732600732
0.6909340659340659
0.7826236263736264
0.8171932234432234
0.3698826909265023
0.32870481206607616
0.3976538185300455
0.5553028489346421
0.5803208044050754
0.7378501316734498
0.8072779506823079
0.8464208762269572
0.3434330466041854
0.3370137373218642
0.40659904994222623
0.42418795737578635
0.5216330722814225
0.6771087430992425
0.7397612016946976
0.7732699961484144
0.35921107847251366
0.34158623583718
0.39236256819135545
0.5396558959295006
0.6469436284795076
0.7277940970765142
0.8008113022800392
0.8311651979297804
0.3443583839229642
0.3652920242830228
0.37575884446305213
0.4290349591794013
0.6084362570651036
0.6962528783755495
0.7484823110738957
0.7993510571488381
0.3453663793103448
0.3455010775862069
0.44450431034482757
0.47737068965517243
0.6497844827586207
0.7347790948275862
0.7944504310344828
0.8270474137931034
0.36385803305337305
0.38417772961257113
0.40869683012733676
0.5025738282308317
0.6097263614196695
0.7060417231102682
0.7832565700352208
0.8152262259550257
0.3402857142857143
0.2985714285714286
0.41114285714285714
0.5102857142857142
0.6192857142857143
0.696
0.7432857142857143
0.7928571428571428
0.35258315640481247
0.3283793347487615
0.40396319886765747
0.4498230714791224
0.5985845718329795
0.6980891719745222
0.7559801840056617
0.7941967445152158
0.3683309557774608
0.3436519258202568
0.37089871611982883
0.4299572039942939
0.5582025677603424
0.6689015691868759
0.7499286733238231
0.7927246790299572
0.3553903345724907
0.3412639405204461
0.3787573021773765
0.39766330323951143
0.5381837493361656
0.6303770578863516
0.7206585236325014
0.7841741901221455
