0.41446005065622843
0.3842965691918029
0.32558139534883723
0.2682477550080589
0.33202855169237855
0.6458669122726226
0.8266175454754778
0.9055952106838591
0.23006833712984054
0.24292222583794337
0.20891636836967134
0.20110641067360885
0.40595509274324765
0.527009437032216
0.8097949886104784
0.8952164009111617
0.2921083627797409
0.4058892815076561
0.2918727915194346
0.36560659599528855
0.3425206124852768
0.5366313309776207
0.8812720848056537
0.9187279151943463
0.2718763604701785
0.25293861558554637
0.3077927731824118
0.32999564649542884
0.3104048759251197
0.4244666956900305
0.7562037440139312
0.8508924684370919
0.2120051085568327
0.2120051085568327
0.25998905309250137
0.2340813720124065
0.5188834154351396
0.6367451195037402
0.5026455026455027
0.9060390439700785
0.3333333333333333
0.2873737373737374
0.29343434343434344
0.3505050505050505
0.3696969696969697
0.4820707070707071
0.8295454545454546
0.8707070707070707
0.30815055510425127
0.3149201191443271
0.3108583807202816
0.3942594096940157
0.4232331437855402
0.5020308692120228
0.8388843758461955
0.8998104522068778
0.35132999736634185
0.3210429286278641
0.3186726362918093
0.32288648933368447
0.43903081380036874
0.6570977087174085
0.8714774822228075
0.9101922570450356
0.528810546585691
0.26173900162938823
0.21818989779291956
0.21848615019997036
0.41105021478299514
0.695008146941194
0.8277292252999555
0.902384831876759
0.3670103092783505
0.3643298969072165
0.3014432989690722
0.3461855670103093
0.37443298969072164
0.5956701030927835
0.865360824742268
0.9364948453608247
0.27197537988074627
0.3881515676091556
0.3404500865551068
0.3881515676091556
0.3277553375649163
0.3881515676091556
0.8082323523754568
0.9026735910752067
0.2901741702267499
0.23266513309234307
0.2901741702267499
0.29033848176141963
0.4773250082155767
0.37380874137364445
0.8095629313177785
0.9176799211304634
0.30974808324205916
0.3031763417305586
0.3099671412924425
0.3053669222343921
0.38116100766703176
0.7456736035049288
0.8580503833515881
0.9191675794085432
0.25988832014890645
0.4169381107491857
0.25988832014890645
0.3117729176361098
0.4201954397394137
0.6126105165193113
0.8645881805490926
0.9248487668683109
0.32076328941390275
0.3182644252612449
0.3212176283507497
0.37346660608814175
0.37960018173557475
0.601317582916856
0.8805088596092685
0.9175374829622899
0.298061025101458
0.2125356981812716
0.2125356981812716
0.3580339696377574
0.36554937622125355
0.6266346009319104
0.8857658199308582
0.9218397715316399
0.22793487574978577
0.2133676092544987
0.28820337046558125
0.38131962296486716
0.31148243359040273
0.38417594972864894
0.8147672093687518
0.8763210511282491
0.2825453162631512
0.17923691215616683
0.1974901761947015
0.36848776777791864
0.40879705919634934
0.3194321206743567
0.41234630498162
0.9065787805805552
0.21733668341708542
0.5596733668341709
0.5400439698492462
0.249214824120603
0.5606155778894473
0.435929648241206
0.8173680904522613
0.9037374371859297
0.5849860678577282
0.5330273725618752
0.22602851991476808
0.36141616128503523
0.5840026225208982
0.5648254384527127
0.8303556793968202
0.9100147516800524
0.19693795326349717
0.23771152296535053
0.296696212731668
0.2533440773569702
0.39548751007252214
0.3266720386784851
0.8486704270749396
0.895245769540693
0.27876886884924523
0.39560870417565186
0.34071750637129977
0.39639286414428543
0.34306998627720053
0.46990786120368555
0.364830425406783
0.8945304842187807
0.4851369405477622
0.3739144956579826
0.4851369405477622
0.2321309285237141
0.29308617234468937
0.5938543754175016
0.8846025384101537
0.9201736806947228
0.31229012760241776
0.3391537944929483
0.3089321692411014
0.32863219162749047
0.3899708976942019
0.6127154689948511
0.8419520931273785
0.904857846429371
0.33666666666666667
0.3973809523809524
0.2988095238095238
0.3376190476190476
0.4042857142857143
0.5507142857142857
0.8292857142857143
0.9211904761904762
0.28554832713754646
0.32806691449814124
0.33039033457249073
0.3320167286245353
0.4072955390334573
0.5562267657992565
0.9019516728624535
0.9405204460966543
0.4552627426226921
0.4579454000315607
0.3280732207669244
0.36200094682026196
0.30834779864289097
0.34827205302193465
0.7913839356162222
0.8896954394824049
0.2936046511627907
0.287375415282392
0.28820598006644516
0.3334717607973422
0.3166528239202658
0.41964285714285715
0.8388704318936877
0.908014950166113
0.4436139810947461
0.24818641459661464
0.4436139810947461
0.4436139810947461
0.31611343152341176
0.5768300725434161
0.7551110134095406
0.839964827434601
0.433698689017838
0.3051794541156243
0.25703846980442724
0.30388996346443153
0.2832581130453471
0.5757575757575758
0.48635289060820974
0.9067268428970556
0.2374189023321059
0.2426792916009118
0.2510959144310012
0.48342977380326146
0.2980887252323339
0.37015605821497455
0.7336489566894617
0.9305628616517623
0.25901398086828553
0.20548197203826343
0.2579102281089036
0.2601177336276674
0.5344002943340692
0.3298381162619573
0.8257910228108903
0.9069168506254599
0.25541516245487367
0.2557761732851986
0.2552346570397112
0.3635379061371841
0.5095667870036101
0.4902527075812274
0.788086642599278
0.9308664259927798
0.3611749680715198
0.3535121328224777
0.35325670498084294
0.3044699872286079
0.4278416347381865
0.5374201787994891
0.8459770114942529
0.9116219667943806
0.31002736999253544
0.33466036327444637
0.3209753670067181
0.353819358049266
0.345608360288629
0.7009206270216471
0.8571784025877084
0.9196317491913412
0.2982409381663113
0.3358208955223881
0.2977078891257996
0.376865671641791
0.3755330490405117
0.5887526652452025
0.8406183368869936
0.8960554371002132
0.5456224034466841
0.1787967379596861
0.25173103554392984
0.5493152792737345
0.5493152792737345
0.4523772888136636
0.858132020310817
0.8736728727496538
0.27446715963462376
0.36298390604610703
0.25293605915615486
0.36298390604610703
0.3601565898216616
0.5271857329273597
0.7501087429317095
0.898651587646803
0.24337982615726703
0.40792399434000404
0.23650697392359005
0.2348898322215484
0.30301192642005254
0.5799474428946837
0.7893672933090762
0.8633515261774813
0.30802194034967434
0.2617415152553994
0.1991772368872129
0.25591360987315737
0.49657182036338704
0.399725745629071
0.4509770311964347
0.7927665409667467
0.2694180384882912
0.2979364711337816
0.2698817528402504
0.3322513331787619
0.45675863667980526
0.38928819846974266
0.45536749362392764
0.8768838395548342
0.4359861591695502
0.2760751359367276
0.28719723183391005
0.3729609490855166
0.40706870983687593
0.43252595155709345
0.801038062283737
0.8897676717745922
0.28
0.2942168674698795
0.28
0.4255421686746988
0.3804819277108434
0.616144578313253
0.840722891566265
0.9089156626506024
0.26011560693641617
0.18153413529136073
0.5577253554132167
0.2562099671926262
0.3979065770973285
0.39993750976409936
0.8842368379940634
0.9232932354319637
0.29748148148148146
0.5195555555555555
0.2994074074074074
0.5288888888888889
0.5288888888888889
0.5008888888888889
0.8059259259259259
0.8897777777777778
