1.8722003129078075
1.7949277099687606
3.4242651420645416
15.022223689011298
16.41036995104514
9.520428857998922
26.59981741104275
42.419556081993505
3.3980472380062565
1.9499053270556033
15.943668897030875
18.52707755600568
2.876163983019069
24.25648933299817
4.774932518019341
33.468621475971304
5.87553761806339
4.541750292060897
3.607994080055505
15.529715562937781
2.858120111981407
19.48751562088728
27.330745357903652
38.295001277001575
3.6391977639868855
4.03148203692399
14.78939247597009
3.463280163006857
2.197997272014618
2.547778654959984
22.954477683990262
25.242639284930192
2.774417842971161
3.270519534009509
14.862718774937093
15.279121022089384
4.928843540954404
18.96819291403517
18.643431238946505
47.1844876089599
2.8285519500495866
5.6094341380521655
15.166685138014145
15.382772602024488
2.794626059010625
19.26439551706426
17.843403107021004
36.37053491908591
1.8757482160581276
2.2923134930897504
14.647687987075187
2.048821699921973
16.304065683973022
18.944622523034923
26.77322149905376
44.49191978597082
4.23328259808477
2.6398838389432058
2.271804440068081
17.314943977980874
18.6586378919892
21.25423852703534
28.758145294035785
49.36667031003162
2.8538848620373756
2.331203502952121
15.224936340004206
15.6935329179978
2.7626824090257287
19.326920129009522
25.977105604019016
41.30715652392246
2.250917132012546
3.1930312040494755
14.659047131077386
15.16099573194515
13.133104998036288
19.079403104027733
27.07565604301635
34.94393446308095
2.1730791999725625
2.6128020000178367
2.4084114929428324
1.9220526108983904
15.678819856024347
18.257030586944893
26.12361646501813
28.06189234892372
3.1158867990598083
1.7545525069581345
14.465457368991338
14.782525161048397
2.104402440949343
2.4469093510415405
3.5079234469449148
32.86163646692876
3.0812846799381077
1.7389503020094708
14.37520449992735
14.736849775072187
2.700332605978474
18.508108048001304
18.35737356194295
38.875908882007934
2.1805984399979934
1.72677229589317
14.049387171049602
14.354477421031334
2.0807553390040994
18.10309376101941
3.4949931929586455
44.76762600801885
3.493989996961318
2.545166518073529
2.1572308719623834
2.4967868509702384
2.8549851740244776
24.88864745607134
35.44167028099764
61.65575401997194
5.3424835139885545
2.9510424840264022
3.649980954010971
2.1630340489791706
4.654643536079675
2.699144762940705
27.440486080013216
27.594773659016937
3.2211214549606666
4.665951864910312
1.9985037250444293
2.049458332010545
7.718104786006734
19.038348917034455
26.740132946055382
36.71253110701218
1.8917405290994793
3.3515335449483246
4.107205014908686
15.719477478065528
9.481165474047884
19.506698921089992
3.6207543570781127
31.78744284401182
2.880551047041081
1.8689284679712728
15.321401630993932
3.115135736996308
2.2407419200753793
2.566048667067662
26.13362830504775
47.77885717700701
1.8924254610901698
2.3783029300393537
2.5101986969821155
2.5912153620738536
2.2653762160334736
2.598242584033869
26.841778707923368
46.13815799902659
2.186326479073614
3.7586063320050016
4.092233104980551
17.529198170057498
18.766763683059253
21.269365038955584
28.894748107995838
38.235521459020674
1.8187210629694164
3.1356633179821074
2.4144006649730727
15.013302066014148
2.18810971302446
2.5199661829974502
26.449809979996644
39.67191423405893
2.3006348870694637
2.7506716520292684
15.184113275026903
2.036356474040076
2.1976198699558154
2.582801546086557
3.573361054994166
44.05339063506108
1.8514402159489691
1.8371023099170998
3.049180955043994
15.286413323017769
7.765272820019163
2.5382366409758106
26.745913967024535
39.37799808697309
2.2660365470219404
1.8049479129258543
14.612690823036246
14.83201174705755
5.400298528955318
18.74277423194144
26.32288419501856
33.19371428003069
3.232936308020726
3.110680187935941
3.960614311043173
12.565692186937667
18.410859689000063
2.856414755922742
28.54840684402734
34.37399198603816
2.186208505067043
2.629655963042751
2.4102301449747756
14.582296839915216
14.145938736037351
12.131211171974428
25.935697352979332
26.522796071018092
3.5232918449910358
4.844786518951878
1.884528566035442
1.9368064709706232
15.80610969197005
18.27510243305005
3.4674234649864957
36.943836443009786
4.255490015959367
3.8590027450118214
1.8992445139447227
1.907115030917339
18.480498778051697
2.8914217629935592
32.40505190193653
42.50944176700432
5.528746748925187
2.4190194479888305
3.1917281659552827
16.570964743033983
17.5310073409928
2.7722014469327405
27.70024925004691
29.122838482027873
4.095236835069954
1.7654131120070815
13.131402056082152
9.905966821941547
16.153974998975173
18.665187551057898
20.836429992923513
29.60736518597696
4.299046227009967
1.784393340931274
14.11925346404314
1.9504751700442284
15.63998757605441
2.5000775000080466
3.4426668769447133
26.393650457961485
3.653437144937925
5.578463333076797
2.722580339992419
5.051926834974438
2.37146799499169
8.211653816048056
27.936378392972983
32.35957194806542
1.7623411259846762
2.2331895630341023
14.474918861989863
1.9414077879628167
15.911388127948157
18.498615678981878
25.94090441800654
27.811107398942113
2.5623254700331017
3.6082757300464436
16.4647599569289
16.81832433701493
2.4089981969445944
2.7955588230397552
27.994349012966268
37.41623418906238
3.1119565659901127
3.0340443920576945
16.282123995013535
2.2440612900536507
2.4128124460112303
2.7568632739130408
23.183021449949592
32.13936412904877
1.5980768939480186
2.711603955947794
2.9724230059655383
13.168704619980417
1.9658121649408713
17.007673916989006
24.477739898022264
41.029745751060545
1.550399576080963
1.921228157938458
12.555218310910277
12.796995864016935
14.236854785005562
16.612672155024484
24.197431112988852
41.797102457028814
1.4741219569696113
1.7992219849256799
1.5775335460202768
1.9986483310349286
2.2119774899911135
15.953811796964146
23.45699597208295
33.60089278104715
4.1459569070721045
4.049874440999702
2.4111989201046526
12.473795833997428
13.702961298986338
16.35262702999171
23.893594912951812
38.64291324396618
1.8225362420780584
3.6333834079559892
3.628833448048681
4.089842853019945
2.700331634026952
16.19139222195372
19.036180950002745
32.68636419100221
1.3843772649997845
2.135360175045207
1.5502400459954515
12.034479485009797
3.0833417010726407
18.86669022089336
28.18867639603559
57.31193951808382
4.577960186987184
3.6159621049882844
1.922237913007848
10.437764556030743
15.395317981950939
18.06385711405892
21.366818001959473
33.853724950924516
2.919511662097648
2.469720914028585
3.1373955520102754
10.115798057056963
14.981343845953234
17.650905649061315
25.210201776004396
36.737997152027674
3.866793368011713
2.6969980819849297
2.1144432440632954
1.7250897489720955
14.348757945001125
17.008350040065125
20.340043028001674
36.030122919008136
