0.19601921399953426
0.376995265000005
0.9660776080017968
2.533517703999678
6.7599660029991355
24.257595190996653
97.56290826499753
446.3867285849992
0.2109938620014873
0.42299791800178355
0.9520385000032547
2.4239776079994044
6.533294680000836
22.01748352100185
94.03277498199895
431.67944761200124
0.2130724159978854
0.4142035789991496
0.9731977759984147
2.580815362998692
7.140449680999154
27.78044214900001
122.19962151600339
629.3777684769993
0.1899945570003183
0.37654639500033227
0.9173484159982763
2.4247630499994557
6.269282561999717
22.6113793120021
92.86375851299817
421.59647611600303
0.21168331800072338
0.38173175499832723
0.9584431520015642
2.5265730370010715
7.216727021001134
27.107622876003006
111.66503855100018
534.6153357330004
0.18987560999812558
0.3927810770001088
0.9541617750001024
2.5446552710018295
7.489376704997994
27.3265290140007
118.14029849799772
578.4004766350008
0.1857782959996257
0.3762045119983668
0.9663724410020222
2.5795297540025786
8.571630932998232
30.388365929997235
119.72484812399853
584.1501063050018
0.18279181699836045
0.3838185109998449
0.9162177789985435
2.4933874720009044
6.871066941999743
23.697732480002742
99.43192313799955
481.3015047379995
0.18554966200099443
0.3923296190005203
0.9113822130020708
2.327046631002304
7.5687576130003436
24.090213294999558
95.25404779000019
437.52027584700045
0.16870975700294366
0.3825386169992271
0.9445082370002638
2.338804484999855
7.395078137000382
23.667187987000943
94.23924982500102
420.3658866629994
0.19786633900002926
0.39650878600150463
0.9421415160031756
2.3622408930023084
6.476194432001648
20.605455639997672
79.13365394499851
367.96992346200204
0.1804316870002367
0.3768255440008943
0.9576182780001545
2.499109608001163
7.889199549998011
24.252572057997895
93.45287984300012
417.4837879780025
0.188909466000041
0.41094566299943835
0.9336391630022263
2.5102541519991064
6.640565901998343
22.794441153000662
91.50374598200142
412.12581601499915
0.18707256899870117
0.40802228200118407
0.9363548680012173
2.459563584001444
6.925932238002133
24.24730586700025
100.43068393700014
459.332797412997
0.18263957499948447
0.3894989529981103
0.9061475460002839
2.3942236640032206
6.52509541299878
22.569554899997456
86.352232240999
407.37044500499906
0.21251929299978656
0.378548207001586
0.961706285001128
2.5380588160005573
6.578656846999365
21.90854643000057
90.06501188200127
409.84926175700093
0.19376455000019632
0.371563654000056
0.9304254529997706
2.4586401669985207
6.242999736001366
21.094356169000093
76.61628101699898
349.50715401100024
0.19077347799975541
0.39187632099856273
0.9537184289983998
2.55142831899866
7.014497100000881
23.660791967999103
91.3512503589991
417.07930185400255
0.1978819649993966
0.39039545400009956
0.9492094209999777
2.3690095460005978
6.452806690002035
22.02509273800024
89.07422077099909
403.55064032899827
0.18806616599613335
0.3705532240055618
0.9135158939971006
2.377314406003279
6.418484436006111
23.82267257100466
94.91775794499699
448.4302455299985
0.188076579994231
0.3868748110035085
0.9484842969977763
2.416204627996194
6.167717973003164
21.855844625999453
85.86862915399979
387.16895061000105
0.18021588400006294
0.3925964459995157
0.92709381399618
2.3434825380027178
6.097648187002051
19.591545150993625
86.2063763719998
393.37414687099954
0.18127863100380637
0.36529146999964723
0.9933614699984901
2.5784934629991767
7.370310021004116
25.560358978000295
105.81787094700121
512.394562043999
0.20789410999714164
0.39185557999735465
0.9356875789962942
2.5758377219972317
7.058677526001702
26.384342388999357
110.44719938300113
544.3083793400001
0.19650573700346285
0.37147122700116597
0.9442634039951372
2.455282877999707
7.590418756000872
27.061249840997334
116.98696612099593
573.6961267430015
0.1813648169991211
0.3703077550017042
0.8989247029967373
2.392811805002566
6.527644251000311
22.81351734400232
92.16234986300697
452.8307044090034
0.20028209800511831
0.3970063899978413
0.8842912620020797
2.3000648910019663
7.034637463999388
22.944637459004298
82.31217688500328
381.99786328199843
0.1948252779984614
0.3835279589984566
0.9126755570032401
2.2368038860004162
6.135746455998742
21.35757086999365
82.55642881400126
388.6172721699986
0.19247815199923934
0.37751569299871335
1.0174229750045924
2.291485036999802
6.5594417760003125
23.161301988999185
93.17451778300165
441.6830725589971
0.18895446300302865
0.36384130000078585
0.9371548039998743
2.353014632994018
6.5827002890000585
22.994819163999637
92.28007405300013
431.6434702999977
0.18260364199522883
0.3906738419973408
0.9378450000003795
2.494739985006163
7.306593238005007
26.094131896999897
105.80021848300385
494.4784158550028
0.18158263099758187
0.3724304819988902
0.9306586970051285
2.5406981830019504
8.599713685005554
26.982419095002115
120.30269777500507
571.6161321470063
0.18368363400077214
0.3760013909995905
0.9146567999996478
2.4829025590006495
6.952387183999235
23.57185242899868
98.18483436400129
442.42279782600235
0.17815447100292658
0.3851729039961356
0.9112646060020779
2.4749279859970557
7.472360080995713
27.866754107002635
121.7454065780039
596.5912536050018
0.1792443459999049
0.38741695800126763
0.9296892839993234
2.399625358004414
6.763355709001189
24.65433417099848
93.89567566599726
443.1104219359986
0.18496522100031143
0.3866893800004618
0.906472060996748
2.334952103003161
6.91096557599667
26.603745749001973
106.23480502999882
503.4688643940026
0.19964254700607853
0.37059412900271127
0.9541634330016677
2.361332793996553
7.128932145002182
25.40811062300054
100.7692984220048
464.8762586560042
0.19937913499597926
0.37355491500056814
0.9288065290020313
2.482829126995057
8.001531003996206
26.231964641003287
106.07554986600007
492.70657772100094
0.19214442399970721
0.38956815900019137
0.9044944950001081
2.406277009002224
6.834943680994911
22.61295930400229
85.1513481639995
372.20308070300234
0.18691180300083943
0.39141704500070773
0.9657867880014237
2.5364665880042594
7.070047715998953
24.679174933000468
97.71415731999878
432.71449129499524
0.18112879700493068
0.3910169570008293
0.9182451119995676
2.5847475640039193
7.448891025997
24.3280366350009
92.61412022599688
433.09028686400416
0.19435302399506327
0.37858479600254213
0.9058619150018785
2.5359982529989793
7.3042108549998375
23.50348014899646
91.37169025999901
411.4376962899987
0.19178928199835354
0.3716495289991144
0.9075293589994544
2.3876260179968085
6.800421882995579
22.13817702799861
85.12816094599839
392.9336074410021
0.17996892500377726
0.3769232880003983
0.8924599020028836
2.354865642999357
7.42456405700068
25.34496801399655
105.31707875299617
498.88221188900206
0.19435151100333314
0.3988976500040735
0.9522953779960517
2.3492313579990878
6.513831645999744
21.928773450003064
85.59656841299875
371.5503916020025
