0.0014562030119122937
0.004176706992438994
0.0232808379951166
0.15139774700219277
0.961187273991527
5.670107683996321
44.83842244600237
270.1283909509948
0.0014864019904052839
0.004543005008599721
0.02325202600331977
0.15593247200013138
0.8856446800054982
5.624396867991891
41.961169458998484
255.85325313000067
0.0013337020063772798
0.004153506000875495
0.024165733004338108
0.14948280599492136
0.9344450880016666
6.487166064005578
45.92966133500158
272.9144974429946
0.001397801999701187
0.004229705999023281
0.02429173699056264
0.14670051999564748
0.8952499419974629
5.583519777996116
42.05702463000489
256.3181859719916
0.001380601999699138
0.004245005999109708
0.02374923699244391
0.1464952259993879
1.027934188998188
6.482037227993715
50.928166429992416
322.74823499500053
0.0013526020047720522
0.004374505995656364
0.024121934999129735
0.14718291100871284
0.8884518790000584
5.702473417986766
44.846405809992575
284.0568220779969
0.0013501030043698847
0.004139205993851647
0.02288093400420621
0.13768310900195502
0.7854023899999447
4.887731405993691
38.31550456798868
228.94326688
0.001340602000709623
0.004145005994359963
0.023309835989493877
0.15240543500112835
0.8835252620046958
5.311911686992971
40.17142257299565
235.57240348600317
0.0013639020035043359
0.004134407005039975
0.023859036999056116
0.15388073900248855
0.9222846319898963
5.894287457005703
45.84155875099532
291.1483567260002
0.0013211019977461547
0.004338106999057345
0.023836937005398795
0.1537345390097471
0.8877261840098072
6.041473624005448
44.328668161004316
268.71871006100264
0.0014255020068958402
0.004147903993725777
0.024422526999842376
0.14669516099093016
0.8852340710000135
5.996740016009426
43.31405845300469
264.67562588700093
0.0013671010092366487
0.004135204988415353
0.023248530997079797
0.14790279298904352
0.9411466320016189
6.0102342769969255
46.363131744001294
283.7700329049985
0.0013593019975814968
0.004173905006609857
0.02315743299550377
0.1437118010071572
0.8939029489993118
5.50986470800126
44.26018439199834
276.06854336899414
0.0013563020038418472
0.0044449059932958335
0.022396632004529238
0.1359104940056568
0.8295959880051669
5.066268861002754
38.6127914969984
232.2631981070008
0.0013903020008001477
0.004239806003170088
0.02360273500380572
0.13861179999366868
0.8790697710064705
5.24049727700185
40.57727810399956
252.10607733299548
0.0013524009991670027
0.00414290300977882
0.03313712299859617
0.15317410499847028
0.941393444998539
5.6126936970104
44.30990616399504
268.999097944994
0.0013456009910441935
0.004280203997041099
0.02274592399771791
0.15569236200826708
0.9043160430010175
5.50603785799467
43.07084065300296
260.28378586300823
0.0013385010097408667
0.004179904994089156
0.023353527998551726
0.1490109769947594
0.9201998920034384
5.6658690350013785
43.05754397700366
269.35094552699593
0.0013453019928419963
0.004221305003738962
0.02356893000251148
0.1385251730098389
0.836655345003237
5.856614314994658
43.62296971199976
269.208253994002
0.0013762000016868114
0.004138399992370978
0.022656797998934053
0.13653898899792694
0.783401442997274
4.82656202299404
35.056304623009055
217.91879429099208
0.001341299997875467
0.004109301997232251
0.02188741200370714
0.14007857299293391
0.8253303350065835
4.831119880996994
38.27964079199592
238.5322825940093
0.001310901003307663
0.0041441029898123816
0.024534819996915758
0.1424329180008499
0.8627536179992603
5.518494817006285
40.84637594499509
240.83288300099957
0.0013726010074606165
0.00418090500170365
0.024335723996046
0.15685525300796144
0.96854974499729
5.961014530999819
47.97260422100953
281.53433981399576
0.0013437010056804866
0.004611405005562119
0.023223525000503287
0.14744485401024576
0.9620156070013763
5.98048156099685
47.23248420399614
300.0505646679958
0.0014457999932346866
0.00416330000734888
0.02341260098910425
0.14161320599669125
0.8832885379961226
4.968563474991242
38.43532160100585
232.08147318700503
0.0013498009939212352
0.004132102010771632
0.022988511002040468
0.14828667498659343
0.8778797459963243
5.403185875999043
41.577902329998324
249.17168383199896
0.0013514009915525094
0.004163803008850664
0.023718317999737337
0.14842310801032
0.9008469600084936
5.86276991199702
45.65088533499511
270.8365260330029
0.00135130099079106
0.004148403997533023
0.022441819004598074
0.13739291499950923
0.8779751359979855
5.401492829012568
42.55036457600363
258.64675954700215
0.0013456019951263443
0.004237102999468334
0.023141819998272695
0.1340116180072073
0.7655883730039932
4.518052273997455
33.57537597999908
200.81080673000542
0.0013266009918879718
0.004129902008571662
0.0231955079943873
0.13583324699720833
0.759881067002425
4.827418218992534
35.67874944099458
209.79276388399012
0.0013427009980659932
0.004361701998277567
0.02296761299658101
0.15739838899753522
0.9290631240000948
6.0731326439999975
48.25128428998869
299.9427648520068
0.0013578009966295213
0.00476070299919229
0.022952115992666222
0.14976240399118979
0.8831965129938908
5.436492177992477
39.880738317995565
239.08666149299825
0.0013349009968806058
0.004130803004954942
0.023065216999384575
0.1417890040029306
0.854755430991645
5.2946568059996935
41.206956490990706
252.47396528799436
0.0013516010076273233
0.0041511029994580895
0.022886416991241276
0.15313631598837674
0.9629273290047422
6.165376270000706
47.54568356300297
307.86731651499576
0.0013521999935619533
0.00443980100681074
0.02338570900610648
0.1394459570001345
0.9193853759934427
5.877441434000502
46.74972458300181
304.5261673060013
0.0013528010022128
0.0041381019982509315
0.023991214009583928
0.14003598199633416
0.9085009319969686
5.954746994000743
45.790178108989494
284.0547048860026
0.0013630010071210563
0.004149202999542467
0.0233922149927821
0.15151139799854718
1.0116655560123036
6.783656804997008
56.27292624600523
376.22760111700336
0.0013406010111793876
0.0041483030072413385
0.023650615999940783
0.15270430300734006
0.9536723460041685
6.558993646001909
52.643063126000925
345.22393095699954
0.001357300003292039
0.004143200989346951
0.022811903996625915
0.1534006279980531
1.028737895001541
6.563855881991913
53.23255164800503
353.76299770499463
0.0013455009902827442
0.004141502009588294
0.023401009995723143
0.15657366799132433
1.0452324579964625
6.966044871005579
59.00138402200537
400.4673840089963
0.0013658009993378073
0.004195201996481046
0.023637113001313992
0.146479876988451
0.8781764619925525
5.51710360099969
42.69554794799478
263.7324680729944
0.0013437000015983358
0.004225001001032069
0.0232976089901058
0.14516245500999503
0.8007535030046711
5.176214374994743
40.459203831997
256.26437920800527
0.001364800991723314
0.004232002000208013
0.02329661099065561
0.146098768003867
0.8793026119965361
5.649361451010918
45.39987561300222
294.23569910500373
0.001828401000238955
0.004134201997658238
0.023570411998662166
0.15374557899485808
0.9857088019925868
6.405802164998022
52.888500863991794
340.2250475380133
0.0013513000012608245
0.004902501998003572
0.02309581199369859
0.15986678400076926
0.9971189249918098
6.240674485990894
52.646954655006994
347.5036973709939
