2.5737495130160823
1.1878639750066213
1.1956846590037458
1.2159167570061982
1.7754388530156575
1.9230689609539695
2.2915745899663307
2.9269778589950874
1.5473317339783534
1.549887496046722
1.2070953829679638
1.2283969669952057
1.2562383529730141
1.4402951200027019
1.7481731490115635
2.235823010036256
1.2387853100080974
1.1658034920110367
1.1997164899948984
1.2311927220434882
1.3168724489514716
1.4179515480063856
1.721845535968896
2.2202719359775074
1.1790475940215401
1.1916973059996963
1.1927939900197089
1.2235589330084622
1.2840530339744873
1.417987446009647
1.7146291409735568
2.2348694159882143
1.194751159986481
1.1660458859987557
1.174910854024347
1.2298614379833452
1.309554354986176
1.4659215330029838
1.6889254260458983
2.2469913060194813
1.170568066998385
1.1937281420105137
1.1795090870000422
1.2141138860024512
1.3298002520459704
1.448765167966485
1.670464028022252
2.2054206439643167
1.1519046449684538
1.1786754570202902
1.20088423602283
1.249747913039755
1.2911689040483907
1.429740427993238
1.7023173359921202
2.2431056069908664
1.1726803460041992
1.1876857309835032
1.1972155980183743
1.2549631400033832
1.2959775340277702
1.4336695759557188
1.6836972330347635
2.182102266990114
1.1822793709579855
1.2023760760203004
1.2252212400198914
1.2248185509815812
1.2904280750080943
1.460915728006512
1.7034003019798547
2.2136803719913587
1.1981017740326934
1.2082013270119205
1.2061681610066444
1.2320355779957026
1.2982213919749483
1.418619995994959
1.7393882049946114
2.2253903480013832
1.1817297450033948
1.2231541289947927
1.2401944769662805
1.2391715939738788
1.2834505339851603
1.494395287008956
1.700336114037782
2.2209222450037487
1.1794879930093884
1.1701553339953534
1.208912556990981
1.2447133229579777
1.2939147899742238
1.4482883880264126
1.7159701940254308
2.2257460889522918
1.1762317499960773
1.1946327760233544
1.2169290439924225
1.2477943840203807
1.3050166319590062
1.426354822004214
1.7309038270032033
2.2370534340152517
1.2087199650122784
1.2101832669577561
1.2097330969991162
1.2458332679816522
1.3168738079839386
1.420958743954543
1.722267095989082
2.2110164160258137
1.2134900369565003
1.6815062719979323
1.6038075620308518
1.661081513040699
1.750789473997429
1.9878928139805794
2.2590501430095173
2.22253341198666
1.2109143620473333
1.2228519899654202
1.208448712946847
1.2416608189814724
1.3130441519897431
1.4581231769989245
1.7002728449879214
2.190044693998061
1.1671457680058666
1.1895334370201454
1.1833760320441797
1.2285558589501306
1.2777704239706509
1.4538010880351067
1.6983083250233904
2.243452153983526
1.2154071750119328
1.1930733139743097
1.202710171986837
1.2671809080056846
1.3326026299619116
1.4598677259637043
1.733978820964694
2.200956328015309
1.1692149859736674
1.2044613609905355
1.205397048033774
1.2392539419815876
1.3337107300176285
1.4550281150150113
1.6959986080182716
2.1969491099589504
1.1843857700005174
1.182752595981583
1.202611999004148
1.2184379629907198
1.283596088993363
1.4437105940305628
1.710671100008767
2.213468077010475
1.214720222982578
1.1792848540353589
1.1960935030365363
1.2384146710392088
1.3263369560008869
1.4510809910134412
1.7180440979427658
2.2511515229707584
1.1600242470158264
1.2114707779837772
1.2096164060058072
1.2013002499588765
1.3062425699899904
1.4381580789922737
1.7199441200355068
2.2469793490017764
1.1944055099738762
1.1796165439882316
1.2083906179759651
1.279597049986478
1.3187995650223456
1.460439532995224
1.7021381889935583
2.2200316779781133
1.1861857940093614
1.2231794410035945
1.212745102995541
1.223595246032346
1.3503492409945466
1.4719222139683552
1.695561749045737
2.2737479449715465
1.187570613983553
1.201230411999859
1.1897156889899634
1.235515304026194
1.3084541099960916
1.4750275080441497
1.7408578139729798
2.2748814889928326
1.2071282499819063
1.2048049869481474
1.1713975929887965
1.2379547950113192
1.3316899880301207
1.4217543379636481
1.7257797740167007
2.2135614489670843
1.1864011809811927
1.201266760006547
1.2184399029938504
1.2670791749842465
1.3064578860066831
1.5170918250223622
1.718592802004423
2.2596465820097364
1.2517416119808331
1.2023235560045578
1.2198371950071305
1.251308323990088
1.2961183519801125
1.4494425529846922
1.6864994969801046
2.2431102469563484
1.1865968990023248
1.2029864530195482
1.196206455992069
1.25065123999957
1.304716130020097
1.4527706090011634
1.6953242709860206
2.241265385004226
1.208469376026187
1.2243773369700648
1.1923009189777076
1.24617301102262
1.3137211979483254
1.99385379900923
2.274602390010841
3.0922033289680257
1.6171048500109464
1.6790168219595216
1.5974327459698543
1.6629080610000528
1.749147268012166
1.4492340449942276
1.7023915569880046
2.2018768850248307
1.1727314669988118
1.1767452049534768
1.1927115650032647
1.2449126820429228
1.3215432339929976
1.4668160590226762
1.7150830429745838
2.25056193000637
1.1887636129977182
1.193656438961625
1.2049267669790424
1.2400738399592228
1.30737313098507
1.432603656023275
1.7089242180227302
2.250871402968187
1.1951858059619553
1.19589959399309
1.1845826630014926
1.2352561040315777
1.3219045050209388
1.4443801699671894
1.7186303620110266
2.2473228439921513
1.1965351800317876
1.2083651020075195
1.218997641990427
1.253118229971733
1.3179290590342134
1.4411091129877605
1.7237991789588705
2.1944855279871263
1.1827406829688698
1.2138512170058675
1.2035883700009435
1.2471218169666827
1.3102995700319298
1.4409008139627986
1.706944428035058
2.219951542036142
1.212050641013775
1.1959556819638237
1.2211533039808273
1.2935773189528845
1.3030979770119302
1.4257151389610954
1.7028562870109454
2.206911233952269
1.1765132720465772
1.1890324840205722
1.2021856870269403
1.2467711189528927
1.29753595800139
1.4619127950281836
1.6869048230000772
2.2930375409778208
1.1671612110221758
1.2046688490081578
1.2260520290001296
1.2337675130111165
1.318023749976419
1.4457987339701504
1.7235386020038277
2.272956148022786
1.2012493059737608
1.2285408800235018
1.1869625499821268
1.2254601630265824
1.3073670429876074
1.450595430971589
1.7243572080042213
2.234823831007816
1.1967853339738213
1.2071372600039467
1.1948808199958876
1.24204101000214
1.3169696929981
1.4766648309887387
1.717686970019713
2.2362341239931993
1.2004384399624541
1.1886944999569096
1.1760627740295604
1.2322513340041041
1.3458473470527679
1.4555105170002207
1.675549152016174
2.2322317120269872
1.1723474659956992
1.1875190329737961
1.2041384800104424
1.2529872499872
1.3230705040041357
1.4543990510283038
1.6919072230230086
2.261083875026088
1.189348660001997
1.199178409005981
1.2013533730059862
1.2377544270129874
1.270494736963883
1.4619540889980271
1.6893697059713304
2.22392885904992
1.2040798080270179
1.1917882870184258
1.2300711160060018
1.5882140889880247
1.7195017320336774
1.9239779869676568
2.292280905006919
2.9534219650086015
