0.5315335869963747
0.6584997530007968
1.1795656860049348
1.9476253140019253
3.193905050007743
5.920846649998566
11.213063803996192
21.26372930899379
0.49117237600148655
0.6584656519989949
1.2020158030063612
1.9825759969971841
3.1718913329968927
6.113355856999988
11.098846698994748
20.676989823012264
0.5091243689967087
0.6965682519949041
1.113880839999183
1.8763193389895605
3.3329046760045458
5.890512186990236
11.121789416007232
21.687439915011055
0.40792523899290245
0.6199118990043644
1.1627759849943686
1.8875203339994187
3.2711993810080457
5.906270264997147
11.276257346995408
20.96060316399962
0.5415305710048415
0.595959757003584
1.142727152997395
1.9057266909949249
3.320126874008565
5.894058388003032
11.1694267809944
21.25944419899315
0.4169554039981449
0.6585564790002536
1.1457757530006347
1.9056647640099982
3.3839229669974884
6.013131142986822
11.249513970004045
21.23270522200619
0.4166401969996514
0.6049458899942692
1.2261952660046518
1.8920115759974578
3.287442729997565
5.956808496994199
11.125553331003175
21.546419425998465
0.4147163849993376
0.605723989996477
1.128380242997082
1.8747522730118362
3.2995178760029376
5.888770008008578
11.308924242010107
21.408665502996882
0.41853720298968256
0.607996999999159
1.1559584839997115
1.9106771560036577
3.3985237840097398
5.847373669006629
11.232739603001392
21.206391372004873
0.40969885600497946
0.5948248290078482
1.1560350810032105
1.8854772179911379
3.4087383290025173
5.93096669499937
11.276117906003492
21.379869340002188
0.4363014949922217
0.6141992299963022
1.1597712990042055
1.8817225950042484
3.3356276400008937
5.85228917200584
11.119499066000571
21.08448805900116
0.41650978999678046
0.6050284810044104
1.1707540549978148
2.0094012639892753
3.3155731309961993
5.905262444997788
11.291624560995842
21.21458942400932
0.42651164199924096
0.6121989180101082
1.1448085169977276
1.949175046000164
3.4231259230000433
5.9411352969909785
11.363260725003784
21.189801112996065
0.44456405501114205
0.6424547399947187
1.0704494880046695
1.975734146006289
3.208352581001236
5.9581327909982065
10.825035491987364
21.06433554000978
0.444585716992151
0.6447313009994105
1.2252541449997807
1.9431178269878728
3.437819804996252
6.1348977649904555
11.220634883007733
21.14477310499933
0.4831420019909274
0.694750839000335
1.1255362520023482
1.9016596180008492
3.2764834910049103
5.719813487987267
11.516452935000416
20.985997390002012
0.45851755401236005
0.732332817002316
1.1349868679972133
1.8715335020096973
3.445815005004988
5.915972585004056
11.387669468007516
21.344518236001022
0.44118305199663155
0.6512967710004887
1.1068983970035333
1.8132696579996264
3.417549997000606
6.026102477000677
11.258365408997633
21.436813428997993
0.4521828050055774
0.6375236900057644
1.2154615610052133
1.9519231729937019
3.1847704219981097
5.706278815006954
11.4561715489981
21.469575007999083
0.4567479249963071
0.6409478020068491
1.2285373210033868
1.985193435990368
3.4274768869945547
6.018058930989355
11.360796571010724
21.41172507299052
0.47561652200238314
0.6402992960065603
1.2050708900060272
1.9714160529983928
3.391997383994749
5.993703575004474
11.237604269001167
21.170976614012034
0.44065213498834055
0.6587077910080552
1.2141725339897675
1.9513480409950716
3.187600389996078
5.742217257007724
10.874333871004637
21.231954567003413
0.44320361499558203
0.6464374180068262
1.0591481589945033
2.0069638999993913
3.169706599001074
6.064523569992161
11.305099999997765
21.272827906999737
0.4443014000135008
0.6630704779963708
1.2208099830022547
1.8039732210017974
3.429279268006212
6.051865569999791
11.232940709000104
21.559312443001545
0.44494078899151646
0.6407166389981285
1.223131361999549
2.001378731991281
3.428544577996945
5.739192549008294
10.800292735992116
20.477971201005857
0.4448071799997706
0.6539668979967246
1.0574312539974926
1.8236897479946492
3.2063512339955196
6.104404109995812
11.295531923999079
21.3203425219981
0.44262516299204435
0.6479197570006363
1.0734566270111827
1.988964809992467
3.2636563070118427
6.081005326996092
11.35555494199798
21.25535579600546
0.4588455460034311
0.6533400810003513
1.238798800011864
1.9734435129939811
3.4340366929973243
6.082970798990573
11.380880008990061
21.392831410004874
0.45807113900082186
0.6583695040026214
1.0815849579958012
1.808316124996054
3.2433810630027438
6.047968889004551
11.421575982996728
21.270892489003018
0.4480426840018481
0.6497226570063503
1.0655298689962365
1.9689090750034666
3.2819316600071033
5.978462903003674
11.383360952997464
21.30326561300899
0.5067733950127149
0.6387941969878739
1.208904329003417
2.0021566490031546
3.280425645993091
5.9616713040013565
11.325034423993202
21.652497239003424
0.4756244290038012
0.6800964159920113
1.1616829770064214
1.9363093959982507
3.299264742003288
5.907080807999591
10.987045714995475
21.389380718988832
0.49526153299666476
0.6908414729987271
1.142870176001452
1.9375241999950958
3.1794826029945398
6.047076347997063
11.428192352992482
21.350477400003
0.444620362992282
0.6559808880119817
1.0567256170033943
1.9881497690075776
3.23524269698828
6.00892224200652
11.361643694996019
21.235345179011347
0.45115679799346253
0.6477254430064932
1.0523593940015417
1.9961214100039797
3.1924382690049242
5.929829019994941
11.18566605700471
21.34267004400317
0.4473671769956127
0.637073486999725
1.0528704969910905
1.9966795130021637
3.1797268009977415
5.956542660991545
11.31981746800011
21.15498914399359
0.4473221780062886
0.6785365059913602
1.0608703390025767
1.8968229820020497
3.2185856079886435
6.0465616380097345
11.3694780299993
21.327150555996923
0.47279291300219484
0.6320989599917084
1.0884144849987933
1.990077377005946
3.2142393839894794
6.033340167996357
11.308870307009784
21.412868810002692
0.4500367919972632
0.6701377620047424
1.061703742001555
1.8587646800006041
3.4402577849978115
5.963018693000777
11.337761360002332
21.299246704991674
0.4422697510017315
0.6484949470032007
1.0564630149892764
1.979588320988114
3.1870427390094846
6.083284232998267
11.242618554009823
21.204760278997128
0.4544059829931939
0.6460233889956726
1.2249287279992132
2.0127695679984754
3.1849960300023668
6.059468745006598
11.27426058400306
21.34903923199454
0.459314417996211
0.6707778319978388
1.0701208370010136
1.9584968209965155
3.186857699009124
6.0219219540013
11.386400463001337
21.42057224200107
0.44752516300650313
0.6462894120049896
1.0890901520033367
1.938323638998554
3.255022597993957
5.767121075987234
11.015159724003752
21.45269132500107
0.45604981199721806
0.6436658050079131
1.0561877870059106
1.9637505900027463
3.443848323004204
6.01017920699087
11.327388754012645
21.182928037000238
0.4504825850017369
0.6449833149963524
1.064803438988747
2.003055608001887
3.420560116006527
6.021881995999138
11.270380400004797
21.41371514099592
