0.01484375
0.012388392857142856
0.014620535714285714
0.036383928571428574
0.06897321428571429
0.09854910714285714
0.14430803571428572
0.17544642857142856
0.012276785714285714
0.014508928571428572
0.012053571428571429
0.0265625
0.0515625
0.09497767857142857
0.13102678571428572
0.17890625
0.009821428571428571
0.012276785714285714
0.013950892857142858
0.038839285714285715
0.05424107142857143
0.09676339285714286
0.13950892857142858
0.1786830357142857
0.011160714285714286
0.013504464285714286
0.01908482142857143
0.033370535714285714
0.07455357142857143
0.10558035714285714
0.146875
0.1859375
0.010714285714285714
0.012053571428571429
0.013839285714285714
0.0453125
0.06138392857142857
0.10066964285714286
0.14151785714285714
0.17633928571428573
0.013839285714285714
0.01015625
0.019196428571428573
0.03761160714285714
0.06395089285714285
0.09073660714285714
0.1377232142857143
0.18604910714285713
0.010379464285714285
0.011160714285714286
0.018080357142857145
0.05022321428571429
0.06383928571428571
0.10669642857142857
0.14508928571428573
0.18169642857142856
0.013058035714285715
0.012053571428571429
0.017857142857142856
0.03995535714285714
0.05770089285714286
0.10636160714285714
0.14140625
0.18325892857142856
0.011941964285714285
0.008705357142857143
0.013727678571428571
0.04631696428571429
0.06785714285714285
0.10078125
0.13872767857142856
0.1806919642857143
0.009263392857142857
0.012165178571428572
0.020647321428571428
0.03515625
0.06205357142857143
0.10412946428571429
0.1338169642857143
0.17845982142857142
0.011495535714285715
0.012165178571428572
0.019196428571428573
0.03426339285714286
0.061830357142857145
0.10379464285714286
0.140625
0.18024553571428573
0.012834821428571428
0.009933035714285714
0.019866071428571427
0.048214285714285716
0.060825892857142856
0.10401785714285715
0.1396205357142857
0.18861607142857142
0.009151785714285715
0.013392857142857142
0.019866071428571427
0.0421875
0.061160714285714284
0.10256696428571428
0.13783482142857142
0.1732142857142857
0.012611607142857143
0.01015625
0.011830357142857142
0.03560267857142857
0.06171875
0.09832589285714285
0.13470982142857144
0.18716517857142856
0.012165178571428572
0.012388392857142856
0.016183035714285716
0.03225446428571429
0.06361607142857142
0.09877232142857142
0.14073660714285716
0.17455357142857142
0.012053571428571429
0.010714285714285714
0.015625
0.028125
0.06573660714285715
0.10613839285714285
0.1392857142857143
0.18671875
0.008370535714285714
0.012946428571428572
0.01607142857142857
0.031026785714285715
0.065625
0.10691964285714285
0.13649553571428572
0.19196428571428573
0.011830357142857142
0.013392857142857142
0.014174107142857143
0.030915178571428573
0.06908482142857143
0.10669642857142857
0.1296875
0.18381696428571428
0.013169642857142857
0.012276785714285714
0.013504464285714286
0.032924107142857144
0.060825892857142856
0.09877232142857142
0.13314732142857144
0.19296875
0.013950892857142858
0.013839285714285714
0.017410714285714286
0.038392857142857145
0.06004464285714286
0.09709821428571429
0.13102678571428572
0.17165178571428572
0.009263392857142857
0.0109375
0.013504464285714286
0.034933035714285715
0.040848214285714286
0.09877232142857142
0.12901785714285716
0.16439732142857144
0.011830357142857142
0.011160714285714286
0.013392857142857142
0.018191964285714287
0.05758928571428571
0.10301339285714285
0.14921875
0.17845982142857142
0.009040178571428572
0.010602678571428572
0.009375
0.03872767857142857
0.08102678571428572
0.1
0.14453125
0.18694196428571427
0.008258928571428572
0.013392857142857142
0.012611607142857143
0.029017857142857144
0.06294642857142857
0.10725446428571428
0.13214285714285715
0.18727678571428572
0.011383928571428571
0.010044642857142858
0.009821428571428571
0.021875
0.05814732142857143
0.0984375
0.13738839285714285
0.18404017857142857
0.012276785714285714
0.014397321428571428
0.0125
0.041741071428571426
0.06104910714285714
0.09129464285714285
0.13504464285714285
0.17901785714285715
0.008035714285714285
0.010379464285714285
0.014620535714285714
0.027678571428571427
0.06417410714285714
0.09921875
0.1328125
0.17522321428571427
0.010602678571428572
0.012276785714285714
0.013392857142857142
0.033928571428571426
0.06272321428571428
0.09587053571428572
0.13102678571428572
0.1747767857142857
0.011160714285714286
0.013169642857142857
0.01796875
0.03214285714285714
0.06395089285714285
0.09575892857142858
0.1377232142857143
0.17488839285714286
0.009709821428571429
0.01015625
0.015290178571428571
0.03415178571428571
0.05323660714285714
0.09977678571428572
0.14520089285714285
0.1806919642857143
0.008258928571428572
0.012834821428571428
0.016629464285714286
0.03627232142857143
0.05424107142857143
0.09888392857142857
0.14263392857142856
0.18013392857142857
0.009375
0.010825892857142857
0.013169642857142857
0.03482142857142857
0.052566964285714286
0.10245535714285714
0.14185267857142858
0.18627232142857142
0.009151785714285715
0.012165178571428572
0.015066964285714286
0.0359375
0.061272321428571426
0.09899553571428571
0.13404017857142858
0.18381696428571428
0.009151785714285715
0.016294642857142858
0.01796875
0.037723214285714284
0.07154017857142857
0.10256696428571428
0.14151785714285714
0.18571428571428572
0.011383928571428571
0.014397321428571428
0.011941964285714285
0.03705357142857143
0.06752232142857142
0.10100446428571429
0.1390625
0.18158482142857144
0.011049107142857144
0.011383928571428571
0.020870535714285713
0.03504464285714286
0.061160714285714284
0.09955357142857142
0.12957589285714285
0.1825892857142857
0.010825892857142857
0.009263392857142857
0.0171875
0.034375
0.0640625
0.10122767857142857
0.13236607142857143
0.18314732142857143
0.009709821428571429
0.011830357142857142
0.01607142857142857
0.02935267857142857
0.05970982142857143
0.11015625
0.13816964285714287
0.19341517857142856
0.008035714285714285
0.010044642857142858
0.019196428571428573
0.03470982142857143
0.05669642857142857
0.10323660714285714
0.12265625
0.16595982142857144
0.011495535714285715
0.012165178571428572
0.016517857142857143
0.038839285714285715
0.04787946428571429
0.09174107142857142
0.12645089285714287
0.16796875
0.012053571428571429
0.009709821428571429
0.013950892857142858
0.03426339285714286
0.05546875
0.10100446428571429
0.13895089285714285
0.1875
0.010825892857142857
0.014508928571428572
0.018526785714285714
0.033816964285714284
0.06328125
0.09921875
0.1380580357142857
0.18727678571428572
0.010379464285714285
0.009821428571428571
0.014285714285714285
0.031138392857142858
0.06060267857142857
0.09955357142857142
0.13939732142857142
0.18571428571428572
0.0109375
0.013058035714285715
0.011495535714285715
0.028236607142857143
0.06272321428571428
0.10379464285714286
0.14330357142857142
0.17946428571428572
0.011830357142857142
0.010825892857142857
0.015848214285714285
0.034933035714285715
0.06629464285714286
0.09854910714285714
0.13716517857142857
0.17645089285714285
