14.140411750006024
11.397663821000606
13.218844845017884
9.992379222007003
10.044490244996268
13.134572755021509
16.8196520289639
23.992635955044534
14.190591874998063
9.632258051016834
14.29130011901725
10.533468690002337
10.126873285043985
12.32465611799853
16.66982145298971
23.792326110007707
14.197196118009742
11.056977354048286
13.260799656971358
9.544100961007643
10.103441306040622
14.586626196978614
18.80081322201295
23.818858264014125
14.129142723977566
13.09979269298492
11.897204064007383
10.677090831974056
8.909540329012088
10.967748247960117
20.820359822944738
32.74376785400091
14.064833061012905
9.117707803961821
14.640942286001518
11.099250618950464
8.86845856596483
12.448763689026237
18.721868626016658
23.652471318957396
14.156200455967337
10.15770464099478
10.789395452011377
10.615396522043739
10.127523283998016
10.980486043961719
19.645032614993397
26.800875557004474
14.086171469010878
11.994728665973525
14.620780999015551
10.591849318996537
10.798394748999272
12.421911317971535
19.780332574038766
26.949027893017046
14.390128692961298
11.154705853026826
14.271382100996561
10.05681342096068
8.92172456998378
12.246582660998683
18.712810054945294
28.104163500014693
14.23876721697161
13.064284340012819
12.79495390196098
10.06535387301119
10.587008899019565
15.303391340014059
25.103987053968012
42.8233787920326
16.828333274985198
13.465914562984835
10.369930532004219
9.990921265969519
10.033408735995181
11.648593508987688
17.73835936904652
26.960544720990583
14.231674156035297
11.715600726020057
12.512347275973298
10.870697323989589
10.2026648009778
10.213619375950657
18.005424520990346
25.30330025195144
14.27310240996303
11.964603313012049
13.785489094036166
10.614164797996636
10.111488319002092
11.62641927995719
15.659873831027653
29.62422650703229
14.15379331598524
12.993258778995369
14.160258988034911
10.595958763035014
10.292726640996989
12.415399222052656
15.865615134011023
28.572211826976854
14.350371745997109
11.185145623981953
13.308893401990645
11.095058749022428
8.894318408041727
10.200293916044757
15.650034210993908
28.18516069697216
14.226610141980927
12.675372267956845
13.354562196007464
10.034292452968657
10.059016508981586
11.61817335296655
19.60167982900748
29.875712992972694
14.240590134984814
13.576130125962663
13.813068635994568
10.561390900984406
10.140863100998104
10.958878576057032
16.62687029998051
23.91960114595713
14.293244494998362
13.605800865974743
14.628045148041565
10.06724204600323
9.536538564017974
13.796321019995958
17.774531094997656
26.786013951001223
14.12430561502697
12.047103963966947
14.321790019981563
11.773129205044825
9.564751629950479
12.336605366959702
16.904781301040202
28.7293321909965
14.31050621997565
13.064773678022902
14.273664551030379
10.619454809988383
10.789218345016707
13.064602837956045
18.68130715400912
25.154184197017457
14.23708297801204
12.545393816020805
13.280525193957146
11.10454568703426
10.131333194032777
12.442839857947547
25.328876204031985
37.22769661404891
16.883614231017418
14.271927769994363
16.43740940495627
11.456300722958986
10.613644050026778
13.755967737000901
18.725751093996223
28.294431841000915
14.244841640000232
14.623054838972166
14.416970457008574
10.07539870304754
9.654398610000499
10.175132568983827
17.717130991979502
29.722701577004045
14.235892251017503
11.037945621006656
12.390223180002067
10.582482814032119
9.54237021697918
10.821404739981517
17.87122706399532
25.310153082944453
14.087878243997693
11.019410056003835
13.294268466008361
10.61163006402785
11.375531438970938
11.672940485994332
16.75312956603011
25.224251801962964
14.12040358997183
13.077320482989307
13.149686020973604
10.110546339012217
9.42859430698445
12.33183902699966
17.860884430992883
26.9955525000114
14.344682215945795
12.112970026035327
14.718378000950906
10.987564176029991
9.51685755798826
10.240926211990882
15.736318901996128
23.841190170962363
14.252719954994973
14.429280994983856
13.277711713977624
10.124208012013696
10.17275830701692
9.488199559040368
14.78285798203433
29.90343689295696
14.202044335019309
12.605832059052773
14.806537138996646
11.062830890994519
10.043407212011516
10.894257942971308
16.61537272197893
23.823623084987048
14.219032160006464
14.43790643295506
13.72543604200473
9.96623597299913
9.514483551029116
10.987586654024199
18.470514599001035
29.86736951302737
14.292140209989157
12.114010856952518
12.864327284973115
10.016521022014786
10.708435437001754
12.332665005000308
16.713896038010716
36.926616871962324
17.05987269600155
13.165401285979897
15.85919994302094
12.293384662014432
11.886570987000596
12.449066722008865
17.067581930023152
27.03254999598721
14.065602404996753
13.005787845002487
14.705903219990432
11.143460954015609
10.002592328004539
12.240875212999526
18.913749236962758
26.84837147901999
14.18015363899758
12.587708164006472
14.782223931979388
11.145354858017527
10.679602450982202
10.846051725035068
18.724969029950444
25.176180191978347
14.164794148004148
11.48761839501094
13.741227511956822
11.119510562974028
10.202128364006057
11.73424108204199
19.738277534022927
23.792296311992686
14.242840431979857
12.113968471996486
14.798135132994503
10.639218307973351
8.887348511023447
11.555385641986504
18.807113056012895
23.937841084960382
14.376234405033756
11.611827243003063
13.762780960008968
10.00249442202039
10.609732772980351
12.36641445197165
19.674593968025874
28.336580671020783
14.219245281012263
12.555306549009401
12.839937777956948
11.096709565958008
9.462556109996513
10.103126820002217
16.6990927309962
31.03236631100299
14.15637748001609
13.503284439037088
14.71169219299918
10.607249688007869
11.518303158052731
10.286684794002213
16.95995565596968
22.595514707965776
14.39333297801204
11.083363310957793
12.374800472985953
10.632618174946401
9.543943736993242
8.653467762982473
14.779789012973197
28.26293819100829
14.176879381993786
12.620832448999863
14.24321163300192
12.79638304701075
12.195863459026441
14.190504823985975
23.69459267501952
41.143745745997876
14.633381152991205
12.554386266041547
12.854069544991944
10.126513628987595
10.229643256985582
10.948007475002669
15.772403670998756
34.121232336969115
14.27397363097407
11.533784208993893
13.272757938015275
10.13892571197357
9.467202247993555
13.075718776031863
17.85967310797423
28.41693144303281
14.225695239962079
9.675389804004226
14.230938141990919
10.1014908470097
10.700511913048103
13.082746164000127
18.650836496963166
29.79407689202344
14.206930924963672
14.06076771300286
13.240411430015229
11.029252086998895
10.098173644044437
11.617708206002135
15.838290406041779
25.310788308037445
14.219905979989562
11.608466401987243
14.405803851026576
10.047225792950485
10.096169279015157
13.8112109079957
16.841170878033154
24.07275892002508
