1.8540759150055237
1.3136789530399255
1.3292466190177947
1.4089538310072385
1.4638014119700529
1.5776375149725936
1.8498574609984644
2.4275222580181435
1.3268779439968057
1.3158975060214289
1.3627779069938697
1.405620068020653
1.503596206952352
1.5755397350294515
1.8717843220219947
2.404110811999999
1.2502550369827077
1.326410801964812
1.3633231499698013
1.3928952070418745
1.4728105160174891
1.5828040770138614
1.882585518003907
2.3932084240368567
1.2746458500041626
1.354273863020353
1.3499981249915436
1.3884532510419376
1.4386984009761363
1.5876862830482423
1.8291844879859127
2.3612990690162405
1.3501802110113204
1.3122661730158143
1.3165228090365417
1.3507572980015539
1.484995397971943
1.627268779964652
1.894522299990058
2.444714308017865
1.3707593940198421
1.3172627899912186
1.3705861949711107
1.4264882620191202
1.4917165890219621
1.5808523609885015
1.8995738140074536
2.3907570999581367
1.2738268309622072
1.3313876730389893
1.3351974160177633
1.3856585639878176
1.4522752710036002
1.624112110992428
1.8688737660413608
2.3960670130327344
1.2897145900060423
1.3074963259859942
1.3293948990176432
1.3933059470145963
1.4449899760074914
1.5585440850118175
1.8736908900318667
2.3455063619767316
1.2999061360023916
1.3130098410183564
1.3103600799804553
1.401132528029848
1.4477659330004826
1.5493594190338627
1.8575665279640816
2.4096881030127406
1.2639714709948748
1.3562899950193241
1.3542644249973819
1.4120143639738671
1.4577538829762489
1.575953722000122
1.8293001469573937
2.418825564032886
1.27177805401152
1.3245582670206204
1.3981905620312318
1.390893149015028
1.4691488840035163
1.6533453519805335
1.888338218035642
2.4197674460010603
1.3599901720299385
1.346845433989074
1.3412330720457248
1.4841562900110148
1.42081102298107
1.5923113050521351
1.8553305779932998
2.4053979300078936
1.3084231149987318
1.3198427719762549
1.3039720429806039
1.3733564079739153
1.4868089940282516
1.6456777839921415
1.8483353109913878
2.424189435027074
1.347277620981913
1.3507991880178452
1.3505751070333645
1.398801386996638
1.993336551997345
2.07724579598289
2.502488848986104
3.230312309053261
1.787776046025101
1.8433098150417209
1.8677670569741167
1.3757649320177734
1.4391802789759822
1.615238118043635
1.85698396502994
2.415755810972769
1.3314260409679264
1.323324368975591
1.413052816002164
1.4072670100140385
1.4798779169796035
1.6172508439631201
1.822791942046024
2.407529807998799
1.3184665739536285
1.3105009970022365
1.337508592987433
1.3926291630486958
1.4804123410140164
1.6386432540020905
1.8669308109674603
2.4077410490135662
1.3340527610271238
1.3299465250456706
1.3391373889753595
1.3800515729817562
1.4696166229550727
1.6192648670403287
1.9066073339781724
2.4053646109532565
1.3149636629968882
1.3344492700416595
1.346685186959803
1.3722992020193487
1.4822779439855367
1.5761571300099604
1.8282353290123865
2.378549031971488
1.288117975986097
1.3374484330415726
1.360857680963818
1.3746992719825357
1.4486670579644851
1.5969416230218485
1.842669418954756
2.4787571300403215
1.2627684629987925
1.3312473309924826
1.3474635869497433
1.404020034999121
1.4807521779439412
1.623318328987807
1.878245587053243
2.404495956026949
1.312296318996232
1.335956961964257
1.3182247300283052
1.3918961200397462
1.4148643739754334
1.581978554953821
1.8648282929789275
2.3611840120283887
1.2920700259855948
1.3544291860307567
1.3449229290126823
1.3905715419678017
1.5035869390121661
1.5894763440010138
1.897983295028098
2.4648385510081425
1.397426539042499
1.351182836049702
1.3597421079757623
1.3656554180197418
1.4408364850096405
1.5983604119974189
1.8444972020224668
2.4356850929907523
1.334902181988582
1.3492428659810685
1.3533709039911628
1.4111045339959674
1.4241468379623257
1.534566273970995
1.853756164025981
2.3737341269734316
1.2465592139633372
1.3183346320292912
1.3361006639897823
1.3951020750100724
1.4058115140069276
1.586074297025334
1.8633582189795561
2.4403623240068555
1.2623525150120258
1.3347025199909694
1.346735387982335
1.3671649669995531
1.5200191480107605
1.5347285050083883
1.8778885490028188
2.346813755983021
1.303266593022272
1.2959405889851041
1.3379383209976368
1.3895652100327425
1.4641732939635403
2.1068352650036104
2.5111857510055415
3.2544380970066413
1.7442687359871343
1.871709163999185
1.811115114018321
1.386330106004607
1.4172112120431848
1.5869465559953824
1.834963791014161
2.356385625025723
1.2663209739839658
1.2939590429887176
1.3803700730204582
1.3769629859598354
1.4604234549915418
1.588216290983837
1.8305722759687342
2.4050418679835275
1.2652080570114776
1.3027350920019671
1.3401413259562105
1.3942891199840233
1.4598616499570198
1.599993797019124
1.871761028014589
2.412146753980778
1.3702569759916514
1.336911546997726
1.3527866029762663
1.3653519079671241
1.4656157329445705
1.5582255700137466
1.8656804649508558
2.438085691013839
1.3073424939648248
1.347306000010576
1.3208907780353911
1.399674219021108
1.4512161550228484
1.5735691550071351
1.8421900100074708
2.3967121749883518
1.3202614459441975
1.3309229839942418
1.3319739639991894
1.3815842320327647
1.4363015640410595
1.6357360979891382
1.8645052899955772
2.3752321339561604
1.323531150992494
1.4158287839964032
1.3378053810447454
1.36060869297944
1.475183370988816
1.5595956220058724
1.8879475049907342
2.3695128510007635
1.3449904039734975
1.3173849690356292
1.3305518070119433
1.3881482649594545
1.4209722009836696
1.590948147000745
1.8673299789661542
2.390456566994544
1.2581397059839219
1.3122386090108193
1.3353959820233285
1.4059875389793888
1.4467679480439983
1.573173662996851
1.8265334640163928
2.3606911409879103
1.2828792899963446
1.32271460397169
1.3237764019868337
1.4239415120100603
1.493549880979117
1.5959350590128452
1.8984720360022038
2.433698527980596
1.2888937930110842
1.3552177110104822
1.344543680024799
1.3816592329530977
1.4332223710371181
1.5834186329739168
1.849880961002782
2.396487905003596
1.3445222250302322
1.3364240510272793
1.3404864959884435
1.3905440529924817
1.4560579800163396
1.5890600020065904
1.8795463749556802
2.3879001020104624
1.3106875639641657
1.3083944010431878
1.354718414018862
1.3856939550023526
1.4859928649966605
1.5939314609859139
2.4636999100330286
3.3247390930191614
1.8213583820033818
1.8084838909562677
1.8848531789844856
1.8193670710315928
1.4414439899846911
1.593805484008044
1.8693694819812663
2.39590273500653
1.3142840120126493
1.3298977059894241
1.3509319150471129
1.3772435410064645
1.4647929290076718
1.5669059969950467
1.8392683729762211
2.417370602954179
1.325654841028154
1.3431213939911686
1.3643638910143636
1.4212828460149467
1.4456410929560661
1.568567548005376
1.8691437150118873
2.441034485003911
1.295820516999811
1.3552551299799234
1.317965105001349
1.4032191300066188
1.4632668329868466
1.5543919689953327
1.8617089469917119
2.392522460955661
