0.014285714285714285
0.010267857142857143
0.016517857142857143
0.02857142857142857
0.03526785714285714
0.09319196428571429
0.13738839285714285
0.20970982142857142
0.01328125
0.011383928571428571
0.014732142857142857
0.0203125
0.036941964285714286
0.08872767857142858
0.14508928571428573
0.20792410714285714
0.011160714285714286
0.010825892857142857
0.01752232142857143
0.024330357142857143
0.035825892857142855
0.08694196428571428
0.1458705357142857
0.196875
0.010379464285714285
0.016741071428571428
0.015066964285714286
0.023660714285714285
0.041629464285714284
0.10122767857142857
0.12879464285714284
0.20033482142857142
0.009040178571428572
0.013839285714285714
0.013950892857142858
0.01997767857142857
0.03984375
0.0796875
0.13716517857142857
0.20613839285714286
0.009486607142857142
0.010491071428571428
0.014174107142857143
0.02299107142857143
0.041741071428571426
0.059821428571428574
0.13404017857142858
0.18537946428571428
0.011941964285714285
0.0140625
0.019754464285714285
0.032589285714285716
0.03917410714285714
0.09274553571428572
0.1338169642857143
0.20758928571428573
0.01015625
0.010602678571428572
0.015513392857142858
0.026339285714285714
0.03627232142857143
0.07589285714285714
0.12767857142857142
0.2046875
0.012388392857142856
0.012388392857142856
0.015736607142857142
0.014397321428571428
0.04977678571428571
0.09040178571428571
0.14029017857142856
0.18683035714285715
0.008482142857142856
0.013839285714285714
0.019308035714285715
0.031026785714285715
0.04609375
0.07890625
0.1419642857142857
0.20089285714285715
0.014732142857142857
0.012053571428571429
0.018973214285714284
0.018526785714285714
0.041183035714285714
0.07667410714285715
0.14029017857142856
0.20502232142857144
0.011272321428571428
0.010491071428571428
0.016741071428571428
0.02299107142857143
0.03158482142857143
0.09241071428571429
0.1341517857142857
0.21707589285714285
0.011160714285714286
0.012165178571428572
0.01328125
0.028794642857142855
0.03270089285714286
0.08370535714285714
0.13671875
0.19888392857142856
0.011495535714285715
0.011160714285714286
0.011272321428571428
0.022767857142857142
0.06272321428571428
0.09475446428571428
0.13560267857142858
0.20926339285714285
0.01328125
0.014285714285714285
0.018638392857142857
0.021986607142857145
0.03716517857142857
0.08772321428571428
0.1435267857142857
0.19520089285714284
0.011941964285714285
0.013839285714285714
0.019642857142857142
0.025669642857142856
0.04252232142857143
0.09754464285714286
0.15
0.19776785714285713
0.011607142857142858
0.008147321428571429
0.013392857142857142
0.023549107142857142
0.049107142857142856
0.05613839285714286
0.13448660714285715
0.20703125
0.013058035714285715
0.011383928571428571
0.012388392857142856
0.023549107142857142
0.031138392857142858
0.08660714285714285
0.12421875
0.19910714285714284
0.009263392857142857
0.012834821428571428
0.015401785714285715
0.018191964285714287
0.044308035714285716
0.0890625
0.14665178571428572
0.19832589285714286
0.013504464285714286
0.010714285714285714
0.016741071428571428
0.0203125
0.03415178571428571
0.09977678571428572
0.13404017857142858
0.19988839285714285
0.011160714285714286
0.011049107142857144
0.016741071428571428
0.020535714285714286
0.02890625
0.08816964285714286
0.146875
0.19877232142857143
0.009821428571428571
0.013839285714285714
0.013839285714285714
0.02421875
0.03995535714285714
0.09330357142857143
0.12254464285714285
0.2017857142857143
0.009933035714285714
0.011272321428571428
0.014174107142857143
0.031473214285714285
0.044308035714285716
0.06629464285714286
0.1431919642857143
0.18895089285714287
0.011049107142857144
0.0125
0.010825892857142857
0.021205357142857144
0.050111607142857145
0.05569196428571429
0.128125
0.18917410714285715
0.010044642857142858
0.015066964285714286
0.012834821428571428
0.02533482142857143
0.06015625
0.07388392857142857
0.14129464285714285
0.20223214285714286
0.010825892857142857
0.013616071428571429
0.011383928571428571
0.021316964285714286
0.037834821428571426
0.08459821428571429
0.13002232142857142
0.19453125
0.011272321428571428
0.013727678571428571
0.0125
0.023660714285714285
0.03560267857142857
0.06462053571428572
0.1484375
0.21104910714285716
0.011272321428571428
0.011607142857142858
0.015736607142857142
0.02265625
0.03917410714285714
0.08169642857142857
0.13348214285714285
0.20546875
0.010379464285714285
0.010602678571428572
0.015066964285714286
0.029575892857142856
0.040736607142857144
0.09419642857142857
0.14006696428571427
0.19375
0.012723214285714286
0.015625
0.016183035714285716
0.024553571428571428
0.03203125
0.09832589285714285
0.13069196428571428
0.20379464285714285
0.011049107142857144
0.0140625
0.014620535714285714
0.02388392857142857
0.04832589285714286
0.08627232142857143
0.14017857142857143
0.1927455357142857
0.011607142857142858
0.01640625
0.013504464285714286
0.02299107142857143
0.04408482142857143
0.08962053571428572
0.13459821428571428
0.20279017857142856
0.010379464285714285
0.01015625
0.014732142857142857
0.03180803571428571
0.04263392857142857
0.08549107142857143
0.13526785714285713
0.1966517857142857
0.010714285714285714
0.013504464285714286
0.012834821428571428
0.02466517857142857
0.036830357142857144
0.103125
0.12142857142857143
0.20133928571428572
0.011941964285714285
0.00859375
0.014508928571428572
0.031473214285714285
0.042299107142857145
0.07857142857142857
0.14386160714285715
0.21060267857142856
0.010044642857142858
0.010714285714285714
0.013950892857142858
0.02466517857142857
0.04654017857142857
0.04765625
0.13359375
0.190625
0.011160714285714286
0.009933035714285714
0.0109375
0.022433035714285714
0.03616071428571429
0.08214285714285714
0.13649553571428572
0.19084821428571427
0.015290178571428571
0.009375
0.010602678571428572
0.02220982142857143
0.037388392857142856
0.08660714285714285
0.1390625
0.20357142857142857
0.012165178571428572
0.011272321428571428
0.015066964285714286
0.02466517857142857
0.05133928571428571
0.06104910714285714
0.15145089285714286
0.19888392857142856
0.008928571428571428
0.009486607142857142
0.021651785714285714
0.02265625
0.031138392857142858
0.08415178571428572
0.14040178571428572
0.2005580357142857
0.011049107142857144
0.01607142857142857
0.013504464285714286
0.02421875
0.05379464285714286
0.06049107142857143
0.14397321428571427
0.2080357142857143
0.011049107142857144
0.016183035714285716
0.0140625
0.02109375
0.03850446428571429
0.09296875
0.13046875
0.19642857142857142
0.011049107142857144
0.012834821428571428
0.019419642857142858
0.01830357142857143
0.044642857142857144
0.06640625
0.14241071428571428
0.20368303571428573
0.012388392857142856
0.008816964285714286
0.015401785714285715
0.03415178571428571
0.04252232142857143
0.08850446428571429
0.13604910714285715
0.20747767857142857
0.011383928571428571
0.011607142857142858
0.013058035714285715
0.02689732142857143
0.0578125
0.062276785714285715
0.13738839285714285
0.19564732142857144
