16.88077260099817
13.685066046979045
14.471808608999709
11.14123793001636
14.212680091994116
15.682553377002478
23.86389494399191
38.63869811798213
15.512943155976245
12.831170318997465
15.541884905978804
12.284484008006984
12.432280968991108
12.656423143984284
17.642140078998636
30.620959117019083
3.7392770369770005
13.234512772993185
15.016682392975781
10.575069287995575
11.23681184099405
11.87580147900735
18.774343711993424
29.349414438009262
15.452771662006853
15.868430437985808
13.167542359995423
11.726890204008669
11.119908585998928
15.588056149019394
17.773132090980653
29.269270330987638
15.41207052199752
15.639388329989742
11.436018251028145
12.250213827996049
11.212628276989562
14.190671288000885
18.713298190996284
26.22511385602411
15.488637680013198
13.231453500018688
13.439200044987956
13.413583863002714
11.18949341197731
13.538484457007144
17.786274397018133
30.49797667999519
15.381051152973669
12.723820436018286
14.552956166007789
11.69245656899875
11.190226592996623
12.698946080985479
15.693283578002593
29.126665405987296
15.42351111600874
13.68466426798841
14.490084834978916
11.709086810995359
11.704175723978551
15.606053597002756
15.782554514997173
27.689026233012555
15.556625158002134
13.386547596979653
16.182080899016
11.218075901997508
11.11511023301864
14.023501610005042
17.741221486998256
27.81526383399614
15.458256348996656
11.268685947987251
15.013920691999374
12.335778739972739
10.600865220010746
13.392214976018295
19.667901426000753
30.56424243602669
2.7883633710152935
13.784628919005627
15.05023330700351
12.762550971005112
11.213933700986672
16.597767812985694
21.62695492999046
38.30961712100543
4.629765586985741
13.862861561996397
16.12921129600727
12.295676467008889
11.755834271985805
11.173763173021143
19.677533887006575
32.10203519399511
2.71962318700389
14.784009757975582
15.085016097989865
11.285431666008662
10.66742787801195
14.972775721980724
21.62610941400635
33.60269377200166
15.8336980890017
14.000405137019698
14.761956814996665
10.682232808001572
11.260153366980376
12.609580863994779
18.743961911008228
24.679286981991027
15.68165144600789
14.882953035004903
13.088326533004874
11.778412904997822
10.52603498499957
14.980029450001894
17.717429488984635
29.230177315010224
15.59553025002242
13.913017712999135
12.547723639989272
11.819313359010266
11.817785943014314
13.405239749001339
19.782582815998467
26.296819460985716
15.634830550989136
13.45280618200195
15.178272278018994
10.739012844976969
11.294735406991094
13.40912498201942
19.0853490550071
29.67273238900816
15.802532503992552
15.012752176000504
13.611283342004754
11.822036350989947
10.619632594985887
13.553870806004852
17.833831672003726
29.395991266006604
15.67091887499555
13.511859628022648
15.689216038997984
11.80544022299
11.854250353004318
13.440299835987389
18.64351243901183
27.685160958993947
15.577632518979954
13.842781693994766
16.18767639499856
12.28311063000001
10.631897493003635
14.179513581999345
18.66606202800176
24.73402197798714
15.522845368977869
15.502869446005207
13.566552251024405
11.730621385999257
12.401294430019334
12.59100003700587
21.681264114013175
26.174864544998854
15.622529232990928
12.24144962799619
16.162082758994075
11.734247990010772
13.787681665009586
15.772350092011038
22.559230818995275
28.43919807198108
18.647363160998793
16.71135915699415
11.957594678009627
11.765183984010946
12.397074169974076
12.675168251007563
17.76380780499312
26.08663730599801
15.165176629001508
11.357669980992796
10.047984380973503
13.398264704010217
11.784112124005333
13.348749480996048
16.67801534800674
26.436115183023503
15.768766527995467
14.438223031989764
16.07096174301114
11.77179345098557
11.19877236400498
14.20923211297486
16.680026549001923
27.761654971982352
15.67008197499672
15.867171558988048
14.748007871996379
11.942747171997325
11.972177966003073
11.930329724011244
15.747827119979775
24.631959930993617
13.160384720977163
12.781938612984959
16.11942647298565
11.24040827297722
11.90532233499107
13.447245782008395
19.774525279994123
27.67485781101277
15.573912888998166
11.38125256600324
16.23895525399712
11.761724272015272
11.843952473020181
14.968978415010497
20.706365478981752
26.278453050996177
15.81145062900032
10.912199992017122
14.193693461973453
11.793528261012398
11.926668473985046
12.668938654009253
14.785368195007322
30.80530626597465
4.242492004006635
12.496409724990372
15.798586786986561
12.2658141439897
11.86719378901762
14.97089113399852
15.826339085004292
26.253501309023704
15.740367594000418
12.965310696978122
12.61041922000004
12.300833987013903
11.2350215910119
14.929874121007742
19.590430940996157
23.17546972099808
15.674815894017229
14.507734779996099
14.709089117997792
12.872536048991606
13.681517994002206
16.66570584499277
28.670022452017292
34.3792922720022
15.779397083999356
14.45098869499634
12.616822347976267
12.371578129997943
11.28217108300305
11.981111235014396
19.868779841985088
32.06878245100961
15.673546878009802
12.516910156002268
14.151207904011244
13.998234755010344
10.554788083012681
12.679276845999993
17.816425341006834
23.14280034499825
15.58797574500204
12.475904773018556
15.789763328997651
11.309016140992753
11.273612881021108
14.920916760980617
14.734909053979209
20.299011437018635
15.756346645997837
13.377871742995922
15.626804037980037
12.28300995499012
11.872158760001184
14.939429769990966
18.703863136994187
30.56204827298643
15.762965684989467
13.008442540012766
12.621975151996594
11.1924775710213
12.028367624006933
11.20971731300233
16.849849744001403
24.60521726301522
15.691469673998654
13.936326577997534
16.295408276986564
13.450101254013134
13.127310232986929
13.481211942998925
19.787695049017202
32.43298814599984
15.864568757999223
16.20951730100205
13.74799697700655
12.967526422988158
10.663812022015918
14.258944914996391
20.70209532699664
32.11966950297938
15.756514758017147
14.448402728012297
16.21029790499597
12.955160672019701
13.180898149992572
14.198573439993197
17.871819149993826
30.74171863499214
15.63184571597958
12.896128689026227
14.124515411996981
11.793094909982756
11.834248861006927
12.106265269016149
17.735776348010404
29.495065082010115
2.80562837299658
16.044690112990793
14.699922116007656
13.87741621400346
15.313164079998387
17.915929691982456
26.68196163797984
32.63544253699365
18.57875627701287
15.923421555984532
13.11081100901356
11.74497458699625
11.284329766000155
14.966562343994156
16.819312191015342
24.645071463979548
15.727765969000757
13.53851344998111
13.19973138498608
11.280632179987151
10.631744144979166
15.001346517994534
17.754418181983056
26.731076961004874
15.696517984004458
15.586012887011748
16.414655166008743
12.533471014001407
11.292253438004991
12.799038145021768
16.804673843987985
23.172740231995704
