0.4450281189929228
0.6427503489976516
1.071125882997876
1.8800219989934703
3.3014500069984933
5.7177420030056965
10.837707490994944
20.882739157008473
0.4130757539969636
0.6817465500062099
1.0945915460033575
1.9103297900001053
3.2029088669951307
6.004969635003363
10.998692799999844
21.0664849300083
0.4115142009977717
0.670509025992942
1.1162961079971865
1.9089116690010997
3.336590888997307
6.007819493999705
11.000196829991182
20.80686963799235
0.418285249004839
0.6764379770029336
1.1110089139983756
1.9373271690128604
3.378266092011472
5.991128558991477
10.842855779003003
20.882960085000377
0.4142742379917763
0.6877761489886325
1.1659990189946257
1.8552874809975037
3.215558310999768
5.791681028000312
11.030734619998839
20.773108825000236
0.4643364020012086
0.6131211719912244
1.176955390998046
1.8433412419981323
3.2580539680056972
5.761726237004041
11.139823498990154
20.97440446598921
0.4609036890033167
0.6095613590005087
1.068214037004509
1.8582536340109073
3.239401494996855
5.810137628010125
11.099933466990478
20.837810087003163
0.4634219040017342
0.6357008979975944
1.077464889996918
1.8631153680034913
3.2469942509924294
5.730912544007879
11.066865043001599
20.929517048003618
0.4765820739994524
0.6259786500013433
1.0876706470007775
1.8774577480071457
3.270981784997275
5.871903994004242
11.104571470001247
20.92559418300516
0.5048986220062943
0.6258330510027008
1.1007138169952668
1.8628384769981494
3.2861150710086804
5.737755207999726
11.151713436003774
21.083667740997043
0.477494081002078
0.63944822299527
1.0732582769996952
1.8410647659911774
3.3606019630096853
6.069783881001058
11.095316620994709
21.311290997007745
0.508698903999175
0.6849032379977871
1.0715230869973311
1.838024247001158
3.21951946199988
6.088961843997822
11.42241274000844
20.52413720099139
0.4704003850056324
0.6251941019872902
1.0777182879974134
1.8781357080006273
3.2485106300009647
5.78879811000661
10.997635132996948
20.787105032999534
0.48403154700645246
0.6226651750039309
1.0903888339962577
1.852537938990281
3.355750034999801
5.73236751499644
11.195921696998994
21.098249055998167
0.4720685770007549
0.6222465650062077
1.067928402000689
1.8678131960041355
3.2793212949909503
5.84555184400233
11.033790429995861
20.93241917999694
0.47898140900360886
0.6248734730033902
1.0727433179999935
1.891407604998676
3.305244004994165
5.79437533399323
10.973949740000535
20.919003274000715
0.46758114600379486
0.6229350590001559
1.1297095100017032
1.867203268004232
3.2663656849908875
5.747201060003135
10.969088965997798
20.944857123002294
0.48084081399429124
0.6215624499891419
1.0737664129992481
1.8652911509998376
3.321384762006346
5.775347988994326
11.031689359006123
21.023912078002468
0.47490008200111333
0.6303990940068616
1.0904117979953298
1.8552917950000847
3.2420796410006005
5.78686563600786
10.967976104991976
20.86577621399192
0.4759420859918464
0.6436152630049037
1.071978299994953
1.8390299070015317
3.305572868004674
5.803180814007646
11.075628353006323
20.995972867007367
0.4821312179992674
0.636763524991693
1.0700333879940445
1.8584907240001485
3.2941415139939636
5.826611630996922
11.02915306200157
20.854155249006
0.4785498830024153
0.6333590150024975
1.08396223699674
1.87271217298985
3.345580275010434
5.7073185260087484
10.997858635004377
21.052003548000357
0.4787509590096306
0.6380387079989305
1.1187494699988747
1.8589305130008142
3.2572967559972312
5.845977223987575
10.983067421999294
20.818923533995985
0.47377251599391457
0.6303208459867164
1.0880405710049672
1.8472850940015633
3.245127197005786
5.721453103004023
11.035709716990823
20.821176348006702
0.47461150999879465
0.6231549939984689
1.0694834510068176
1.8702863789949333
3.3166167129966198
5.7933422819914995
10.996446627992555
20.93364761999692
0.48174153998843394
0.6309862259950023
1.080328094001743
1.858836594998138
3.3102811409917194
5.74186934500176
11.113016720992164
21.091282335997676
0.47640150699589867
0.6353137440019054
1.0610467829974368
1.845102807987132
3.293568925000727
5.824518834997434
10.997779234996415
20.97301657499338
0.46754165799939074
0.6435384829965187
1.0725460380053846
1.9664152350014774
3.318829441006528
6.119637556999805
11.327551718000905
21.457104527988122
0.5189721269998699
0.7042024989932543
1.0770057570043718
1.8122975190053694
3.2371798009990016
6.108229478006251
11.086227117004455
21.202554932999192
0.4806756239995593
0.6318606179993367
1.0758628479961772
1.9629746050050016
3.241999019999639
5.724544509997941
11.005672551997122
20.990389278988005
0.4734748619957827
0.629666474997066
1.0930200869916007
1.8725345459970413
3.3194333819992607
5.879487019003136
11.118948325995007
20.934781308998936
0.4752349779882934
0.6281574759923387
1.082709246999002
1.9356126990023768
3.2492214550002245
5.778514459001599
11.024620052005048
20.90211354699568
0.4799278059945209
0.6332068079937017
1.1163761329953559
1.8756409000052372
3.2364003130060155
5.9050315620115725
10.988914440997178
20.934569848002866
0.4717351669969503
0.6241719639947405
1.0742487179959426
1.8518417849991238
3.269381500998861
5.762417243997334
11.035994535995997
21.005941908006207
0.46695544400427025
0.6275402840110473
1.062185058995965
1.8855592680047266
3.2332871230028104
5.734463514992967
10.988316218994441
21.15306313399924
0.47607369199977256
0.6277358859952074
1.091439714000444
1.8628902530035703
3.2623003810003866
5.911261751985876
11.065015739004593
20.871066291001625
0.4787644080061
0.6342910219973419
1.0746537279919721
1.8408267399936449
3.2513052280119155
5.7619626770028844
11.072896392986877
21.180052730996977
0.47113366799021605
0.6375789390003774
1.0834689750045072
1.8756540239992319
3.265678305993788
5.814736557993456
10.995566197001608
20.895676857006038
0.4725042749923887
0.6323579120071372
1.0959443409956293
1.8528817059996072
3.2313102280022576
5.783511497997097
11.017611142000533
20.815832522988785
0.48547735600732267
0.6322560279950267
1.104843113993411
1.8768177759920945
3.2727785180031788
5.776307984997402
11.135123962012585
20.782566675014095
0.4859214549942408
0.6778142630064394
1.078250067002955
1.8772946649987716
3.2757909139909316
5.898869893993833
11.059759503012174
20.917944177999743
0.4815611300000455
0.629424005994224
1.081247177993646
1.8782573630014667
3.246415244997479
5.727527969997027
10.9743640129891
20.900171012006467
0.4769849040021654
0.6243886769952951
1.0785822610050673
1.8619100719952257
3.264520131997415
5.778294322997681
10.991371676005656
21.072536170991953
0.48111102399707306
0.6524984230054542
1.0812472730031004
1.9231384900049306
3.403954358000192
6.090293150002253
10.988218143000267
21.51159274300153
0.530551382995327
0.6914954270032467
1.1118923330068355
1.8925468270026613
3.314625885002897
6.042788494989509
11.30851371200697
20.49712370200723
