0.13864652699703583
0.28886641500139376
0.48248043000057805
0.8210521050059469
1.4022002519996022
2.493723874002171
4.904703415995755
8.743798244999198
0.1293317780000507
0.2845859919980285
0.47119267100060824
0.8183379909969517
1.3810053409979446
2.597409019006591
4.7337692200017045
8.690047963005782
0.12855197399767349
0.291055926005356
0.48163252599624684
0.7934475600050064
1.3400287260010373
2.372246137994807
4.740856856995379
8.703946736000944
0.12358314800076187
0.2996260709987837
0.5000335209988407
0.8061301260022447
1.3198321200034115
2.3980892730032792
4.639928726996004
8.534969349995663
0.1397265330015216
0.2826202810028917
0.4713771709939465
0.8773056999998516
1.3597457290015882
2.3960183630042593
4.668437377004011
8.200447396004165
0.1281366719995276
0.28471749299933435
0.4637586309981998
0.7819753000003402
1.3342833960050484
2.3687619199990877
4.7832624790025875
8.27025956199941
0.1346050060019479
0.2755959450005321
0.472638678002113
0.8330052669989527
1.3510151840018807
2.433268658001907
4.739598050000495
8.482243272999767
0.13073898499715142
0.29978187199594686
0.46655684600409586
0.8057233240033383
1.402672853997501
2.470032450000872
4.732032310996146
8.552095838997047
0.13412240300385747
0.30259048599691596
0.48698395300016273
0.8511855620017741
1.3509073829991394
2.5551758970032097
4.791239022000809
8.294582390000869
0.1383217250040616
0.2863395010062959
0.48220942800253397
0.8492220530024497
1.384452958998736
2.484847528998216
4.70297685800324
8.336220008000964
0.13592721299937693
0.30936202200246044
0.481282722998003
0.8116907560033724
1.3704074850029428
2.4224261100025615
4.90667529500206
8.412804600004165
0.13523227099358337
0.31104674500238616
0.4859843189988169
0.818316181001137
1.366330327000469
2.4535477809986332
4.753186532994732
8.587328936999256
0.13008075400284724
0.29140836899750866
0.39823180999519536
0.8840411669953028
1.2410497789969668
2.4337267270020675
4.983130273001734
9.076253594001173
0.1792163120044279
0.3132984949988895
0.544634275000135
0.8726817499991739
1.2504089810026926
2.396929841997917
4.307347216999915
8.79095717400196
0.13364538400492165
0.2866508689985494
0.47136741600115784
0.827736945997458
1.3485460200026864
2.378924515003746
4.794242330004636
8.348000315003446
0.14034512199577875
0.29899593900336185
0.4907216259962297
0.6968470880019595
1.4014159190046485
2.51729807099764
4.73781602300005
8.38851325900032
0.1313751769994269
0.33256081600120524
0.4968116650052252
0.825287161002052
1.3673495600014576
2.4694037540029967
4.841021109001304
8.703093673000694
0.13855381599569228
0.3002576520011644
0.48992913300025975
0.8232678579952335
1.359911234001629
2.4276864580024267
4.689693363994593
8.351194714996382
0.13854651700239629
0.30224116500176024
0.48649321799894096
0.8165981280035339
1.3557897200007574
2.4411298420018284
4.756342433996906
8.237287967000157
0.1359191040028236
0.2893310989966267
0.5083708339952864
0.8272925869969185
1.3701023000030546
2.4339626130022225
4.736376647000725
8.255951491002634
0.1358281039938447
0.29354472200066084
0.4784884799955762
0.8161458309987211
1.3423197599986452
2.401317650001147
4.6044808750011725
8.281909889999952
0.1351725880012964
0.29817611800535815
0.47126140000182204
0.8234860980010126
1.3422017470002174
2.4402821569965454
4.693633975999546
8.398786234996805
0.1367385990015464
0.31771682600083295
0.48436568100441946
0.8720492680004099
1.36212928200257
2.397249292997003
4.637590992999321
8.215698770996823
0.13338288499653572
0.2967192249998334
0.4828425809973851
0.8257765439993818
1.3326431509995018
2.448763392996625
4.624049288002425
8.289947659999598
0.13319688599585788
0.295397920999676
0.4756756499991752
0.8379785159995663
1.347125539999979
2.392871830998047
4.649756164995779
8.245382207998773
0.13339268799609272
0.29179210500296904
0.4941784490001737
0.8417191420012387
1.3692191649970482
2.4336206579973805
4.727846000001591
8.29679192599724
0.1376368100027321
0.29503822299739113
0.4812414850021014
0.8061711629998172
1.3368934050013195
2.389686144000734
4.608956109004794
8.231765627999266
0.1339656929994817
0.29611072999978205
0.48822712299443083
0.8264955720005673
1.3420121369999833
2.6440068669980974
4.75502808100282
8.457670023999526
0.13781751299393363
0.30155085899605183
0.4857433110009879
0.8186900340006105
1.406187771994155
2.439183613998466
4.776549203001196
8.482756372999575
0.1455350530013675
0.29615103200194426
0.5243266119941836
0.8453778719995171
1.424921870995604
2.431313376997423
4.664485329994932
8.449626314002671
0.13703200899908552
0.34324977600044804
0.4921906460003811
0.8241019639972365
1.3763098210038152
2.4918686940000043
5.086928421995253
9.293645691002894
0.13876831800007494
0.31911855100042885
0.5313148499990348
0.682432431000052
1.2506183279983816
2.37825272900227
5.169495988004201
9.149249371002952
0.14849296399916057
0.2998079430035432
0.5262251099993591
0.6907660569995642
1.370477258999017
2.4599407730056555
4.702308329004154
8.641832337001688
0.14488234699820168
0.2941277159989113
0.5114107369954581
0.8323577920018579
1.411617480996938
2.4488816329976544
4.705485277001571
8.393344809002883
0.13582170099834912
0.30297936399438186
0.48601750799571164
0.830418285993801
1.362499333001324
2.401632098997652
4.856406774997595
8.406055906998517
0.14071882700227434
0.2990222439984791
0.5109787390028941
0.846921475000272
1.3712213830003748
2.53804721099732
4.858920801998465
8.372949960001279
0.15167028400173876
0.2939811190008186
0.47971817899815505
0.8289247840002645
1.396120814999449
2.4166396889995667
4.6279379179977695
8.303169013997831
0.13967172199772904
0.28516607400524663
0.47457175300223753
0.8249037639980088
1.3589849249983672
2.443105029997241
4.659903289997601
8.238267089996953
0.1348553970019566
0.29744953800400253
0.4882495240017306
0.8213927469987539
1.3592656280015945
2.413820781002869
4.723256021999987
8.235927485002321
0.1356724020006368
0.2958666289996472
0.3764172459996189
0.8313431990027311
1.3715639930014731
2.411405670005479
4.8249108500021975
8.85454118999769
0.13391079300345154
0.2958885299958638
0.4901032350026071
0.8335750099940924
1.3554959100001724
2.5438437560005696
4.909024287000648
8.40936428999703
0.13537060000089696
0.2934222170006251
0.4927406479982892
0.8139110089978203
1.3424625429979642
2.4120215739967534
4.6134224600027665
8.36563856700377
0.1362812049992499
0.2849261020019185
0.48314980899885995
0.8341391629946884
1.3710221410001395
2.430793909006752
4.66371934399649
8.456053412999609
0.13960026900167577
0.2963440290041035
0.4150661760068033
0.8115639419993386
1.3540303949994268
2.4146194600034505
4.699204757998814
8.290176092996262
0.14128456499020103
0.30616755499795545
0.4969159840111388
0.8162993020087015
1.3651530530041782
2.420818724000128
4.716248538999935
8.551421775002382
