0.014
0.011333333333333334
0.010555555555555556
0.013333333333333334
0.014333333333333333
0.012777777777777779
0.012333333333333333
0.015333333333333332
0.011555555555555555
0.009777777777777778
0.009888888888888888
0.007222222222222222
0.011
0.013222222222222222
0.013666666666666667
0.011222222222222222
0.010222222222222223
0.008888888888888889
0.016444444444444446
0.007666666666666666
0.013777777777777778
0.010888888888888889
0.016666666666666666
0.015555555555555555
0.009888888888888888
0.011222222222222222
0.010444444444444444
0.009666666666666667
0.01211111111111111
0.007
0.017
0.022555555555555554
0.011222222222222222
0.012444444444444444
0.01211111111111111
0.015666666666666666
0.013444444444444445
0.015555555555555555
0.011666666666666667
0.025222222222222222
0.011555555555555555
0.011111111111111112
0.011555555555555555
0.010888888888888889
0.011222222222222222
0.010222222222222223
0.011111111111111112
0.013666666666666667
0.012555555555555556
0.012777777777777779
0.009888888888888888
0.01211111111111111
0.013666666666666667
0.011111111111111112
0.014
0.015555555555555555
0.011444444444444445
0.011
0.010555555555555556
0.011111111111111112
0.010888888888888889
0.010555555555555556
0.01888888888888889
0.015222222222222222
0.012777777777777779
0.011444444444444445
0.010333333333333333
0.011666666666666667
0.013777777777777778
0.012555555555555556
0.014666666666666666
0.01622222222222222
0.011555555555555555
0.011666666666666667
0.011111111111111112
0.008777777777777778
0.011444444444444445
0.014666666666666666
0.015222222222222222
0.013
0.008555555555555556
0.010555555555555556
0.011333333333333334
0.010666666666666666
0.010555555555555556
0.012777777777777779
0.015
0.014888888888888889
0.010555555555555556
0.010222222222222223
0.01011111111111111
0.012222222222222223
0.009666666666666667
0.015666666666666666
0.013222222222222222
0.012555555555555556
0.012888888888888889
0.011222222222222222
0.015222222222222222
0.011111111111111112
0.009111111111111111
0.011222222222222222
0.010444444444444444
0.025666666666666667
0.011444444444444445
0.012222222222222223
0.01
0.008666666666666666
0.0067777777777777775
0.010666666666666666
0.012888888888888889
0.011888888888888888
0.010666666666666666
0.011888888888888888
0.010333333333333333
0.011777777777777778
0.008333333333333333
0.009888888888888888
0.011888888888888888
0.018666666666666668
0.008777777777777778
0.010444444444444444
0.009333333333333334
0.012333333333333333
0.01
0.012777777777777779
0.009888888888888888
0.015222222222222222
0.0071111111111111115
0.010666666666666666
0.01211111111111111
0.012333333333333333
0.011666666666666667
0.010777777777777778
0.009666666666666667
0.012777777777777779
0.01
0.012666666666666666
0.012555555555555556
0.010666666666666666
0.010222222222222223
0.008
0.013777777777777778
0.013888888888888888
0.009111111111111111
0.012777777777777779
0.01211111111111111
0.014333333333333333
0.012444444444444444
0.014666666666666666
0.020444444444444446
0.018111111111111113
0.010333333333333333
0.012888888888888889
0.01211111111111111
0.011333333333333334
0.010666666666666666
0.007555555555555556
0.013888888888888888
0.013222222222222222
0.013111111111111112
0.011777777777777778
0.009777777777777778
0.009777777777777778
0.010777777777777778
0.012888888888888889
0.010444444444444444
0.011111111111111112
0.012555555555555556
0.01411111111111111
0.011555555555555555
0.008777777777777778
0.012666666666666666
0.013888888888888888
0.013222222222222222
0.012333333333333333
0.010555555555555556
0.009
0.010888888888888889
0.011777777777777778
0.012222222222222223
0.011888888888888888
0.015111111111111112
0.014444444444444444
0.009888888888888888
0.011333333333333334
0.012444444444444444
0.011333333333333334
0.009555555555555555
0.015222222222222222
0.013222222222222222
0.013
0.01211111111111111
0.011
0.009111111111111111
0.008333333333333333
0.01211111111111111
0.014
0.012555555555555556
0.011444444444444445
0.012333333333333333
0.009777777777777778
0.011444444444444445
0.011444444444444445
0.010666666666666666
0.013666666666666667
0.009555555555555555
0.017777777777777778
0.008666666666666666
0.012
0.010888888888888889
0.009
0.01011111111111111
0.018444444444444444
0.011222222222222222
0.013222222222222222
0.012666666666666666
0.01011111111111111
0.010333333333333333
0.012444444444444444
0.010666666666666666
0.010555555555555556
0.013222222222222222
0.019666666666666666
0.008666666666666666
0.011666666666666667
0.009333333333333334
0.010333333333333333
0.013
0.009888888888888888
0.013
0.01622222222222222
0.009888888888888888
0.009222222222222222
0.009333333333333334
0.011666666666666667
0.009888888888888888
0.010666666666666666
0.013111111111111112
0.017888888888888888
0.011666666666666667
0.010444444444444444
0.011444444444444445
0.010222222222222223
0.009555555555555555
0.011333333333333334
0.017555555555555557
0.014888888888888889
0.01
0.011888888888888888
0.010888888888888889
0.011555555555555555
0.008222222222222223
0.013444444444444445
0.01411111111111111
0.021333333333333333
0.012555555555555556
0.010666666666666666
0.008666666666666666
0.012222222222222223
0.012666666666666666
0.011111111111111112
0.012222222222222223
0.011666666666666667
0.011111111111111112
0.010444444444444444
0.011888888888888888
0.014
0.014222222222222223
0.012555555555555556
0.01622222222222222
0.017555555555555557
0.011666666666666667
0.011888888888888888
0.011
0.011333333333333334
0.011666666666666667
0.01211111111111111
0.014777777777777779
0.013333333333333334
0.010888888888888889
0.012666666666666666
0.01633333333333333
0.010888888888888889
0.012777777777777779
0.011111111111111112
0.014555555555555556
0.023333333333333334
0.011555555555555555
0.010555555555555556
0.009888888888888888
0.009777777777777778
0.011
0.012333333333333333
0.012444444444444444
0.021222222222222222
0.009
0.012222222222222223
0.013333333333333334
0.008555555555555556
0.013333333333333334
0.008777777777777778
0.012222222222222223
0.018666666666666668
0.011777777777777778
0.013444444444444445
0.012444444444444444
0.010555555555555556
0.009555555555555555
0.011444444444444445
0.012333333333333333
0.022111111111111113
0.011222222222222222
0.012555555555555556
0.013111111111111112
0.01
0.011
0.01611111111111111
0.014555555555555556
0.014888888888888889
0.009444444444444445
0.010777777777777778
0.010555555555555556
0.01211111111111111
0.009444444444444445
0.014
0.015333333333333332
0.020888888888888887
0.01
0.012666666666666666
0.010444444444444444
0.012
0.015333333333333332
0.011333333333333334
0.012888888888888889
0.012777777777777779
0.012555555555555556
0.010777777777777778
0.012222222222222223
0.011666666666666667
0.011888888888888888
0.011222222222222222
0.012333333333333333
0.017555555555555557
0.009222222222222222
0.012222222222222223
0.009111111111111111
0.01411111111111111
0.012777777777777779
0.011777777777777778
0.010666666666666666
0.012333333333333333
0.011222222222222222
0.009666666666666667
0.011777777777777778
0.012
0.013333333333333334
0.013111111111111112
0.014888888888888889
0.018
