0.14729588899353985
0.36745806600083597
0.505188499999349
0.7883771089982474
1.3288198880036362
3.2924326450010994
6.13724747300148
11.257446165996953
0.1381479340052465
0.37384808500064537
0.5144984289945569
0.7959837189991958
1.3416164069931256
3.199273535006796
6.034358619013801
11.368265985001926
0.14632897300180048
0.38338412399752997
0.4967073209991213
0.8825942539988318
1.2331267010013107
3.336742580999271
6.098449917000835
11.332318850007141
0.1397936360008316
0.37037484800384846
0.5035666480107466
0.788618245991529
1.3195206350064836
3.2212560240004677
6.088756580007612
11.380690754012903
0.14457495899114292
0.392973163005081
0.5487929790106136
0.8944317909918027
1.3631703480059514
3.29349586799799
6.169510740990518
11.668515252997167
0.1471289710025303
0.21596583099744748
0.5667725690000225
0.8616810130042722
1.2530440620030276
2.317678735998925
5.996507395000663
11.436460267999792
0.14315594900108408
0.38944943899696227
0.5112656749988673
0.8021447979990626
1.3192058019922115
3.2576524439937202
6.072038165002596
11.3479389599961
0.1430174479901325
0.2006863529968541
0.510009674995672
0.815594878004049
1.3345872979989508
3.254928665992338
6.063461687008385
11.561988600995392
0.14367635299277026
0.2040284689865075
0.5028522350039566
0.8599972049996722
1.2428964110004017
3.3325166560098296
6.045555861986941
11.414769875002094
0.14553486200748011
0.39197535198763944
0.5081584599975031
0.8050800139899366
1.3439581339916913
3.249973111000145
6.055640292994212
11.375744132004911
0.14015903300605714
0.1987955399963539
0.4826486259989906
0.8311398490041029
1.2294421319966204
3.312260927996249
6.086766541993711
11.307635650999146
0.14511345900245942
0.39358475799963344
0.5334729900059756
0.8179849779990036
1.3450318340037484
3.272237914003199
6.049491937999846
11.326265433002845
0.14033183400169946
0.3785559789976105
0.5106223699986003
0.7996821819979232
1.3073793360090349
3.243264658987755
6.0984341880102875
11.505028056999436
0.1422415440028999
0.22286566499678884
0.5035086330026388
0.8703258509922307
1.8395529179979349
3.3340683309943415
6.036886161993607
11.369175640007597
0.14292914800171275
0.38204969800426625
0.5315660790074617
0.8320869510062039
1.3214375079987803
3.2072652670030948
6.056761564002954
11.290618623999762
0.1465313660009997
0.3978408800030593
0.5217957279965049
0.8115753419988323
1.3566097910079407
3.246957173003466
6.090756439007237
11.384574812997016
0.14761967099912
0.2023164580023149
0.4980932040052721
0.8654343240050366
1.83296158099256
2.3255671560036717
5.965439384002821
11.39682282099966
0.1436594169936143
0.3766885819932213
0.5035427200054983
0.7983919020043686
1.3505402809969382
3.248858040999039
6.080820937000681
11.494937416995526
0.15388397801143583
0.3863941559975501
0.5363143170106923
0.8277756990137277
1.3354214790015249
3.295593246992212
6.199699143006001
11.420285978005268
0.14468273799866438
0.3943733120104298
0.530289308007923
0.8281744330015499
1.3341993250069208
3.2619334969931515
6.119309949004673
11.339238538988866
0.14940266599296592
0.2013122330099577
0.5259527010057354
0.8257224440021673
1.3322677499963902
3.2343029390031006
6.090498652003589
11.449152770001092
0.157822113003931
0.20043463401088957
0.5306752370088361
0.7870782609970775
1.3707615739986068
3.413348418995156
6.260524529003305
11.77117790900229
0.1483054669952253
0.20902928098803386
0.549432440995588
0.8840810730034718
1.304087046009954
2.3208165089890826
6.150798333008424
11.834495262999553
0.15362229499442037
0.21265190100530162
0.5439297179982532
0.8849059839994879
1.2562277090037242
2.2999954179977067
6.067447546010953
11.583426744997269
0.15212308899208438
0.3809664759901352
0.4986335860012332
0.8692354090017034
1.825701769994339
3.2937180849985452
5.975731900995015
11.409551896998892
0.14857337099965662
0.4058545059961034
0.5445608259906294
0.8107172070012894
1.2729082070000004
3.3335686040081782
5.959980739004095
11.509137451997958
0.1456386559875682
0.39227193700207863
0.5037348149926402
0.8995424710010411
1.2541937130008591
2.2722205000027316
6.044173390997457
11.40017371099384
0.14329114501015283
0.38560090299870353
0.4872665309958393
0.8518107479903847
1.2308512640011031
3.3418497040111106
5.967733459998271
11.46549694800342
0.14086014799249824
0.38987486899713986
0.5047264769964386
0.8091513879917329
1.3363424760027556
3.2321911019971594
6.050889293997898
11.37403489400458
0.14809688201057725
0.3808873100060737
0.5227055569994263
0.7834321299887961
1.345059487997787
3.308454924990656
6.104087835003156
11.360343072999967
0.14453356000012718
0.38321011399966665
0.5233532510028454
0.8042153249989497
1.35180269999546
3.237719199998537
6.106156350011588
11.38660884599085
0.14620396700047422
0.3843061149964342
0.5369737159926444
0.803936814001645
1.3428262380039087
3.254532651990303
6.131313518999377
11.313357850012835
0.14078883799083997
0.3828504039993277
0.5243723449966637
0.7958325650106417
1.3413913190015592
3.277576346998103
6.118928707001032
11.380393518003984
0.15018308600701857
0.3927819529926637
0.5272455559897935
0.7991586770076538
1.3506077589991037
3.251002190998406
6.084775595998508
11.44093907700153
0.14710656899842434
0.19829003600170836
0.5219031260057818
0.8003730810014531
1.3351942730078008
3.293723600989324
6.066648279011133
11.41845702000137
0.14278514600300696
0.38749892300984357
0.5272302530065645
0.8470344210072653
1.2434847909898963
2.2692404450062895
6.015872499003308
11.485148740990553
0.14724336899234913
0.3776829709968297
0.5336279850016581
0.7987927689973731
1.327524127002107
3.2403238069964573
6.1237887519964715
11.363362388001406
0.14399025199236348
0.3796577809989685
0.5083905520004919
0.7870246060047066
1.3610650000046007
3.2277761379955336
6.047324861006928
11.454564162006136
0.14223096400382929
0.2004253740014974
0.480201272002887
0.8609876050031744
1.2377189139951952
2.3058103099901928
5.981664902996272
11.49600173899671
0.14400756699615158
0.39232728599745315
0.5348298419994535
0.7997353469982045
1.3470088469912298
3.3182087970053544
6.144831862999126
11.585906350999721
0.15203800500603393
0.2049884840089362
0.5707489170017652
0.9103275100060273
1.2650154810107779
2.298781735007651
6.15751259100216
11.45727482601069
0.15091529498749878
0.19930635001219343
0.5345326159877004
0.7776433949911734
1.3551542350032832
3.236500435989001
6.116926587987109
11.400702169004944
0.14393965699127875
0.3925245639984496
0.5052050550002605
0.8596539169957396
1.2312982689909404
2.286372611008119
5.9757761860091705
11.393054326996207
0.14626506800414063
0.39016304799588397
0.5332176990050357
0.8049926239909837
1.3415480389958248
3.2636327240034007
6.103904820993193
11.415150775006623
0.14543906300968956
0.20716168600483797
0.5039135420083767
0.8677255489892559
1.8217056510038674
2.2674500870052725
6.023774175992003
11.424754381994717
