0.008370535714285714
0.01752232142857143
0.02611607142857143
0.06707589285714285
0.09497767857142857
0.12522321428571428
0.1822544642857143
0.20535714285714285
0.008816964285714286
0.016294642857142858
0.03515625
0.06238839285714286
0.10691964285714285
0.13236607142857143
0.1630580357142857
0.203125
0.010379464285714285
0.023549107142857142
0.032477678571428574
0.06796875
0.10212053571428571
0.13816964285714287
0.17466517857142858
0.20725446428571428
0.013616071428571429
0.015736607142857142
0.028125
0.06908482142857143
0.10959821428571428
0.12444196428571429
0.17008928571428572
0.21205357142857142
0.009933035714285714
0.01763392857142857
0.03504464285714286
0.0640625
0.09743303571428572
0.12779017857142858
0.17109375
0.20401785714285714
0.012611607142857143
0.015401785714285715
0.026450892857142857
0.05803571428571429
0.10178571428571428
0.12845982142857143
0.16395089285714284
0.20379464285714285
0.012053571428571429
0.018080357142857145
0.03214285714285714
0.06595982142857143
0.10491071428571429
0.13013392857142858
0.1728794642857143
0.20669642857142856
0.009040178571428572
0.014174107142857143
0.02689732142857143
0.055357142857142855
0.10267857142857142
0.12399553571428572
0.16618303571428572
0.2095982142857143
0.011830357142857142
0.009486607142857142
0.04006696428571429
0.06741071428571428
0.09453125
0.13013392857142858
0.1654017857142857
0.20792410714285714
0.0125
0.018415178571428572
0.026450892857142857
0.061160714285714284
0.09665178571428572
0.13984375
0.17098214285714286
0.20290178571428572
0.011383928571428571
0.015959821428571427
0.029910714285714287
0.06506696428571429
0.09363839285714286
0.12678571428571428
0.16238839285714285
0.20792410714285714
0.01015625
0.019642857142857142
0.031473214285714285
0.052455357142857144
0.10133928571428572
0.11629464285714286
0.1591517857142857
0.20078125
0.011607142857142858
0.015848214285714285
0.029799107142857145
0.06897321428571429
0.10401785714285715
0.12834821428571427
0.1689732142857143
0.21127232142857144
0.012053571428571429
0.017075892857142855
0.030245535714285714
0.05479910714285714
0.09866071428571428
0.12890625
0.1734375
0.21138392857142857
0.012165178571428572
0.01328125
0.025669642857142856
0.0609375
0.09832589285714285
0.13526785714285713
0.1669642857142857
0.21071428571428572
0.010825892857142857
0.015178571428571428
0.024553571428571428
0.06506696428571429
0.09899553571428571
0.13392857142857142
0.16361607142857143
0.21930803571428573
0.010602678571428572
0.017075892857142855
0.030915178571428573
0.06216517857142857
0.09587053571428572
0.13761160714285714
0.17466517857142858
0.21819196428571427
0.01171875
0.014508928571428572
0.0390625
0.059821428571428574
0.10334821428571428
0.13258928571428572
0.1614955357142857
0.20848214285714287
0.010714285714285714
0.01763392857142857
0.033035714285714286
0.060267857142857144
0.09832589285714285
0.1328125
0.17433035714285713
0.21294642857142856
0.009040178571428572
0.022544642857142857
0.0328125
0.05948660714285714
0.09787946428571428
0.13504464285714285
0.1734375
0.20736607142857144
0.011495535714285715
0.014955357142857144
0.02924107142857143
0.05513392857142857
0.103125
0.12912946428571428
0.17120535714285715
0.20736607142857144
0.011272321428571428
0.015513392857142858
0.03125
0.06517857142857143
0.09899553571428571
0.12287946428571428
0.16707589285714286
0.20390625
0.009933035714285714
0.013950892857142858
0.021316964285714286
0.06328125
0.09587053571428572
0.13258928571428572
0.17254464285714285
0.20680803571428572
0.014508928571428572
0.01752232142857143
0.031138392857142858
0.05948660714285714
0.09631696428571429
0.13549107142857142
0.15345982142857142
0.20491071428571428
0.014732142857142857
0.017410714285714286
0.024441964285714286
0.06372767857142857
0.09866071428571428
0.12366071428571429
0.17622767857142857
0.20558035714285713
0.01171875
0.013727678571428571
0.027008928571428573
0.06160714285714286
0.10725446428571428
0.13258928571428572
0.16830357142857144
0.20513392857142856
0.0109375
0.014732142857142857
0.03136160714285714
0.05613839285714286
0.09776785714285714
0.12845982142857143
0.16183035714285715
0.20424107142857142
0.009821428571428571
0.012723214285714286
0.026785714285714284
0.05714285714285714
0.09084821428571428
0.13069196428571428
0.15959821428571427
0.20770089285714285
0.009821428571428571
0.01752232142857143
0.031919642857142855
0.05825892857142857
0.09587053571428572
0.13459821428571428
0.17399553571428572
0.21294642857142856
0.0125
0.016294642857142858
0.033816964285714284
0.06361607142857142
0.09587053571428572
0.13392857142857142
0.16741071428571427
0.21004464285714286
0.010267857142857143
0.016741071428571428
0.0296875
0.06015625
0.09866071428571428
0.12544642857142857
0.1771205357142857
0.21395089285714286
0.014285714285714285
0.015513392857142858
0.03616071428571429
0.06495535714285715
0.09720982142857143
0.13337053571428573
0.16685267857142858
0.21863839285714284
0.010714285714285714
0.017410714285714286
0.03236607142857143
0.06506696428571429
0.10178571428571428
0.12299107142857142
0.17276785714285714
0.2140625
0.010714285714285714
0.015513392857142858
0.033816964285714284
0.05044642857142857
0.10200892857142857
0.13482142857142856
0.16852678571428573
0.21796875
0.012834821428571428
0.015513392857142858
0.037388392857142856
0.061272321428571426
0.10379464285714286
0.13258928571428572
0.17901785714285715
0.21316964285714285
0.012388392857142856
0.013392857142857142
0.033816964285714284
0.062276785714285715
0.10435267857142858
0.13236607142857143
0.16752232142857143
0.2239955357142857
0.013169642857142857
0.013392857142857142
0.03370535714285714
0.057254464285714284
0.096875
0.13649553571428572
0.17075892857142858
0.21372767857142858
0.008928571428571428
0.013169642857142857
0.019754464285714285
0.062276785714285715
0.1046875
0.1314732142857143
0.17142857142857143
0.21026785714285715
0.012276785714285714
0.01953125
0.03169642857142857
0.05479910714285714
0.10725446428571428
0.13716517857142857
0.178125
0.20691964285714284
0.012834821428571428
0.013616071428571429
0.027566964285714285
0.06216517857142857
0.10558035714285714
0.12098214285714286
0.16674107142857142
0.21026785714285715
0.011049107142857144
0.016741071428571428
0.024888392857142855
0.05814732142857143
0.09955357142857142
0.13370535714285714
0.17254464285714285
0.20915178571428572
0.012723214285714286
0.015513392857142858
0.02935267857142857
0.06584821428571429
0.10569196428571428
0.13013392857142858
0.1693080357142857
0.20558035714285713
0.011941964285714285
0.0125
0.03203125
0.05904017857142857
0.09620535714285715
0.13348214285714285
0.17075892857142858
0.21328125
0.011049107142857144
0.012946428571428572
0.032589285714285716
0.058370535714285715
0.09386160714285714
0.12667410714285715
0.17209821428571428
0.20111607142857144
0.012388392857142856
0.011049107142857144
0.021651785714285714
0.05580357142857143
0.09386160714285714
0.13136160714285713
0.16082589285714285
0.19408482142857142
