2.0652479009586386
2.083743031951599
2.211546117963735
2.2279459820128977
2.376680754998233
2.75815472798422
3.520080682996195
5.395474408986047
2.0563117010169663
2.163793591025751
2.0449260809691623
2.2764057079912163
2.4333145580021665
2.774072645988781
3.5793968610232696
5.408228114014491
2.093570175988134
2.1856935959658585
2.0404182799975388
2.175303858006373
2.3870050839614123
2.69433707598364
3.6568796379724517
5.40354244003538
2.027999078971334
2.0091076649841852
2.1037441469961777
2.225071671011392
2.423742779006716
2.745282724034041
3.6899687200202607
5.385762554011308
2.0483375689946115
2.114780380972661
2.153805011010263
2.1907697670394555
2.384427755023353
2.6621471749967895
3.6200784239917994
5.371475206979085
2.0647889400133863
2.0862562270485796
2.0864024340407923
2.2191937420284376
2.3966128769679926
2.747950393008068
3.673333462968003
5.432671080052387
2.1124579919851385
2.098352810018696
2.090538533986546
2.1837960359989665
2.2722256089909934
2.813324874965474
3.677792776026763
5.3764250370441005
1.7610159169998951
2.0792032360332087
2.239282132999506
2.17392791894963
2.2380732579622418
2.8345674949814565
3.648952058982104
5.394963424012531
1.7412368340301327
2.110409688029904
2.1590499589801766
2.1844683790113777
2.3842915789573453
2.6905925790197216
4.194700686028227
6.179011180996895
2.6605241360375658
2.758397468016483
2.688674816978164
2.785233567992691
3.1857461539912038
2.76858822099166
3.5535450329771265
5.371016742021311
2.11257617600495
2.1430201189941727
2.041493144002743
2.1578982969513163
2.3297812159871683
2.6020399290136993
3.6887243130477145
5.280115719011519
2.104412702959962
2.1091337249963544
2.159156082023401
2.2744904500432312
2.3564566210261546
2.7854144419543445
3.548088421986904
5.3402370369876735
2.117123093979899
2.0703589110053144
2.213818654010538
2.2350772420177236
2.3253915879759006
2.7625152990221977
3.7036603090236895
5.254533528001048
2.0488426979864016
2.2052812459878623
2.093508337973617
2.213372636004351
2.402166997024324
2.6670340129639953
3.6789888740167953
5.377705293998588
2.023544424038846
2.1000414750305936
2.089952429989353
2.264480406010989
2.2235289260279387
2.812687860976439
3.6501652600127272
5.25805736600887
2.047956680995412
2.1034363479702733
1.9984946290496737
2.1956863650120795
2.322834454011172
2.8351040499983355
3.70298099599313
5.2646492079948075
2.0966052639996633
2.131460141041316
2.0118005420081317
2.197490551043302
2.2061650220421143
2.822864749992732
3.6631995150237344
5.264422238979023
2.055879087012727
2.082995379983913
2.1457789369742386
2.297797752020415
2.3945283979992382
2.6758826689911075
3.669168137013912
5.3311456520459615
2.0339096229872666
2.1465791299706325
2.131098862970248
2.1836730730137788
2.4042731570079923
2.6811732949572615
3.711936301959213
5.410566468955949
1.7448882710305043
2.1100030840025283
2.082300000009127
2.196547682979144
2.430767323996406
2.6878461579908617
3.720425026025623
5.350440406007692
2.0722606259514578
2.0829379669739865
2.26134758599801
2.293081308947876
2.294752185989637
2.801207570009865
3.763585697975941
5.259584902029019
2.112023738969583
2.2303071600035764
2.0777415559859946
2.2640711549902335
2.3730903170071542
2.821096881001722
3.500684464990627
5.349402069055941
2.102891582995653
2.1430298800114542
2.115081799973268
2.2781147499918006
2.3553672889829613
2.8299601540202275
3.5472486710059457
5.416719567961991
2.0518853529938497
2.809706161962822
2.829703862022143
2.9050093289697543
3.1079191799508408
3.4444305220386013
3.64034777705092
5.389777279982809
2.079259444028139
2.057294375030324
2.2165950799826533
2.2738639189628884
2.4187579409917817
2.8041757489554584
3.6995245899888687
5.296849779959302
2.0699709850014187
2.1686902020010166
2.196274487010669
2.297162169998046
2.3188542450079694
2.7723604280035943
3.702250851027202
5.36194070399506
2.062684595992323
2.1193326439824887
2.1814794100355357
2.2515174570144154
2.3764341800124384
2.8130520170088857
3.6349778629955836
5.300406716007274
2.080263857031241
2.123589194030501
2.234639224014245
2.1698494750307873
2.396984574967064
2.749620003043674
3.6370713470387273
5.266234319016803
2.1019006249844097
2.203811591025442
2.1993368479888886
2.2008176170056686
2.44779401604319
2.8640392840025015
3.529001130023971
5.3273495209869
2.056235539028421
2.0667777759954333
2.0800974700250663
2.1613866480183788
2.3647509990260005
2.791117310000118
3.5310814260155894
5.388768697972409
2.019576852035243
2.022214509022888
2.142700501019135
2.2322597570018843
2.328226417012047
2.8108181830029935
3.555531422025524
5.355747039953712
2.0875687139923684
1.9856859390274622
2.1011525070061907
2.1091470849933103
2.442163991043344
2.795767189003527
3.5710118639981374
5.393756135017611
2.1044622479821555
2.1494195720297284
2.139201624027919
2.1999047119752504
2.416804359003436
2.7155723779578693
3.7472280059591867
5.223294567957055
2.0032678570132703
2.114846983051393
2.0946327849524096
2.133495802001562
2.4282219799933955
2.8080246829777025
3.549277063983027
5.394492384977639
2.0811187839717604
2.1484840729972348
2.102446463017259
2.286613498989027
2.434170185995754
2.751124331029132
3.5305986879975535
5.408825857040938
2.077488753013313
2.1699550680350512
2.0901269809692167
2.2028605900122784
2.412585737009067
2.683430764998775
3.6438030069693923
5.400099368009251
2.061590756988153
2.156585933000315
2.105394408979919
2.92140643496532
3.021122940001078
3.4676498289918527
4.340835700975731
5.8844553920207545
2.714216079970356
2.1042529569822364
2.0901029729866423
2.2109309579827823
2.337164163007401
2.756183868041262
3.642254951002542
5.421011721016839
1.7989600629662164
2.17596629797481
2.2506428789929487
2.212519052962307
2.4118381600128487
2.8424614910036325
3.6561219680006616
5.24007167405216
2.0574478899943642
2.0927106619928963
2.089933104987722
2.176519404980354
2.4368025960284285
2.681160126987379
3.674798402003944
5.385856603970751
1.9933131610159762
2.046771658991929
2.1684266320080496
2.228433431009762
2.3895408129901625
2.685805362998508
3.669043497997336
5.381643478991464
1.753008874016814
2.1274093510000966
2.195242932997644
2.2467543599777855
2.400037858984433
2.78389929397963
3.5732529409579
5.418221835978329
2.1069142619962804
2.1030361200100742
2.06768675299827
2.219938841997646
2.3404262310359627
2.7805136570241302
3.5443527519819327
5.397230893955566
2.0677794449729845
2.1347408349975012
2.1245627779862843
2.161749813007191
2.392728954029735
2.7076971390051767
3.668580566998571
5.407745653006714
1.762190848996397
2.119824194989633
2.1734972880221903
2.207039779983461
2.3670131800463423
2.7776703279814683
3.663121167977806
5.347400843980722
