0.009777777777777778
0.011
0.012222222222222223
0.02
0.018111111111111113
0.021666666666666667
0.052333333333333336
0.09744444444444444
0.009888888888888888
0.011555555555555555
0.011888888888888888
0.013555555555555555
0.017777777777777778
0.035222222222222224
0.06277777777777778
0.10077777777777777
0.011777777777777778
0.010777777777777778
0.01011111111111111
0.011333333333333334
0.023666666666666666
0.034666666666666665
0.04755555555555555
0.09444444444444444
0.011555555555555555
0.010555555555555556
0.013
0.017555555555555557
0.01911111111111111
0.029777777777777778
0.07
0.09311111111111112
0.012666666666666666
0.01011111111111111
0.012333333333333333
0.014444444444444444
0.023555555555555555
0.04055555555555555
0.05533333333333333
0.08711111111111111
0.011666666666666667
0.011333333333333334
0.01211111111111111
0.014666666666666666
0.029444444444444443
0.03255555555555555
0.058222222222222224
0.08855555555555555
0.010333333333333333
0.012666666666666666
0.010222222222222223
0.01911111111111111
0.020777777777777777
0.04044444444444444
0.05522222222222222
0.08588888888888889
0.012777777777777779
0.012555555555555556
0.010444444444444444
0.018333333333333333
0.02588888888888889
0.03844444444444445
0.05422222222222222
0.08744444444444445
0.011
0.011333333333333334
0.011444444444444445
0.017333333333333333
0.019666666666666666
0.028666666666666667
0.04655555555555556
0.10177777777777777
0.009555555555555555
0.011444444444444445
0.013
0.014333333333333333
0.017777777777777778
0.03188888888888889
0.050555555555555555
0.08655555555555555
0.013
0.012888888888888889
0.011222222222222222
0.018222222222222223
0.02188888888888889
0.03955555555555555
0.060222222222222226
0.08655555555555555
0.012666666666666666
0.013666666666666667
0.011888888888888888
0.017222222222222222
0.02322222222222222
0.03322222222222222
0.06488888888888888
0.09166666666666666
0.010777777777777778
0.009444444444444445
0.010444444444444444
0.01711111111111111
0.01988888888888889
0.029222222222222222
0.06833333333333333
0.10022222222222223
0.010777777777777778
0.010333333333333333
0.012333333333333333
0.013555555555555555
0.015555555555555555
0.03844444444444445
0.06433333333333334
0.10888888888888888
0.012444444444444444
0.012222222222222223
0.012
0.01577777777777778
0.023
0.03322222222222222
0.05533333333333333
0.08555555555555555
0.011333333333333334
0.010222222222222223
0.012777777777777779
0.014
0.026555555555555554
0.034666666666666665
0.052
0.10166666666666667
0.010555555555555556
0.012
0.010888888888888889
0.018
0.029111111111111112
0.03411111111111111
0.050666666666666665
0.101
0.010666666666666666
0.009777777777777778
0.013333333333333334
0.01988888888888889
0.025555555555555557
0.03866666666666667
0.05377777777777778
0.09
0.011555555555555555
0.011222222222222222
0.013444444444444445
0.013111111111111112
0.022444444444444444
0.041777777777777775
0.051333333333333335
0.09444444444444444
0.014888888888888889
0.01011111111111111
0.012777777777777779
0.009888888888888888
0.023666666666666666
0.03422222222222222
0.059444444444444446
0.09755555555555556
0.011444444444444445
0.009777777777777778
0.010888888888888889
0.014222222222222223
0.017555555555555557
0.030111111111111113
0.05511111111111111
0.09033333333333333
0.008888888888888889
0.013666666666666667
0.011222222222222222
0.013333333333333334
0.024444444444444446
0.034
0.05566666666666667
0.08077777777777778
0.007666666666666666
0.015
0.018222222222222223
0.017333333333333333
0.018444444444444444
0.02711111111111111
0.06811111111111111
0.09055555555555556
0.012888888888888889
0.009777777777777778
0.009666666666666667
0.011222222222222222
0.024444444444444446
0.036333333333333336
0.04611111111111111
0.10044444444444445
0.012444444444444444
0.008666666666666666
0.011888888888888888
0.019777777777777776
0.01877777777777778
0.036444444444444446
0.049777777777777775
0.10088888888888889
0.009444444444444445
0.012444444444444444
0.012444444444444444
0.013333333333333334
0.021444444444444443
0.04055555555555555
0.05311111111111111
0.09166666666666666
0.007666666666666666
0.012777777777777779
0.010888888888888889
0.012888888888888889
0.01988888888888889
0.03166666666666667
0.04788888888888889
0.09822222222222222
0.013333333333333334
0.014555555555555556
0.013
0.017444444444444443
0.027333333333333334
0.034
0.05488888888888889
0.095
0.010333333333333333
0.011888888888888888
0.013333333333333334
0.016666666666666666
0.021222222222222222
0.035666666666666666
0.04566666666666667
0.08733333333333333
0.013777777777777778
0.012444444444444444
0.01
0.01711111111111111
0.026444444444444444
0.03755555555555556
0.06722222222222222
0.08333333333333333
0.011777777777777778
0.013888888888888888
0.013222222222222222
0.01622222222222222
0.021222222222222222
0.038
0.057777777777777775
0.098
0.008777777777777778
0.010555555555555556
0.011111111111111112
0.01577777777777778
0.021444444444444443
0.028888888888888888
0.059111111111111114
0.10988888888888888
0.007555555555555556
0.011666666666666667
0.013333333333333334
0.014888888888888889
0.02288888888888889
0.035444444444444445
0.059
0.08922222222222222
0.010666666666666666
0.013333333333333334
0.013777777777777778
0.017
0.022222222222222223
0.03766666666666667
0.05711111111111111
0.10511111111111111
0.011333333333333334
0.013
0.013333333333333334
0.018222222222222223
0.019777777777777776
0.03944444444444444
0.05455555555555556
0.10944444444444444
0.013555555555555555
0.011777777777777778
0.010777777777777778
0.013333333333333334
0.022555555555555554
0.03288888888888889
0.056666666666666664
0.08133333333333333
0.010444444444444444
0.012888888888888889
0.010333333333333333
0.016777777777777777
0.021111111111111112
0.043
0.06011111111111111
0.08622222222222223
0.011888888888888888
0.012
0.014
0.018222222222222223
0.022
0.03411111111111111
0.06711111111111111
0.09133333333333334
0.01211111111111111
0.014333333333333333
0.011
0.012333333333333333
0.020777777777777777
0.04633333333333333
0.07255555555555555
0.09255555555555556
0.009444444444444445
0.011777777777777778
0.013222222222222222
0.015666666666666666
0.015444444444444445
0.042
0.049777777777777775
0.10111111111111111
0.010555555555555556
0.013222222222222222
0.015333333333333332
0.014555555555555556
0.021555555555555557
0.027555555555555555
0.06133333333333333
0.091
0.012666666666666666
0.01011111111111111
0.009555555555555555
0.014222222222222223
0.02188888888888889
0.033555555555555554
0.059111111111111114
0.1078888888888889
0.009333333333333334
0.010222222222222223
0.013222222222222222
0.016
0.018
0.03822222222222222
0.04622222222222222
0.09833333333333333
0.011888888888888888
0.009888888888888888
0.009888888888888888
0.014555555555555556
0.017444444444444443
0.02688888888888889
0.06866666666666667
0.0961111111111111
0.014222222222222223
0.01
0.012444444444444444
0.011777777777777778
0.02677777777777778
0.03944444444444444
0.05444444444444444
0.10888888888888888
