0.030555555555555555
0.043333333333333335
0.07066666666666667
0.08822222222222222
0.10944444444444444
0.134
0.15522222222222223
0.17933333333333334
0.035
0.050333333333333334
0.069
0.08666666666666667
0.10944444444444444
0.13655555555555557
0.15466666666666667
0.18233333333333332
0.035111111111111114
0.04911111111111111
0.06344444444444444
0.08944444444444444
0.108
0.14144444444444446
0.15388888888888888
0.18155555555555555
0.03311111111111111
0.04544444444444445
0.06766666666666667
0.0908888888888889
0.11277777777777778
0.13
0.15255555555555556
0.17533333333333334
0.02988888888888889
0.03922222222222222
0.06622222222222222
0.08911111111111111
0.11388888888888889
0.1338888888888889
0.15311111111111111
0.17933333333333334
0.03777777777777778
0.049555555555555554
0.06144444444444445
0.09055555555555556
0.11655555555555555
0.135
0.15433333333333332
0.177
0.033
0.04377777777777778
0.07255555555555555
0.08677777777777777
0.11488888888888889
0.1418888888888889
0.1602222222222222
0.17744444444444443
0.029222222222222222
0.05
0.06777777777777778
0.08655555555555555
0.11555555555555555
0.13333333333333333
0.15055555555555555
0.1797777777777778
0.03288888888888889
0.04833333333333333
0.0651111111111111
0.07788888888888888
0.11633333333333333
0.13066666666666665
0.15311111111111111
0.17522222222222222
0.03588888888888889
0.04811111111111111
0.06877777777777777
0.08611111111111111
0.10955555555555556
0.13533333333333333
0.15455555555555556
0.17755555555555555
0.03322222222222222
0.04844444444444444
0.06544444444444444
0.08577777777777777
0.11477777777777778
0.136
0.16211111111111112
0.18188888888888888
0.04077777777777778
0.04888888888888889
0.06766666666666667
0.08633333333333333
0.11522222222222223
0.13233333333333333
0.15355555555555556
0.1797777777777778
0.03322222222222222
0.04622222222222222
0.062
0.09066666666666667
0.11177777777777778
0.13166666666666665
0.15755555555555556
0.1821111111111111
0.030555555555555555
0.03944444444444444
0.06188888888888889
0.085
0.11022222222222222
0.12766666666666668
0.15444444444444444
0.17555555555555555
0.03166666666666667
0.04577777777777778
0.05433333333333333
0.08611111111111111
0.10477777777777778
0.13233333333333333
0.15888888888888889
0.182
0.03677777777777778
0.04588888888888889
0.06766666666666667
0.09244444444444444
0.10833333333333334
0.13233333333333333
0.162
0.18455555555555556
0.03133333333333333
0.057888888888888886
0.06488888888888888
0.08733333333333333
0.10777777777777778
0.1361111111111111
0.16377777777777777
0.17466666666666666
0.031
0.04544444444444445
0.066
0.08433333333333333
0.10677777777777778
0.13377777777777777
0.15955555555555556
0.18366666666666667
0.03877777777777778
0.05322222222222222
0.06533333333333333
0.09
0.11122222222222222
0.132
0.1592222222222222
0.18055555555555555
0.030222222222222223
0.04555555555555556
0.06811111111111111
0.09122222222222222
0.108
0.13333333333333333
0.15555555555555556
0.18588888888888888
0.035777777777777776
0.04855555555555555
0.06522222222222222
0.09033333333333333
0.111
0.13566666666666666
0.16211111111111112
0.18411111111111111
0.03922222222222222
0.051111111111111114
0.06433333333333334
0.08511111111111111
0.11288888888888889
0.13366666666666666
0.16366666666666665
0.18233333333333332
0.033666666666666664
0.042888888888888886
0.06311111111111112
0.08666666666666667
0.11055555555555556
0.13344444444444445
0.15611111111111112
0.17777777777777778
0.035777777777777776
0.04933333333333333
0.06655555555555556
0.08155555555555556
0.11077777777777778
0.129
0.15944444444444444
0.18344444444444444
0.024444444444444446
0.041666666666666664
0.07366666666666667
0.08122222222222222
0.11711111111111111
0.13055555555555556
0.15533333333333332
0.17922222222222223
0.030666666666666665
0.04922222222222222
0.059666666666666666
0.09233333333333334
0.11266666666666666
0.13755555555555554
0.15555555555555556
0.18288888888888888
0.034444444444444444
0.043333333333333335
0.05988888888888889
0.08677777777777777
0.10122222222222223
0.13244444444444445
0.16211111111111112
0.17944444444444443
0.03122222222222222
0.04855555555555555
0.06555555555555556
0.08977777777777778
0.11
0.13666666666666666
0.15555555555555556
0.1771111111111111
0.035
0.05366666666666667
0.059444444444444446
0.08355555555555555
0.10666666666666667
0.1288888888888889
0.15755555555555556
0.18333333333333332
0.028555555555555556
0.04711111111111111
0.06011111111111111
0.09122222222222222
0.11144444444444444
0.14
0.1628888888888889
0.1811111111111111
0.03133333333333333
0.049
0.06644444444444444
0.08944444444444444
0.10988888888888888
0.1322222222222222
0.15766666666666668
0.17844444444444443
0.03255555555555555
0.04733333333333333
0.06933333333333333
0.09177777777777778
0.10966666666666666
0.1358888888888889
0.16633333333333333
0.18233333333333332
0.03111111111111111
0.04855555555555555
0.057777777777777775
0.08233333333333333
0.11188888888888888
0.13344444444444445
0.1618888888888889
0.18355555555555556
0.026222222222222223
0.049666666666666665
0.06111111111111111
0.08977777777777778
0.11155555555555556
0.13455555555555557
0.165
0.18488888888888888
0.029666666666666668
0.050777777777777776
0.06355555555555556
0.08322222222222223
0.10744444444444444
0.13644444444444445
0.15888888888888889
0.18288888888888888
0.03144444444444444
0.048
0.06466666666666666
0.08466666666666667
0.10911111111111112
0.13544444444444445
0.15255555555555556
0.17755555555555555
0.029222222222222222
0.04777777777777778
0.06466666666666666
0.092
0.11166666666666666
0.13622222222222222
0.15644444444444444
0.18622222222222223
0.04011111111111111
0.04822222222222222
0.06877777777777777
0.08688888888888889
0.11088888888888888
0.13433333333333333
0.16166666666666665
0.183
0.03255555555555555
0.03933333333333333
0.06344444444444444
0.09044444444444444
0.10911111111111112
0.13244444444444445
0.15777777777777777
0.1807777777777778
0.033555555555555554
0.04755555555555555
0.06333333333333334
0.08977777777777778
0.10288888888888889
0.13233333333333333
0.15511111111111112
0.18066666666666667
0.029222222222222222
0.03866666666666667
0.063
0.09211111111111112
0.11566666666666667
0.13155555555555556
0.15655555555555556
0.18233333333333332
0.02822222222222222
0.04522222222222222
0.06444444444444444
0.09822222222222222
0.11466666666666667
0.13355555555555557
0.15444444444444444
0.1781111111111111
0.03588888888888889
0.044
0.06011111111111111
0.09488888888888888
0.1121111111111111
0.13433333333333333
0.15988888888888889
0.17622222222222222
0.030555555555555555
0.04588888888888889
0.06855555555555555
0.09377777777777778
0.10544444444444444
0.13455555555555557
0.15988888888888889
0.17822222222222223
0.03755555555555556
0.04755555555555555
0.06855555555555555
0.09033333333333333
0.11655555555555555
0.13355555555555557
0.15711111111111112
0.17877777777777779
