0.15894243300135713
0.26087086799088866
0.41791958999237977
0.722241983996355
1.32970896801271
2.3857736000063596
4.714555100988946
8.940174336996279
0.16146324599685613
0.2560311410052236
0.4177090879966272
0.7891297329915687
1.378022217992111
2.409994622998056
4.686990147994948
8.914162186003523
0.1619956490030745
0.2578087509900797
0.4226738139986992
0.7120985479996307
1.3714626019936986
2.4150677190045826
4.708221951004816
8.912913927997579
0.16281757499382365
0.261423003001255
0.42012915200029965
0.7102033050032333
1.3760636660008458
2.4101737910095835
4.696351599006448
9.073621847011964
0.15786204300820827
0.2901141469919821
0.7522491080017062
0.8004318619932747
1.288471057996503
2.4996839980012737
4.614226931997109
9.022806542998296
0.1612577570049325
0.25372414699813817
0.43093498700181954
0.7249308450118406
1.361710719007533
2.4166733080055565
4.68078080000123
8.898537727989606
0.1593594430014491
0.2686460219993023
0.4219501329935156
0.6975094900117256
1.347990430003847
2.4092772389994934
4.713683217007201
8.956669335006154
0.15659082699858118
0.26243258599424735
0.43041177300619893
0.7118721589940833
1.376870570005849
2.436896165003418
4.703968827991048
8.97895548400993
0.16076794899709057
0.25572394899791107
0.4401678220019676
0.7024821049999446
1.3597528710088227
2.458834866003599
4.699755081004696
9.02859949899721
0.1579021319921594
0.2977570700022625
0.7445535250008106
0.7762862919917097
1.2908608019934036
2.4789980630011996
4.620021643000655
9.02611415499996
0.1561140220001107
0.2547812429984333
0.44090192299336195
0.7119746500102337
1.3591103590006242
2.404267363002873
4.688243690994568
8.91521824899246
0.15930773901345674
0.25684555200859904
0.43839730801119003
0.7073561239958508
1.3579701499984367
2.3984683279995807
4.740044456004398
8.957655959005933
0.1600988430000143
0.2631556849955814
0.45760330799384974
0.7284250340017024
1.3778829189977841
2.423775501010823
4.70023485001002
8.985392567003146
0.16457125700253528
0.27112551299796905
0.46744963599485345
0.7150438279932132
1.3978131910116645
2.4665685689979
4.69237979099853
8.934443749007187
0.16205224599980284
0.253582124991226
0.454169873992214
0.7183107539894991
1.3329830689908704
2.416654237007606
4.746189924990176
8.989634532001219
0.1801376430084929
0.26992651299224235
0.43625528398843016
0.7137323369970545
1.37370509399625
2.4311183329991763
4.699181916002999
9.02152396600286
0.16579146900039632
0.2879231080005411
0.7667206180049106
0.7880808310001157
1.2774822970095556
2.520731815995532
4.652101593994303
9.034951880006702
0.16552576899994165
0.2983719649928389
0.7751019660063321
0.8055327250040136
1.2792698109988123
2.517962609999813
4.618154530995525
9.050021987990476
0.15983853899524547
0.25264432599942666
0.4318539670057362
0.7196304769895505
1.3979097370029194
2.399113692998071
4.693392936998862
8.96261134899396
0.15686262300005183
0.2555825419985922
0.44031251200067345
0.716229959987686
1.3825573590002023
2.4119287640060065
4.696614161002799
8.922371751003084
0.17166010099754203
0.2701895189966308
0.43157596699893475
0.7044601999950828
1.3479685790080111
2.405762135007535
4.703318901010789
8.9524712190032
0.15819113100587856
0.2756506480072858
0.4405195130093489
0.712844943991513
1.3907945060054772
2.402819120994536
4.747371036006371
8.954454135004198
0.1658282719872659
0.2557403440005146
0.42742654500762
0.7079300180048449
1.3843587720039068
2.4286456580011873
4.729619312012801
8.919508431994473
0.160858253002516
0.2552453539974522
0.4365970139915589
0.7068327449960634
1.3636329229921103
2.39202476599894
4.697750166000333
8.947067442000844
0.15899204098968767
0.25564535200828686
0.42468694598937873
0.7030540160048986
1.326903213004698
2.4152915620070416
4.675944200993399
9.035291616004542
0.1567822270008037
0.2918600410048384
0.7562480909982696
0.8150775020039873
1.2776287420128938
2.500610893010162
4.604167487996165
9.004080890008481
0.1649293699883856
0.2554782469960628
0.43196227798762266
0.7046615150029538
1.3652395969984354
2.4000691500114044
4.714064444007818
9.026567466004053
0.16050474499934353
0.2915633360098582
0.3774089880025713
0.7811571149941301
1.2592052330001025
2.479560159990797
4.660912448001909
9.00653903199418
0.16039704500872176
0.25083412100502755
0.42729145000339486
0.7005636889953166
1.354526431998238
2.4170823260064935
4.675975117002963
9.029139032994863
0.1716072039998835
0.2913660339982016
0.7517029570008162
0.7975525990041206
1.2723175970022567
2.5753150550008286
4.624243238999043
9.045384806988295
0.1579586310108425
0.2773353599914117
0.4423506279999856
0.7206270919996314
1.3684909019939369
2.4342922100040596
4.703812752006343
8.938972437987104
0.16099804799887352
0.26814921099867206
0.4324825749936281
0.7095481340074912
1.4072109050030122
2.3965623100084485
4.706540964005399
8.996385536011076
0.16142114899412263
0.28551960199547466
0.7801911050046328
0.7919652669952484
1.2761959549970925
2.5000933529954636
4.617672965003294
9.01112762800767
0.16141833300935104
0.24475526399328373
0.4296834190026857
0.6918989770056214
1.3712485919968458
2.4191234199970495
4.69736162800109
8.939614832997904
0.16179353899497073
0.2596798470040085
0.4318677419942105
0.7048186610045377
1.3677584069955628
2.408703223001794
4.719867451000027
9.013351607994991
0.15457540500210598
0.29008241099654697
0.38535800800309516
0.8027252830070211
1.2810853780101752
2.4888869779970264
4.601610300989705
9.044895693004946
0.16733487299643457
0.2952203409950016
0.3768788679881254
0.784232295001857
1.274150355005986
2.5126612270105397
4.634447017990169
9.000350244008587
0.16822377899370622
0.2644706830033101
0.43518657599634025
0.7222961780062178
1.3731118819996482
2.4310812180046923
4.712161654999363
8.935772162003559
0.15979263599729165
0.24769949600158725
0.43716128800588194
0.7041634869965492
1.3611553270020522
2.4108877240068978
4.6968683960003546
8.90506983800151
0.17010149100678973
0.2608496670000022
0.4385380979947513
0.6988851619971683
1.362937841011444
2.4997147980029695
4.615063881996321
9.065307205004501
0.157522125999094
0.2893150160089135
0.3805027940106811
0.8154177730029915
1.2745827809994807
2.4961767839995446
4.643458240010659
9.048587233992293
0.15347090500290506
0.26328958000522107
0.43477337999502197
0.7115456299943617
1.3521055890014395
2.499389003991382
4.725848779009539
8.975148161000106
0.16402845999982674
0.26805110499844886
0.44646734099660534
0.7305150309985038
1.3910512949951226
2.4328128549968824
4.74392774500302
9.021937979996437
0.1744449270045152
0.2958231709926622
0.3916527789988322
0.8093999970005825
1.2950070710066939
2.534270739997737
4.6615104130032705
9.00234260399884
0.16294656299578492
0.3103618430031929
0.7590118180087302
0.8367200279899407
1.2822412829991663
2.5040381439903285
4.637252618995262
9.039462079002988
