3.4218770299921744
6.4147262970218435
12.294967679015826
25.009587047999958
65.39420901800622
147.87616270701983
338.60352355698706
831.3054859340191
3.4278628840111196
6.348462547000963
12.303401183016831
25.471492353011854
65.32349447099841
148.2067675239814
339.17718793600216
830.3780052629882
3.4187762340006884
6.362714941002196
12.317616171989357
25.01035305298865
65.02458115699119
147.95759496599203
339.31516964299954
832.4033518630022
3.415576757019153
6.3561130029847845
12.302417717000935
25.143223126011435
66.12653888601926
148.01932652300457
338.8192678639898
832.5522784770001
3.420212572993478
6.380142798007
12.290455637004925
25.03832633199636
65.38696495798649
148.28108679500292
340.43322099000216
833.9477960969962
3.4665009290038142
6.356830616015941
12.339694627997233
25.090249713975936
65.93211025799974
148.42010990798008
340.50585620998754
829.5129136090109
3.415597962011816
6.34720368401031
12.309885582013521
25.135673844983103
65.21549552699435
148.0063459170051
338.6308642560034
832.1901977040106
3.446476659999462
6.340498885023408
12.267460644012317
24.99802011801512
65.18171214300673
148.21315510899876
338.8550024330034
830.967340253992
3.4344654000015
6.340991919016233
12.2931445610011
25.10604228399461
65.243797979987
147.98238607301028
337.3852631780028
838.4472617360007
3.441965866019018
6.3540101049875375
12.332588824006962
25.07296816201415
65.2198261290032
148.08590944999014
339.78192062300513
833.5840872550034
3.4239859829831403
6.408788063999964
12.24265790800564
25.04479895401164
65.53924103101599
148.37715123398812
339.6162027849932
833.5877377970028
3.4241957750055008
6.3511704730044585
12.288427160005085
25.17269454000052
65.30580637301318
148.25554646999808
337.5605799209734
830.841072938987
3.4336228540050797
6.349023541988572
12.297721830022056
25.117466697003692
65.24424320500111
148.07517119200202
338.86498875400866
831.941830930009
3.4205967129964847
6.404218307987321
12.24469151199446
25.096330618980573
65.11217090202263
148.1056325000245
337.7399669330043
836.156853248016
3.4151068679930177
6.359940468013519
12.375755552988267
25.11462581998785
65.29167437800788
148.1003298649739
339.13998296600766
831.6708498410007
3.4143473760050256
6.406718529004138
12.29559865000192
25.05635204599821
65.32272247600486
148.2471826169931
338.02252894299454
829.8822981740232
3.424464078998426
6.324233421997633
12.337024729000404
25.07624860299984
66.14689546401496
148.4135191969981
337.7641962140042
832.5207784550148
3.4374577300040983
6.411838769010501
12.32829707901692
25.08811907999916
65.32441401702818
148.23831279500155
339.5184103840147
827.0051799509965
3.4050232420268003
6.363217229023576
12.298837426002137
25.128717462997884
65.42837651300943
148.34696218001773
338.4703985909873
834.6324859769957
3.4359752210148145
6.365230333991349
12.302087735995883
25.064650470972992
65.04125140997348
148.32652534000226
339.17685701398295
832.6549904819985
3.4221356350171845
6.351307823002571
12.27001914900029
25.20007746500778
65.20429770098417
148.23273194298963
339.5886395839916
829.0869134629902
3.413831963989651
6.34452035400318
12.374848089006264
25.059923405002337
65.35475037401193
148.14997542698984
338.82398962098523
833.5839395810035
3.416341441014083
6.3618724569969345
12.279352771991398
24.971419725974556
65.50239909198717
147.9182911910466
338.8858586829738
831.4672465709737
3.425275257031899
6.351712947012857
12.336795044946484
25.140865519992076
65.24392052099574
148.25420346396277
338.8236892980058
835.5375691409572
3.41458037099801
6.3566159150213934
12.290183489967603
25.093804459960666
65.26695903099608
148.6604274249985
338.87077421403956
834.5139432559954
3.4196307189995423
6.4006122699938715
12.317259823030327
25.117124292999506
65.37922731100116
147.70974121097242
338.86359281098703
835.8941432030406
3.418955711997114
6.359702536021359
12.316932296031155
24.967704711016268
65.44448620104231
147.9350455100066
339.1090307570412
832.4884302199935
3.4168292130343616
6.352106419974007
12.323178593011107
25.319342935050372
66.06698809197405
148.02792452299036
339.40907826903276
831.2491392699885
3.4609053280437365
6.358220806985628
12.28312979900511
24.963296062021982
64.95176195102977
147.95672087802086
338.8724166210159
833.0434040050022
3.4263534360216
6.364647887006868
12.293739558022935
25.13855201099068
64.96030875004362
147.54569821304176
339.07464277598774
829.0535433469922
3.437526274996344
6.336999073042534
12.320676069997717
25.04680416401243
65.38759856898105
148.04157189198304
339.58975394204026
837.9652219190029
3.409503028029576
6.386301923019346
12.296119742037263
24.995983134023845
64.80493910104269
148.10587876901263
338.7563718519523
834.0346389960032
3.448873124027159
6.346837974037044
12.350955658010207
24.93875728099374
65.69303793198196
148.39181980799185
337.8568127990002
835.8468268080032
3.40657845599344
6.392997653980274
12.27069436799502
24.947004850022495
65.23685686202953
148.4712043790496
338.7741625980125
837.1277881640126
3.414464962959755
6.332996532029938
12.322328899987042
25.251316646987107
65.62353014701512
148.35858656198252
338.95485966897104
832.51262533298
3.4231538490275852
6.339575258956756
12.293389472004492
24.99090419599088
65.12432760902448
147.92001441703178
341.4393960390007
836.5519402950304
3.4770394309889525
6.355210267007351
12.294293896993622
25.03430787601974
64.91809413500596
148.48421186296036
338.65998332900926
836.9570501819835
3.4574947569635697
6.371971193992067
12.301690715015866
25.012164400948677
65.27757015899988
148.43523231701693
339.22112958697835
833.6752219839836
3.4204993579769507
6.399379640002735
12.347975248994771
25.415048229973763
66.11764665896771
148.61683351401007
340.18270418199245
838.5294317310327
3.431007265986409
6.339140981959645
12.320095567964017
25.003889804997016
65.80662544700317
147.94747004599776
338.9879843189847
834.789209229988
3.4183072310406715
6.377393542032223
12.33018702705158
25.16319507098524
65.26965787203517
147.9676128149731
338.91974582796684
832.7082131159841
3.4248401189688593
6.344350171042606
12.25786638300633
25.036160422023386
64.88080341299064
148.02440840896452
338.5332097320352
832.5451164100086
3.498402001976501
6.36875866597984
12.336009391001426
25.077444783004466
64.86528684996301
148.03413899202133
338.4380123700248
835.1205776839633
3.429782283026725
6.387985760986339
12.297806748014409
25.033912564977072
65.23941028997069
147.8987290209625
338.5039531889488
835.5929954809835
3.417238754045684
6.353733005002141
12.34782126598293
25.102800205990206
65.5377485450008
148.21710829203948
339.3254234190099
837.9162484109984
