4.087363815000572
7.565632727000775
14.566906949999975
30.20464581300257
72.6144495769986
168.5303429600026
394.0847493100009
961.2604961769975
4.016024029999244
7.47560637600327
14.206547667003179
29.257842856000934
71.829283967003
164.20215946399912
383.7196901230018
972.1893501369996
3.9107004680008686
7.317553828997916
14.457308856999589
29.14640491799946
73.2515968459993
169.87114394600212
387.9883019850022
948.1918263070002
3.9620497149990115
7.46766644300078
14.146950213998934
29.11061840399998
71.73850750099882
165.30388354000024
383.8999596449976
958.5453394840006
4.157107606002683
7.486168750998331
14.631788676000724
31.158796020998125
76.47431954700005
171.4469118880006
379.6556347320002
950.8082068809999
4.114764557998569
7.3621690350009885
14.282955336999294
29.673592397000903
71.51034188999984
165.71121448000122
389.1697966840002
977.1331948330007
4.228770652000094
7.840069482001127
15.301635898002132
31.646523857998545
76.87000238799737
174.17213723500026
405.45741696500045
1007.9965723069981
4.254758312003105
7.823291470002005
15.31031844500103
31.616851219001546
77.29508529700252
173.29639852200125
404.186481935998
991.8245577729977
4.078565714000433
7.547688431994175
14.878532186994562
29.609791641996708
71.91595066000446
168.52775872399798
387.70382242900087
974.3244994400011
4.250470019003842
7.797061302997463
15.253020101001312
31.468137203999504
74.17696787100431
172.90515289000177
393.36715382699913
974.9403040449979
4.06426030700095
7.628338912996696
14.96995342199807
30.733027084999776
75.81050482099818
170.65912547799962
392.89705654499994
981.9233893599958
4.231053602998145
7.729321045000688
14.990143709001131
31.73660892800399
77.7961877570051
171.42028027799824
394.5163293529986
990.3116884789997
4.080452055000933
7.6503869379957905
14.912426109993248
30.273602772998856
75.168530930001
170.05636241600587
393.7003231150011
962.909810581994
4.096281165999244
7.685992390004685
14.775791987995035
30.076210827995965
73.62780317600118
170.3215259799981
394.81483802
985.9316233019999
3.994697672998882
7.396813468003529
14.380530446003831
29.823412814999756
71.73320441800024
166.41955971400603
385.83171802600555
957.4611486060021
4.0030426569937845
7.42046649200347
13.978733445001126
29.844716005994997
71.28898378299345
167.62580264999997
383.04369980000047
965.1957467569955
3.9723310440022033
7.359945074997086
14.70655841199914
29.523604691996297
71.68004472500616
166.532680024
383.31184827799734
953.9728721820065
4.043441075998999
7.560804487002315
14.288886952999746
29.23867147400597
70.8814952679968
165.85422355400078
380.9115718450048
975.3689339190023
4.0616042649999144
7.58340359399881
14.858450168998388
31.48196976500185
75.48791021799843
170.88216905300214
391.46444060200156
969.0634330129978
4.058697182998003
7.5609257129981415
14.750539454005775
30.78610377899895
74.24312302500039
171.48930532899976
397.96542135599884
990.2548593520041
4.166996546999144
7.6861515609998605
14.985920612998598
31.274424089002423
75.43655842699809
171.06776746700052
398.20356420299504
989.3006143890016
4.1690851759994985
7.807222894996812
15.1393266199957
31.039101345995732
76.39165667100315
171.38090836899937
398.2500055679993
982.2288809659949
4.072695246002695
7.636240342006204
14.851758024997253
30.968910456998856
74.92081864699867
170.9000512929997
397.87490912999783
979.3356925940025
4.1305060559971025
7.664044555000146
14.636129586993775
30.828935170997283
76.56541250200098
172.18624506300694
401.1897219320017
981.8895852259957
4.115800006999052
7.670973742999195
14.900001291003719
30.981028287998924
71.14410581399716
173.17061131800438
396.4224716890021
995.5884590210044
4.149002385005588
7.729294062999543
15.17382786500093
31.567659443011507
77.23020910700143
172.45698546498897
397.154138583006
998.670803016008
4.178164021999692
7.818123157005175
15.074600013002055
31.241055397011223
76.99432658699516
173.67880031399545
403.54147342899523
1008.2407921569975
4.163429031003034
7.7033727490052115
15.246843821005314
31.68246904699481
76.71148833401094
174.83558385400102
405.6753980430076
1007.8927249849949
4.122247621999122
7.823257095005829
15.036696826995467
31.63706049299799
77.48202856299758
173.55490832799114
401.76779257798626
995.3968823870091
4.143706172995735
7.671805139005301
15.194560322997859
32.02417406300083
77.35413567800424
172.42122013200424
400.06461695500184
991.5118613999948
4.185497124999529
7.7846844119922025
15.103814652989968
32.02910034300294
76.4527215900016
173.49953363998793
401.2210162709962
989.4448853500071
4.0994575079967035
7.699003411005833
14.953585088995169
31.598610362998443
76.25950574799208
172.17034329500166
401.50092022900935
984.7330624919996
4.1715688969998155
7.632246404988109
15.094670252001379
31.71616391200223
76.92741032200865
172.12564469699282
400.52108893799596
996.7577955820016
4.141261430006125
7.763449516001856
14.997270169988042
31.633792979002465
76.49542752800335
172.12964056299825
398.4918369819934
991.0923446939996
4.098118032008642
7.623697360002552
14.747018085006857
31.660509140987415
77.33382770899334
171.6398710689973
399.7952872009919
981.9452941180061
4.176841661988874
7.7178603670035955
15.017960160010261
31.94722428599198
77.82536462599819
171.93533919399488
396.9982363480085
988.7297190499958
4.081315902993083
7.736547934997361
15.053877288999502
31.50622136700258
76.3973063690064
172.99768741699518
402.2289632729953
996.3394464529993
4.084250428000814
7.764349552002386
14.832512519991724
31.197102640013327
71.80674394201196
171.41534981199948
397.38795473999926
989.4745775740012
4.205186734994641
7.681183617009083
14.970299289998366
31.937997774002724
71.84046308899997
173.37892049700895
402.3209443149972
1002.4803767029953
4.159605787994224
7.833339662000071
15.088443436994567
31.703595497994684
72.06550809300097
173.2469773269986
401.8006812090025
1001.6358424700011
4.177089261007495
7.682545235002181
15.306424370995956
32.423622289992636
72.21018258298864
173.5826723430073
401.928675727002
995.8310311920068
4.215395562001504
7.769842905996484
14.942998397003976
30.790550833989982
70.62324439900112
170.72101758699864
400.130343901008
992.4066280029947
4.082744307990652
7.581677410998964
14.865127766999649
30.355882531002862
70.40316141799849
170.21382671099855
396.0012050649966
987.5077517580066
4.114786425008788
7.6664913760032505
14.816384128003847
30.63225698300812
70.84114817201043
170.05471343299723
397.19945316899975
997.835202939008
4.172495634004008
7.721492544995272
14.69645880999451
30.168866698004422
69.19450469501317
168.497463134001
390.37616618500033
977.1369793009944
