0.22424242424242424
0.35555555555555557
0.5474747474747474
0.6363636363636364
0.7212121212121212
0.8080808080808081
0.2661122661122661
0.3388773388773389
0.48440748440748443
0.7006237006237006
0.7463617463617463
0.8253638253638254
0.27882599580712786
0.3584905660377358
0.5744234800838575
0.6666666666666666
0.740041928721174
0.80083857442348
0.33122362869198313
0.3881856540084388
0.4831223628691983
0.6561181434599156
0.7658227848101266
0.810126582278481
0.291220556745182
0.3426124197002141
0.5438972162740899
0.5931477516059958
0.7366167023554604
0.8222698072805139
0.2448559670781893
0.3436213991769547
0.5411522633744856
0.6522633744855967
0.7469135802469136
0.8168724279835391
0.16455696202531644
0.41983122362869196
0.580168776371308
0.620253164556962
0.7426160337552743
0.8375527426160337
0.2345679012345679
0.36213991769547327
0.49588477366255146
0.588477366255144
0.7016460905349794
0.7880658436213992
0.29375
0.44583333333333336
0.5354166666666667
0.5916666666666667
0.73125
0.8416666666666667
0.2679324894514768
0.2616033755274262
0.5126582278481012
0.6561181434599156
0.7341772151898734
0.7679324894514767
0.20754716981132076
0.39832285115303984
0.5911949685534591
0.6708595387840671
0.710691823899371
0.7882599580712788
0.2536997885835095
0.4397463002114165
0.6152219873150105
0.6342494714587738
0.7547568710359408
0.8202959830866807
0.19745222929936307
0.47770700636942676
0.564755838641189
0.692144373673036
0.7579617834394905
0.8492569002123143
0.2762312633832976
0.2698072805139186
0.563169164882227
0.6659528907922913
0.7837259100642399
0.8394004282655246
0.23617021276595745
0.42127659574468085
0.5808510638297872
0.6638297872340425
0.7936170212765957
0.8829787234042553
0.23173277661795408
0.42379958246346555
0.6033402922755741
0.7035490605427975
0.7473903966597077
0.8100208768267223
0.29894736842105263
0.32210526315789473
0.5452631578947369
0.6357894736842106
0.7536842105263157
0.8042105263157895
0.2698744769874477
0.4686192468619247
0.5899581589958159
0.5920502092050209
0.7719665271966527
0.797071129707113
0.2076271186440678
0.4788135593220339
0.6059322033898306
0.711864406779661
0.7796610169491526
0.8495762711864406
0.2302771855010661
0.3326226012793177
0.5373134328358209
0.6929637526652452
0.7590618336886994
0.8507462686567164
0.26881720430107525
0.4645161290322581
0.47096774193548385
0.6903225806451613
0.7118279569892473
0.8086021505376344
0.19230769230769232
0.3076923076923077
0.5213675213675214
0.6217948717948718
0.7799145299145299
0.8311965811965812
0.18831168831168832
0.3484848484848485
0.5757575757575758
0.6385281385281385
0.7792207792207793
0.8484848484848485
0.2425531914893617
0.3127659574468085
0.5191489361702127
0.625531914893617
0.7829787234042553
0.8361702127659575
0.24390243902439024
0.30691056910569103
0.5060975609756098
0.6260162601626016
0.7012195121951219
0.7784552845528455
0.28688524590163933
0.42827868852459017
0.5245901639344263
0.6209016393442623
0.7377049180327869
0.7377049180327869
0.20773930753564154
0.35845213849287166
0.5458248472505092
0.5865580448065173
0.7291242362525459
0.8024439918533605
0.24742268041237114
0.32783505154639175
0.6041237113402061
0.6597938144329897
0.7402061855670103
0.8494845360824742
0.2434077079107505
0.3935091277890467
0.4421906693711968
0.6186612576064908
0.718052738336714
0.7971602434077079
0.2919254658385093
0.3250517598343685
0.5734989648033126
0.6169772256728778
0.7391304347826086
0.8281573498964804
0.15560165975103735
0.42738589211618255
0.504149377593361
0.6493775933609959
0.7219917012448133
0.8132780082987552
0.18410041841004185
0.4100418410041841
0.5146443514644351
0.6778242677824268
0.7050209205020921
0.7740585774058577
0.2203742203742204
0.4407484407484408
0.4490644490644491
0.6091476091476091
0.7172557172557172
0.8253638253638254
0.2505263157894737
0.3705263157894737
0.5578947368421052
0.6442105263157895
0.7936842105263158
0.8778947368421053
0.20910973084886128
0.4451345755693582
0.5196687370600414
0.6935817805383023
0.7763975155279503
0.8115942028985508
0.25792811839323465
0.3890063424947146
0.547568710359408
0.6511627906976745
0.7949260042283298
0.8097251585623678
0.2701612903225806
0.4092741935483871
0.5120967741935484
0.6290322580645161
0.7298387096774194
0.782258064516129
0.2540983606557377
0.48155737704918034
0.5245901639344263
0.6557377049180327
0.7397540983606558
0.8176229508196722
0.2334710743801653
0.45661157024793386
0.5433884297520661
0.6425619834710744
0.737603305785124
0.7892561983471075
0.25256673511293637
0.35728952772073924
0.5523613963039015
0.6714579055441479
0.7782340862422998
0.8316221765913757
0.2765072765072765
0.4074844074844075
0.5197505197505198
0.6881496881496881
0.8108108108108109
0.8607068607068608
0.18404907975460122
0.48466257668711654
0.6114519427402862
0.6584867075664622
0.7832310838445807
0.8118609406952966
0.21920668058455114
0.42171189979123175
0.5302713987473904
0.6012526096033403
0.7661795407098121
0.8496868475991649
0.27689243027888444
0.39243027888446214
0.5219123505976095
0.6713147410358565
0.7370517928286853
0.8027888446215139
0.22560975609756098
0.39227642276422764
0.5975609756097561
0.6524390243902439
0.7540650406504065
0.8333333333333334
0.25625
0.45
0.55625
0.60625
0.73125
0.7979166666666667
0.23319327731092437
0.39705882352941174
0.5315126050420168
0.6134453781512605
0.7394957983193278
0.7983193277310925
0.17954070981210857
0.38413361169102295
0.5887265135699373
0.6555323590814196
0.7578288100208769
0.8162839248434238
0.23044397463002114
0.4376321353065539
0.6004228329809725
0.7378435517970402
0.7991543340380549
0.864693446088795
0.2203742203742204
0.4158004158004158
0.6257796257796258
0.683991683991684
0.7671517671517671
0.7817047817047817
0.21231422505307856
0.3333333333333333
0.5222929936305732
0.6072186836518046
0.7558386411889597
0.8259023354564756
0.2834008097165992
0.39068825910931176
0.548582995951417
0.6417004048582996
0.7611336032388664
0.7995951417004049
0.16942148760330578
0.4214876033057851
0.621900826446281
0.6446280991735537
0.7995867768595041
0.8057851239669421
0.17551020408163265
0.36122448979591837
0.5387755102040817
0.6448979591836734
0.7346938775510204
0.7979591836734694
