0.2692307692307692
0.4230769230769231
0.3923076923076923
0.46153846153846156
0.3923076923076923
0.8153846153846154
0.328
0.328
0.344
0.52
0.608
0.792
0.34710743801652894
0.4049586776859504
0.4793388429752066
0.4132231404958678
0.5867768595041323
0.8842975206611571
0.31297709923664124
0.4580152671755725
0.42748091603053434
0.4732824427480916
0.6183206106870229
0.8702290076335878
0.35714285714285715
0.373015873015873
0.42063492063492064
0.5158730158730159
0.4603174603174603
0.753968253968254
0.5041322314049587
0.33884297520661155
0.4793388429752066
0.5454545454545454
0.6694214876033058
0.8429752066115702
0.4
0.416
0.408
0.64
0.696
0.896
0.33076923076923076
0.4307692307692308
0.3153846153846154
0.3923076923076923
0.676923076923077
0.7923076923076923
0.40476190476190477
0.5158730158730159
0.4523809523809524
0.5158730158730159
0.6190476190476191
0.8333333333333334
0.375
0.45588235294117646
0.5073529411764706
0.2867647058823529
0.6838235294117647
0.8088235294117647
0.3511450381679389
0.37404580152671757
0.3511450381679389
0.5038167938931297
0.6106870229007634
0.7709923664122137
0.3253968253968254
0.4603174603174603
0.373015873015873
0.48412698412698413
0.6746031746031746
0.7777777777777778
0.3153846153846154
0.4461538461538462
0.3230769230769231
0.5615384615384615
0.7153846153846154
0.8307692307692308
0.38016528925619836
0.45454545454545453
0.33884297520661155
0.5537190082644629
0.6776859504132231
0.8264462809917356
0.33587786259541985
0.37404580152671757
0.35877862595419846
0.4580152671755725
0.7786259541984732
0.8854961832061069
0.3968253968253968
0.36507936507936506
0.4523809523809524
0.6428571428571429
0.6349206349206349
0.8888888888888888
0.33884297520661155
0.4132231404958678
0.4297520661157025
0.6528925619834711
0.8181818181818182
0.9090909090909091
0.328
0.384
0.368
0.632
0.744
0.936
0.5275590551181102
0.5039370078740157
0.3937007874015748
0.6141732283464567
0.7244094488188977
0.889763779527559
0.36885245901639346
0.39344262295081966
0.3360655737704918
0.6311475409836066
0.7622950819672131
0.9098360655737705
0.3504273504273504
0.36752136752136755
0.4358974358974359
0.6923076923076923
0.8547008547008547
0.905982905982906
0.371900826446281
0.38016528925619836
0.33884297520661155
0.48760330578512395
0.8264462809917356
0.9421487603305785
0.3712121212121212
0.45454545454545453
0.3106060606060606
0.5984848484848485
0.7348484848484849
0.8257575757575758
0.4409448818897638
0.3937007874015748
0.6141732283464567
0.5984251968503937
0.7480314960629921
0.8031496062992126
0.4198473282442748
0.5343511450381679
0.4732824427480916
0.6564885496183206
0.8549618320610687
0.9236641221374046
0.36065573770491804
0.4098360655737705
0.39344262295081966
0.4672131147540984
0.5491803278688525
0.8442622950819673
0.3968253968253968
0.3412698412698413
0.42857142857142855
0.6190476190476191
0.8492063492063492
0.8968253968253969
0.33884297520661155
0.4628099173553719
0.33884297520661155
0.34710743801652894
0.8016528925619835
0.9090909090909091
0.29770992366412213
0.35877862595419846
0.48091603053435117
0.5572519083969466
0.5419847328244275
0.8320610687022901
0.3464566929133858
0.4015748031496063
0.49606299212598426
0.4881889763779528
0.7952755905511811
0.8976377952755905
0.3284671532846715
0.3357664233576642
0.40875912408759124
0.4233576642335766
0.708029197080292
0.8905109489051095
0.3712121212121212
0.3333333333333333
0.45454545454545453
0.5151515151515151
0.5303030303030303
0.8484848484848485
0.3700787401574803
0.4015748031496063
0.36220472440944884
0.7401574803149606
0.7874015748031497
0.905511811023622
0.32061068702290074
0.5343511450381679
0.3511450381679389
0.3282442748091603
0.8091603053435115
0.8854961832061069
0.32786885245901637
0.4016393442622951
0.3524590163934426
0.4426229508196721
0.5327868852459017
0.7704918032786885
0.45454545454545453
0.3939393939393939
0.3333333333333333
0.5909090909090909
0.696969696969697
0.8484848484848485
0.4015748031496063
0.44881889763779526
0.33070866141732286
0.48031496062992124
0.6535433070866141
0.7637795275590551
0.36065573770491804
0.4180327868852459
0.6065573770491803
0.5983606557377049
0.5901639344262295
0.9016393442622951
0.3333333333333333
0.42857142857142855
0.4523809523809524
0.373015873015873
0.6428571428571429
0.8888888888888888
0.328125
0.4140625
0.46875
0.65625
0.78125
0.9140625
0.34146341463414637
0.45528455284552843
0.3333333333333333
0.36585365853658536
0.6178861788617886
0.7642276422764228
0.3305084745762712
0.5084745762711864
0.3559322033898305
0.5932203389830508
0.6779661016949152
0.8983050847457628
0.32786885245901637
0.4262295081967213
0.38524590163934425
0.3524590163934426
0.8032786885245902
0.9180327868852459
0.3458646616541353
0.39849624060150374
0.3157894736842105
0.6466165413533834
0.7669172932330827
0.7819548872180451
0.3984375
0.3984375
0.5234375
0.5234375
0.7734375
0.890625
0.48484848484848486
0.5075757575757576
0.48484848484848486
0.49242424242424243
0.8333333333333334
0.9166666666666666
