0.0827710739995382
0.08042097100042156
0.12720511400038959
0.13924972399945545
0.17477885600055743
0.5263347709988011
1.0576354460008588
3.5004843329988944
0.08027987199966446
0.07674526899972989
0.12995561699972313
0.13696022299882316
0.1852818669995031
0.5301943760005088
1.057786452000073
3.5915486329995474
0.08678477800094697
0.07998557199971401
0.12917641599960916
0.1374840239986952
0.18503346699981194
0.5399008879994653
1.0568430549992627
3.6765275220004696
0.07785107000017888
0.0758855690000928
0.12893921700015198
0.14097312800004147
0.1872085689992673
0.5437050929995166
1.083069581000018
3.6237999830009358
0.07764737099932972
0.08724877900021966
0.12853201599864406
0.1401954269986163
0.17501265900136787
0.5374590880001051
1.0567626599986397
3.5619033340008173
0.08094857400101318
0.08376657599910686
0.12582521399963298
0.1386691259995132
0.17755906100137508
0.5478602980001597
1.0601280640003097
3.5745206489991688
0.07968997199895966
0.07641796999996586
0.13529792299959809
0.1393081260011968
0.18003936400054954
0.5471519980001176
1.0605632650003827
3.6222658959995897
0.08370257599926845
0.08277807500053314
0.12808431700068468
0.1509097380003368
0.17720676200042362
0.528684680999504
1.0736560770001233
3.6401982140014297
0.08062657300069986
0.08091047299967613
0.13047461899986956
0.14498353199996927
0.18531759300094564
0.5531203600003209
1.0670599320001202
3.593943494000996
0.08656062699992617
0.08549682400007441
0.13018258600095578
0.142013799999404
0.19093696499840007
0.5537174590008362
1.0992464869996184
3.8388463229985064
0.08550861199910287
0.08555121199970017
0.13666337599897815
0.14283268299914198
0.18266892999963602
0.5570725959987612
1.0908016500015947
3.7015211369998724
0.08634600500045053
0.08701280399873212
0.13675756299926434
0.1520275799994124
0.20374833899950318
0.33590059200105316
1.2699973700000555
4.51768949000143
0.09030830299889203
0.088113700001486
0.1471238659996743
0.14292935999947076
0.19144491299994115
0.6013929670007201
1.0874408990002848
3.604558454000653
0.07900168700143695
0.07991368700095336
0.12999904000025708
0.1378543480004737
0.17892499300069176
0.5327664710002864
1.038420209000833
3.5199595450012566
0.07856948399967223
0.09015099599855603
0.1367456450007012
0.1371648450003704
0.17103037899869378
0.5380607630013401
1.0304594749995886
3.606744251001146
0.08803709099993284
0.07783258100062085
0.12960603399915271
0.13718074200005503
0.17499977999978
0.532178446999751
1.0459423730007984
3.577780363000784
0.08799218999956793
0.08415438600059133
0.12464892699972552
0.1455770480006322
0.18868599199959135
0.5493711569997686
1.0624347770008171
3.5730053200004477
0.08168828199995914
0.07823637900037284
0.12901063100071042
0.14283544499994605
0.17877188000056776
0.5409350440004346
1.0323428390001936
3.7421863620002114
0.08897458899991761
0.07934428000044136
0.12821732799966412
0.13922383899989654
0.18308848400010902
0.5875751880012103
1.0492962509997596
3.620785421000619
0.07986777999940387
0.08107868600018264
0.1302705390007759
0.13762724499974865
0.17282178200002818
0.5331704609998269
1.0722138260007341
3.6099408819991368
0.0878843919999781
0.07585937899966666
0.1386598450008023
0.13570974100002786
0.17244607899920084
0.544749464999768
1.099241437001183
3.5050893219995487
0.08143338399895583
0.08329388600031962
0.1285853320005117
0.135045639000964
0.18791389299985894
0.534730749001028
1.0615740869998262
3.5923890759986534
0.07900648000031651
0.08133798299968475
0.12832723099927534
0.14745125100125733
0.17627818000073603
0.5515874610009632
1.0518954700000904
3.586488543998712
0.08162598300077661
0.08185508300084621
0.13040213200110884
0.13623843800087343
0.18169018399930792
0.5458330519995798
1.0430103549988416
3.54036147899933
0.08291538399862475
0.09681769800045004
0.13065673100027198
0.13847123999948963
0.17152417299985245
0.5362330400002975
1.0850931940003647
3.557078984000327
0.07979497999986052
0.08528588599983777
0.13104323200059298
0.13568843599932734
0.1753936760014767
0.5392866420006612
1.060601666000366
3.5967404160001024
0.07897847900130728
0.08607238699914888
0.1307384319989069
0.1412115420007467
0.18006998100099736
0.5193056209991482
1.0668771710006695
3.5338847470011387
0.0802818810007011
0.07921107900074276
0.13129213200045342
0.1370739379999577
0.17805957899872737
0.5462811470006272
1.0708131739993405
3.5469851559992094
0.07563677600046503
0.0774006770006963
0.1295816300007573
0.13595493599859765
0.19372369399934541
0.5325978330001817
1.0424199449989828
3.6341917410009046
0.08857588799946825
0.08064628099964466
0.12879132899979595
0.13739583700044022
0.17523827600052755
0.5661214669999026
1.0746257760001754
3.534310238999751
0.09114829099962662
0.08921396100049606
0.13239929100018344
0.15613970999947924
0.1983779410002171
0.6173840469982679
1.392724321998685
3.170328759999393
0.09867347500039614
0.08342156400067324
0.1375758060003136
0.15713232199959748
0.19200305199956347
0.6123429879989999
1.224708482999631
4.471416324999154
0.08205816699955903
0.08002216600107204
0.13043300800018187
0.14206131900027685
0.17421734600065975
0.5704205830006686
1.0472131919996173
3.5146715120008594
0.07414596400121809
0.07760866799981159
0.12974471300003643
0.13908982199973252
0.17386095199981355
0.522879860998728
1.071502947999761
3.531136236000748
0.08257247399888001
0.07740936899972439
0.1280145149994496
0.13916252499984694
0.178651661000913
0.5401102890009497
1.089914589001637
3.5686612480003532
0.08242227499977162
0.0773114709991205
0.1272510170001624
0.1435825320004369
0.18037426699993375
0.531169490001048
1.0744104929999594
3.5824531170001137
0.08572947900029249
0.08018107499992766
0.13936122899940528
0.13818032900053367
0.1725444610001432
0.5472436110012495
1.0532007860001613
3.542019619999337
0.07892087400068704
0.07579137199900288
0.13166502400054014
0.14018473199939763
0.18112777100031963
0.5438078129991482
1.0333192749985756
3.552887757999997
0.09000068500063207
0.076515771999766
0.1276501209995331
0.13662072899933264
0.18360297400067793
0.5291777019992878
1.0519158999995852
3.5073503340008756
0.0788570750009967
0.07699137300005532
0.1271439209995151
0.1415636350011482
0.18414097599998058
0.5287037050002255
1.0408965930000704
3.573163111001122
0.09289888800049084
0.07624777300043206
0.1445087379997858
0.14266463600142743
0.1767573689994606
0.5263533030010876
1.0499911050010269
3.529189478000262
0.07835607499873731
0.07838947500022186
0.12866182400102844
0.14554941700043855
0.18735665300118853
0.5416507440022542
1.0540476710011717
3.5588595619992702
0.07452366199868266
0.07684976500240737
0.1257754060025036
0.13907521800138056
0.1771757520000392
0.5284483539981011
1.0242757839987462
3.668713380000554
0.07883286899959785
0.07746396699803881
0.12579130999802146
0.14558282799771405
0.18091905999972369
0.5454051829983655
1.0467585309997958
3.572924588002934
0.08675807799954782
0.08309307499803253
0.13050351799756754
0.13954532599746017
0.1751904580014525
0.5403250900017156
1.043509646999155
3.6573166269990907
