0.1684231039999986
0.14796929999999975
0.1824608430000012
0.29854798299999175
0.7258583760000192
2.2817831090000027
6.782119324000007
21.075852956999995
0.15246498599998404
0.14588119000001143
0.19592775799998208
0.2977328419999594
0.7064945280000074
2.1990822829999956
6.96533743699996
21.428960563999965
0.1454344779999701
0.1514939240000217
0.18848360800001274
0.2941708120000044
0.7767233900000292
2.3537585260000355
7.314501398999994
22.174495976000003
0.14165338600002997
0.1455338700000084
0.18082034000002523
0.29382069500002217
0.7325817259999781
2.282147230000021
6.991260832000023
21.154213018999997
0.13964102300002423
0.1478150539999774
0.17878016200000957
0.29792688200001294
0.704830286999993
2.222936879000031
6.945425624999984
21.550901159000034
0.1401427189999822
0.14675693100002718
0.1756599510000001
0.2765542909999681
0.6888493929999981
2.1469666849999953
6.837256547999971
21.348757444
0.15220949299998665
0.1580045430000041
0.18198826100001497
0.3019777490000024
0.6929479549999655
2.1434858269999495
6.76174920699998
20.672065083999996
0.1489997339999718
0.14892902799999774
0.17884620399991036
0.2956605900000113
0.6967133939999712
2.135858887999916
6.960968243000025
21.028467456000044
0.14001888600000711
0.14769819500008907
0.17470308600002227
0.2889365970000881
0.717012842000031
2.3139358329999595
7.168923757000016
22.555300380000062
0.13636596499998177
0.14968394300001364
0.18905744200003483
0.2851589329999342
0.7084893400000283
2.4057011779999584
7.493679025000006
23.223957453000025
0.15188604500008296
0.1511585959999593
0.18216431600001215
0.28999214299994946
0.7166243299999451
2.2419988310000463
7.202308190000053
22.408869759999902
0.16719159499996294
0.15371094600004653
0.17507875199999035
0.2785038860000668
0.7274957409999843
2.2304198269999915
7.772663096999963
23.408229808999977
0.1407286280000335
0.13726446299995132
0.17039792599996417
0.27137628700006644
0.6646254009999666
2.216954978999979
7.4002693500000305
22.972627091999925
0.1364064709999866
0.13937619399996493
0.17424334399993313
0.27769343399995705
0.7012819080000554
2.140970630999959
6.6454312250000385
20.758276455999976
0.13832659800004876
0.1407405940000217
0.1699614520000523
0.2800264160000552
0.69152533700003
2.3111575059999723
7.591426785999943
23.157645179999918
0.1404888629999732
0.14355647900003987
0.17634743099995376
0.2955039690000376
0.7069918550000693
2.254398005999974
7.300109042000031
22.90575194400003
0.14968074000000797
0.15483693099997708
0.1813127059999715
0.29681417699998747
0.7681524950000949
2.3351285120000966
7.516433531999951
22.91798458800008
0.15496059600002354
0.16563658100005796
0.1822734820000278
0.28257919800000764
0.7230632910000168
2.4650085490000038
8.142736367999987
25.922998785000004
0.15403500399997938
0.16173859499997434
0.19329521299994212
0.29633719499997824
0.7800088129999949
2.617484359999935
8.225010034999968
25.454748254000037
0.15781528600007277
0.16250539500003924
0.19151288599994132
0.2979798279999386
0.759363545000042
2.2750865659999135
7.318889485
21.467317220999917
0.1650843369999393
0.14854261599998608
0.20449124800006757
0.2906537379999463
0.7601495700000669
2.444971908999946
7.825298733000068
24.659974433000002
0.15936721399998532
0.1631655609999143
0.1889474090000931
0.2928458960000171
0.7433281430000989
2.509158409000065
7.787247187000048
24.037186698999903
0.14701887999990504
0.14769743099986954
0.1737615189999815
0.28653224599997884
0.716599917999929
2.280001636999941
7.81873088500015
25.204468131000112
0.1442015640000136
0.1509552380000514
0.18228640300003462
0.2806859509998958
0.6828603669998756
2.4776041860000078
7.6601834969999345
24.304311103000146
0.16118551899990052
0.18096459200000936
0.20197305600004256
0.31866809999996804
0.8100430470001356
2.413457051000023
7.401552323000033
22.98632881200001
0.15212168999983078
0.1624351629998273
0.18908455800010415
0.29308790999994017
0.8169152369998756
2.446570372999986
8.160468849000154
24.907164260999934
0.15756212800010871
0.16444670400005634
0.196309643999939
0.3102532790001078
0.8088320560000284
2.6197241869999743
8.503922317999923
26.057814735000193
0.15069615900006283
0.152889795999954
0.20110701299995526
0.31768828099984603
0.7799911510001039
2.4917587459999595
7.824609829999872
24.31599199900006
0.14621210599989354
0.1506037849999302
0.18709359400008907
0.2965161499998885
0.7405138379999698
2.3470637010000246
7.15297921399997
22.355619769999976
0.14967995300003167
0.16259244200000467
0.1969697439999436
0.2907489589999841
0.7615915989999849
2.4471519260000605
8.028604793999875
24.759346639999876
0.14688753600012205
0.15336391699997876
0.19048629300004905
0.28367146099981255
0.7028254599999855
2.382396736999908
7.961061697000105
25.64623215000006
0.1487096340001699
0.16327486000000135
0.17846742200003973
0.2903618540001389
0.7001217630001975
2.3948406659999364
7.342404724000062
22.89735563399995
0.1568147409998346
0.15342274899990116
0.18646816599994054
0.28111147799995706
0.7117128570000659
2.5231704410000475
8.094393597999897
26.483938956999964
0.1558095370000956
0.15534650999984478
0.18358161700007258
0.2963641460000872
0.6987116390000665
2.2834780030000275
6.994647881999981
21.71433970399994
0.153525135000109
0.14730220899991764
0.17623621899997488
0.2909457180001027
0.7694121290001021
2.377206268000009
11.855980340000087
45.52285821500004
0.1204383870001493
0.13810497999998006
0.2087676509997891
0.45079387100008717
1.3677262640001118
4.396726171000182
12.72998550200009
40.80509682100001
0.1248698389999845
0.13442860700001802
0.19394583300004342
0.434446151000202
1.3357641170000534
4.308464896999794
14.038347886999873
41.662720691000004
0.12717061099988314
0.13695698000015
0.21160756500012212
0.49107068800003617
1.432218665999926
4.881408030000102
14.456699580000077
44.42292909399998
0.124068146999889
0.15892339000015454
0.2333114939999632
0.4731674939998811
1.4217563719998907
4.55045638300021
13.996404775999963
41.06956570599982
0.12525501900017844
0.13979759499989086
0.20682240900009674
0.43780743900015295
1.310628374000089
4.151214500000151
13.316505992999964
44.32959016399991
0.12458942200009915
0.14006143400001747
0.21946567899999536
0.4298616410001159
1.316834765000067
4.293292647000044
10.58786748600005
27.929591611999967
0.14789372700010972
0.15236604200003967
0.18708163799988142
0.3052311210001335
0.7916923400000542
2.3106201960001727
7.12857669999994
21.78745032400002
0.14201977500010798
0.1545509669999774
0.1835502890000953
0.297221780999962
0.744465185999843
2.43348465400004
8.175001048000013
23.625313448000043
0.14184867199992368
0.14329982699996435
0.18882209700018393
0.2834057830000347
0.727398901000015
2.3072362390000762
7.467399268999998
23.660956142000032
0.14873965500009945
0.15467406800007666
0.19411441900001591
0.30279052700007014
0.7643564750001133
2.3787245630001053
7.366165236999677
22.398236708999775
