0.0754662749968702
0.08295958199960296
0.16001865800353698
0.28484948099867324
0.5188999120000517
1.2957630790006078
3.2550477129989304
8.670772459001455
0.08050528000239865
0.08037857899762457
0.1576297550018353
0.2486420460008958
0.6116891040001065
1.237864222999633
3.3618319230008638
8.610268610002095
0.0764623759969254
0.07682187600221368
0.14083303900042665
0.252399550001428
0.6280577210018237
1.2218805080010497
3.3676106310012983
8.711038517001725
0.08637208600339363
0.07650127600209089
0.1579771559991059
0.2823870789979992
0.5202897140006826
1.3275576140003977
3.2368203030018776
8.699451511001826
0.08219518199985032
0.08471538399680867
0.14933514799849945
0.25539755299905664
0.6035002969983907
1.2312515189987607
3.3929641590002575
8.576798092002718
0.07621417599875713
0.07695367599808378
0.15334705100030988
0.25104944900158443
0.6153889099987282
1.2407683290002751
3.3247192929993616
8.614752331999625
0.08153648000006797
0.08265698200193583
0.1437990419981361
0.24929974699989543
0.6311691260016232
1.2188600080007745
3.3483020160019805
8.705655523001042
0.07675987599941436
0.07714957700227387
0.15224795100220945
0.27715307499966
0.5261868210000102
1.319799608001631
3.255277025000396
8.740556659002323
0.07805767699755961
0.0785581780000939
0.14937994799765875
0.24976144699758152
0.6427387360017747
1.2315284200012684
3.3490250179966097
8.614639535000606
0.07532247500057565
0.07187817199883284
0.1592630579980323
0.25306785100110574
0.6242739180015633
1.233644522002578
3.344284814000275
8.589748211001279
0.07178757099973154
0.07507857400196372
0.16092396000021836
0.25376455100195017
0.6287361229988164
1.2357861239979684
3.34641201499835
8.62718004799899
0.07092667100005201
0.07707537700116518
0.16189976100213244
0.2582788559993787
0.6228006179990189
1.234456322999904
3.3299407990016334
8.652757673000451
0.08111817999815685
0.07696847699844511
0.1570540560023801
0.24959734700314584
0.6164440109969291
1.229805019000196
3.351941621000151
8.613999034998415
0.08371768299912219
0.07297077200200874
0.16114095999728306
0.24588884400145616
0.6113782050015288
1.228049817000283
3.3547730239988596
8.621156741999584
0.0757742749992758
0.07564037499832921
0.1558717539992358
0.2547865529995761
0.6057945009997638
1.2360050249990309
3.337373206999473
8.649631803000375
0.07679586799713434
0.07979517099738587
0.17204984800264356
0.28257162800218794
0.6662415609971504
1.3041412890015636
3.375068713998189
8.737737332001416
0.07969469800082152
0.07862800200018683
0.16400920800151653
0.2941821249987697
0.5653182650021336
1.349355396003375
3.2541516769997543
8.735052144998917
0.08103751900125644
0.07955032199970447
0.1624013470027421
0.26469488099974114
0.6240896059971419
1.2436017360014375
3.3729371489971527
8.608119486998476
0.07859173200267833
0.08118323500093538
0.1703572759979579
0.25834131900046486
0.6141191919996345
1.2223611970002821
3.3559754859998066
8.609987168998487
0.07146393800212536
0.07089513800019631
0.15954808899914497
0.25012464000246837
0.6165104540013999
1.2243232139990141
3.3527050880002207
8.62250280799708
0.07816594800169696
0.07798724800159107
0.16474570399805089
0.24797265799861634
0.6156107960014197
1.2256064969988074
3.3704742139998416
8.69094767199931
0.07129044700195664
0.0803642540013243
0.16686611300247023
0.2855818959978933
0.5224476599978516
1.3301962240002467
3.258086579000519
8.710850037001364
0.08130705800067517
0.06891324899697793
0.1610070149981766
0.26119518800260266
0.5305240830020921
1.3612602860011975
3.260948572999041
8.688194351001584
0.07954115799657302
0.07171715300137294
0.16392302100211964
0.25901779199921293
0.5298420930012071
1.319259982999938
3.300082764999388
8.693532015000528
0.06885375099955127
0.07418905599843129
0.16070712099826778
0.2948673229984706
0.5458617139993294
1.3686611390003236
3.247233969002991
8.722669148002751
0.07559685800151783
0.07204505499976221
0.1600937219991465
0.26483320300030755
0.6067963659988891
1.3145328110003902
3.356060484002228
8.65968287600117
0.07318415600093431
0.07055805499840062
0.16003752399774385
0.26237970299916924
0.6026561670005322
1.2398771620028128
3.3504388020010083
8.72842938499889
0.08052366199990502
0.07306005600185017
0.15842542400059756
0.29645533099755994
0.5193912049981009
1.338261444001546
3.2925380710003083
8.72096801600128
0.08104016300057992
0.07579705900207045
0.16209782700025244
0.25092049699742347
0.6150187809980707
1.239354571000149
3.342624420998618
8.57582392599943
0.0777366609981982
0.07127565599876107
0.15639252300024964
0.2917175290021987
0.5252599129998998
1.334455649001029
3.2672665680001955
8.847959656002786
0.07500855900070746
0.0729273569995712
0.16178562799905194
0.2695701119992009
0.6267371929970977
1.2262637649982935
3.360978246000741
8.624066492000566
0.0786085620020458
0.08137986400106456
0.16682853200109093
0.29185433000020566
0.546482929999911
1.3311550489997899
3.269458876999124
8.765202911003144
0.06811875399944256
0.07206415699693025
0.1695790340017993
0.2946592320004129
0.5336181210004725
1.3348842529994727
3.27011438000045
8.704837867000606
0.07273485699988669
0.0729186579992529
0.16657083199970657
0.27576001699708286
0.6285980960019515
1.2469259839999722
3.3840649710000434
8.778537128997414
0.08105506399806472
0.0809505640027055
0.16623503099981463
0.29040962900035083
0.5962317710000207
1.3768136869985028
3.40067928499775
8.6422880229984
0.07603946000017459
0.07275685700005852
0.16928323300089687
0.2567155030046706
0.6062787789996946
1.2552497910000966
3.3516631470047287
8.641132327000378
0.07372140199731803
0.07670850500289816
0.1586617099965224
0.25726376099919435
0.6170227360053104
1.2233118009971804
3.346847902997979
8.598039813005016
0.08346066599915503
0.07122602099843789
0.16557359999569599
0.2590966630014009
0.6441904500024975
1.2637067369942088
3.3662265810053213
8.796424985994236
0.08111490900046192
0.07079147799959173
0.16767211299884366
0.28928619799989974
0.5305843540045316
1.3660379479988478
3.2751592839995283
8.728695803998562
0.07995107199531049
0.08200407299591461
0.17002925199631136
0.2554472199990414
0.6302507610016619
1.2367235340061598
3.3519887830043444
8.635077589002321
0.07641424299799837
0.07245683300425299
0.16670640200027265
0.26507007500185864
0.643989234995388
1.331846316003066
3.2669971069990424
8.721387853001943
0.07246282100095414
0.07352952200017171
0.15953406100015854
0.28665366399945924
0.5393688629992539
1.3366946179958177
3.2915829609992215
8.713484516003518
0.0718856110033812
0.07246891099930508
0.157411938002042
0.24925817299663322
0.6367111479994492
1.2292226159988786
3.350207916999352
8.587749205995351
0.07495530899905134
0.07478130699746544
0.1611229300033301
0.2855988060036907
0.5281745479951496
1.2264607269971748
3.3919151549998787
8.633293139995658
0.0768322059957427
0.07163509899692144
0.1685148320029839
0.2553679499978898
0.5965163149958244
1.2447453959975974
3.3837126930011436
8.726270202001615
