2.688231128035113
4.0323594900546595
3.438164894003421
7.225553244003095
8.587511149933562
10.411773056024686
29.538272518082522
35.62509870401118
4.923646948067471
3.279728270950727
6.753851723042317
7.61380963108968
8.548082076013088
14.591439697076567
26.220755581976846
44.512109003961086
5.59454528009519
5.478312256978825
7.924571226001717
5.889311813982204
6.618518133996986
12.303676230018027
26.13082853902597
62.152077625039965
9.735540310037322
4.001065278076567
5.642819499014877
4.865475162980147
5.430078217992559
12.120163966086693
25.84720430895686
53.26087514695246
4.678528118063696
2.561797457979992
5.109192320960574
3.3564403649652377
5.360024416004308
10.648305575014092
25.93999997305218
44.4067048500292
5.408064476097934
3.4464364760788158
5.685630997060798
6.650584615999833
5.505425704992376
14.068639528006315
22.362750933971256
44.37788205500692
3.3529434900265187
2.7486272900132462
8.339893750962801
7.347748783999123
5.454672964988276
8.701728812069632
22.201564058079384
53.16994622000493
3.9353019520640373
3.81759117601905
8.341321464977227
7.316668218001723
7.247893590014428
16.888421833049506
22.73410624510143
44.91989429597743
2.7784939139382914
5.970648084068671
8.067326777963899
5.082608727971092
6.5165204390650615
14.255960872978903
25.989532842999324
44.47402250301093
3.9589533660328016
3.206149081001058
3.6779578450368717
6.42702577309683
9.742580787977204
14.114840417983942
22.07973369990941
35.49896674405318
3.1859464299632236
3.6759900510078296
3.4528179930057377
3.8152874869992957
7.344350359984674
6.90643945208285
25.506576132960618
44.211832402972504
3.8948847820283845
3.870996117941104
6.808582335943356
6.3511195150204
7.284496768028475
8.74651728803292
22.117197570973076
53.06664693704806
3.265005103079602
4.355872862972319
4.257313602953218
5.514624022995122
5.385034073027782
10.388101854012348
22.07437624607701
53.718986100982875
2.7643329380080104
4.06511937500909
10.588562009041198
3.5001619019312784
6.8151165479794145
10.795684121083468
14.662847883068025
52.933851393987425
4.452349495026283
3.0390073449816555
9.409998647985049
8.002187925972976
11.483551822020672
12.857388740987517
22.731901490944438
44.70171283802483
4.983063049032353
2.944867347017862
8.23861186997965
5.2684639430372044
6.7209920240566134
12.700087992940098
26.22328152297996
53.49090956908185
4.090507359942421
4.03776228800416
4.244393887929618
4.999466737033799
5.403280703932978
8.892072270973586
18.59871661302168
53.217329655075446
4.178836005972698
4.885125595028512
8.05698683601804
5.988032328081317
7.779262925963849
12.470736910938285
26.024908952065744
71.19533507199958
6.254924890003167
4.893007714068517
3.65591446403414
5.146474822075106
8.936260332004167
14.198963969945908
18.69091144797858
53.290994332986884
6.786316855926998
2.773866044008173
7.231394611066207
5.00016972690355
4.511263424064964
10.6096978969872
18.587482121074572
53.20808360888623
6.381922842003405
4.728135475073941
5.795987143996172
3.871125482954085
8.464496789034456
13.22533160704188
26.83428239589557
89.8544526770711
3.33397999801673
5.182496797060594
8.415081124054268
4.90981127100531
5.425130939926021
13.907063217950054
22.051615200936794
61.827349541010335
4.749721884960309
3.415788001031615
4.959144084015861
3.3948148490162566
7.568860625964589
12.445918093901128
26.008544762036763
62.13758295599837
6.021790701895952
2.7224058200372383
7.146051062038168
5.026915499009192
9.829015220981091
12.214641256956384
25.9961753989337
70.9517077349592
5.93403969402425
7.501751265022904
14.0465664799558
7.260187287000008
8.297817495069467
11.000028965063393
22.512003488023765
53.026793633936904
3.1449127349769697
3.853342831018381
8.117439141962677
3.7353320450056344
7.22687534801662
14.864417225006036
22.900796574074775
53.83121089299675
3.1981715039582923
4.434278411092237
6.809644246008247
4.807106089079753
7.393466084031388
6.934146806015633
32.98772428196389
52.83451359393075
6.90705777797848
3.67613301507663
4.884421727969311
3.233312832075171
7.3655515749705955
12.09673054900486
25.575165272923186
52.9312129690079
2.5803110600681975
3.1752335580531508
3.9776649849954993
4.730541967088357
7.389801705023274
10.277253048028797
14.720066113048233
61.719254984054714
3.0134255349403247
4.39369382604491
6.184004265000112
5.381845839088783
8.148059949977323
10.881514167995192
30.18065497407224
62.730098468018696
4.019707185099833
3.8599286110838875
7.121303003048524
6.4822598489699885
7.489938487997279
10.61010722303763
18.409005305031314
53.17732905596495
3.92703702498693
3.060612038942054
8.271198148024268
3.953880655928515
7.2469477920094505
8.781145530054346
18.387883368995972
44.11397497402504
8.197966039995663
5.212948743021116
4.091714479960501
6.2885432170005515
9.49275046098046
12.957043902948499
18.81428865797352
44.7467962380033
2.6532857089769095
2.645309606101364
4.770857186987996
6.4520118499640375
6.372659771004692
8.765912874951027
22.16849123092834
53.124720942927524
3.0635262420400977
5.249768504058011
6.480745048960671
5.566480454988778
7.097595570026897
11.058115882100537
18.903352015069686
53.61651964997873
5.194767307024449
3.792237463989295
3.1553686290280893
6.286927002016455
8.115444811992347
15.641552251996472
27.474725640029646
45.18800919293426
7.61146863293834
3.2174707599915564
5.838746992056258
5.107455070014112
8.781592590967193
13.498628054978326
28.856152780004777
52.748180649010465
3.288220143993385
4.36220910504926
5.315845657023601
7.813006761949509
10.547829670016654
16.502834039041772
25.08703143510502
61.18251832108945
3.535198300029151
5.368417655932717
5.185116464039311
3.8966557609383017
8.371096584945917
12.904438824974932
28.258617743034847
69.59553531301208
3.6695095390314236
2.0438779189717025
6.359319520997815
4.160094363964163
7.559417676064186
13.013691275962628
24.980648039025255
69.85326029895805
3.660475498996675
3.6689142290269956
4.546515653957613
5.510294127976522
9.446094746002927
14.713112305034883
24.96886313497089
104.83389602496754
3.0839073889655992
1.9930647460278124
9.020577913965099
5.9450368490070105
9.276809065951966
15.96339487307705
28.361120181973092
69.53002012707293
2.5913024870678782
3.0953424450708553
3.515742560965009
7.782647893996909
7.387331253965385
10.249584731995128
25.65888809110038
61.74656215298455
4.148210296989419
3.6273339008912444
7.734174915007316
4.6348876799456775
7.052781424950808
11.873748664045706
29.037749491049908
61.602684334036894
2.3037880629999563
2.15899432299193
3.765210186014883
5.7395738429622725
7.790998462005518
11.620336971012875
25.1772371949628
52.49584784696344
