0.43866666666666665
0.44866666666666666
0.653
0.6963333333333334
0.7223333333333334
0.749
0.78
0.8143333333333334
0.44666666666666666
0.555
0.6276666666666667
0.6833333333333333
0.7283333333333334
0.7616666666666667
0.7963333333333333
0.8283333333333334
0.33366666666666667
0.62
0.6813333333333333
0.7313333333333333
0.7703333333333333
0.7853333333333333
0.8063333333333333
0.839
0.455
0.627
0.6536666666666666
0.699
0.7606666666666667
0.7813333333333333
0.815
0.8483333333333334
0.401
0.603
0.6716666666666666
0.734
0.7863333333333333
0.8116666666666666
0.839
0.8676666666666667
0.491
0.5923333333333334
0.6383333333333333
0.688
0.7456666666666667
0.7683333333333333
0.8093333333333333
0.84
0.3433333333333333
0.504
0.5916666666666667
0.6316666666666667
0.668
0.714
0.744
0.7756666666666666
0.338
0.5246666666666666
0.594
0.627
0.6473333333333333
0.6853333333333333
0.717
0.7583333333333333
0.4513333333333333
0.49566666666666664
0.609
0.6046666666666667
0.6563333333333333
0.697
0.7156666666666667
0.7336666666666667
0.37433333333333335
0.4666666666666667
0.512
0.571
0.6076666666666667
0.637
0.6693333333333333
0.7003333333333334
0.44733333333333336
0.488
0.557
0.6333333333333333
0.656
0.6843333333333333
0.723
0.742
0.494
0.49733333333333335
0.5726666666666667
0.59
0.676
0.7113333333333334
0.7346666666666667
0.7603333333333333
0.3443333333333333
0.5223333333333333
0.6036666666666667
0.6573333333333333
0.6813333333333333
0.7096666666666667
0.752
0.7793333333333333
0.467
0.482
0.5813333333333334
0.6533333333333333
0.6866666666666666
0.7116666666666667
0.751
0.772
0.5406666666666666
0.5696666666666667
0.656
0.7006666666666667
0.7246666666666667
0.7503333333333333
0.7786666666666666
0.8006666666666666
0.5046666666666667
0.521
0.6243333333333333
0.678
0.702
0.725
0.7483333333333333
0.7676666666666667
0.4483333333333333
0.519
0.568
0.5916666666666667
0.6273333333333333
0.637
0.6583333333333333
0.6966666666666667
0.5356666666666666
0.5406666666666666
0.6083333333333333
0.681
0.7036666666666667
0.7353333333333333
0.762
0.7916666666666666
0.492
0.4693333333333333
0.586
0.667
0.6793333333333333
0.7393333333333333
0.761
0.7946666666666666
0.42333333333333334
0.49666666666666665
0.6353333333333333
0.6756666666666666
0.692
0.7223333333333334
0.762
0.7846666666666666
0.573
0.587
0.6553333333333333
0.7023333333333334
0.719
0.7546666666666667
0.79
0.81
0.5503333333333333
0.5046666666666667
0.591
0.666
0.711
0.736
0.7566666666666667
0.7826666666666666
0.52
0.558
0.615
0.6366666666666667
0.7
0.7213333333333334
0.7516666666666667
0.7746666666666666
0.5366666666666666
0.578
0.5573333333333333
0.6503333333333333
0.6953333333333334
0.7276666666666667
0.7616666666666667
0.7863333333333333
0.4023333333333333
0.571
0.6333333333333333
0.683
0.7086666666666667
0.7453333333333333
0.7693333333333333
0.784
0.536
0.6453333333333333
0.6753333333333333
0.689
0.759
0.7793333333333333
0.805
0.8226666666666667
0.4646666666666667
0.569
0.6363333333333333
0.6976666666666667
0.7286666666666667
0.7626666666666667
0.7906666666666666
0.816
0.43266666666666664
0.5113333333333333
0.5926666666666667
0.6406666666666667
0.6853333333333333
0.731
0.758
0.7986666666666666
0.33366666666666667
0.4533333333333333
0.6473333333333333
0.6716666666666666
0.7026666666666667
0.728
0.771
0.7946666666666666
0.39766666666666667
0.64
0.6223333333333333
0.701
0.7563333333333333
0.793
0.8063333333333333
0.8343333333333334
0.3566666666666667
0.5676666666666667
0.603
0.6963333333333334
0.7573333333333333
0.795
0.8213333333333334
0.8493333333333334
0.394
0.5213333333333333
0.6006666666666667
0.6886666666666666
0.7443333333333333
0.762
0.7953333333333333
0.8216666666666667
0.5276666666666666
0.574
0.708
0.7433333333333333
0.778
0.8056666666666666
0.8253333333333334
0.8476666666666667
0.3333333333333333
0.5746666666666667
0.5973333333333334
0.6776666666666666
0.6876666666666666
0.737
0.768
0.793
0.363
0.5863333333333334
0.6083333333333333
0.679
0.7236666666666667
0.7603333333333333
0.781
0.8143333333333334
0.4043333333333333
0.379
0.5666666666666667
0.6413333333333333
0.6753333333333333
0.7066666666666667
0.746
0.7763333333333333
0.33366666666666667
0.49833333333333335
0.5273333333333333
0.6286666666666667
0.6796666666666666
0.7133333333333334
0.7466666666666667
0.7766666666666666
0.38666666666666666
0.4533333333333333
0.5576666666666666
0.58
0.638
0.6696666666666666
0.7143333333333334
0.7573333333333333
0.41833333333333333
0.36866666666666664
0.5863333333333334
0.6636666666666666
0.695
0.746
0.7636666666666667
0.795
0.40166666666666667
0.49566666666666664
0.6
0.626
0.6906666666666667
0.7356666666666667
0.7716666666666666
0.8066666666666666
0.4063333333333333
0.49366666666666664
0.581
0.6473333333333333
0.6933333333333334
0.7593333333333333
0.7873333333333333
0.824
0.36533333333333334
0.533
0.624
0.682
0.7426666666666667
0.7776666666666666
0.8026666666666666
0.8236666666666667
0.408
0.5786666666666667
0.61
0.6466666666666666
0.6753333333333333
0.713
0.754
0.7783333333333333
0.40066666666666667
0.5223333333333333
0.5656666666666667
0.6546666666666666
0.6906666666666667
0.7386666666666667
0.7746666666666666
0.7913333333333333
0.333
0.43566666666666665
0.469
0.559
0.601
0.6406666666666667
0.6823333333333333
0.703
