0.5166666666666667
0.6833333333333333
0.6083333333333333
0.875
0.7083333333333334
0.7916666666666666
0.775
0.8
0.6083333333333333
0.5166666666666667
0.525
0.575
0.6333333333333333
0.625
0.675
0.7
0.5416666666666666
0.5
0.5583333333333333
0.575
0.6166666666666667
0.625
0.675
0.6833333333333333
0.6916666666666667
0.575
0.7166666666666667
0.7333333333333333
0.7916666666666666
0.8
0.7916666666666666
0.8166666666666667
0.5416666666666666
0.6666666666666666
0.7416666666666667
0.7083333333333334
0.725
0.7666666666666667
0.8666666666666667
0.8
0.5
0.5
0.625
0.6166666666666667
0.6166666666666667
0.5916666666666667
0.6583333333333333
0.6583333333333333
0.6583333333333333
0.575
0.6666666666666666
0.75
0.7416666666666667
0.7333333333333333
0.75
0.75
0.5416666666666666
0.6583333333333333
0.6666666666666666
0.6083333333333333
0.6916666666666667
0.675
0.875
0.8416666666666667
0.7333333333333333
0.5666666666666667
0.65
0.725
0.7666666666666667
0.75
0.7833333333333333
0.7916666666666666
0.5916666666666667
0.7416666666666667
0.8666666666666667
0.7333333333333333
0.8666666666666667
0.8583333333333333
0.8833333333333333
0.875
0.6083333333333333
0.6416666666666667
0.7083333333333334
0.6416666666666667
0.75
0.825
0.7583333333333333
0.875
0.7083333333333334
0.6916666666666667
0.6666666666666666
0.7666666666666667
0.7916666666666666
0.825
0.825
0.825
0.5083333333333333
0.65
0.7
0.6833333333333333
0.725
0.7416666666666667
0.7583333333333333
0.75
0.575
0.5916666666666667
0.575
0.625
0.6666666666666666
0.7833333333333333
0.7666666666666667
0.875
0.6166666666666667
0.5333333333333333
0.6
0.7083333333333334
0.625
0.6583333333333333
0.675
0.7416666666666667
0.6833333333333333
0.6416666666666667
0.7583333333333333
0.7916666666666666
0.7833333333333333
0.8083333333333333
0.85
0.8583333333333333
0.575
0.6666666666666666
0.6333333333333333
0.6083333333333333
0.6083333333333333
0.675
0.7083333333333334
0.7833333333333333
0.5083333333333333
0.5666666666666667
0.7
0.5833333333333334
0.7333333333333333
0.7083333333333334
0.7333333333333333
0.8083333333333333
0.8083333333333333
0.7583333333333333
0.7333333333333333
0.8166666666666667
0.8083333333333333
0.8333333333333334
0.8416666666666667
0.8666666666666667
0.6083333333333333
0.725
0.8083333333333333
0.875
0.85
0.7916666666666666
0.825
0.825
0.4083333333333333
0.575
0.575
0.6666666666666666
0.7083333333333334
0.7666666666666667
0.775
0.7833333333333333
0.7166666666666667
0.6166666666666667
0.825
0.7166666666666667
0.7416666666666667
0.8666666666666667
0.8666666666666667
0.7916666666666666
0.7416666666666667
0.5
0.8166666666666667
0.7166666666666667
0.7666666666666667
0.7916666666666666
0.8916666666666667
0.8333333333333334
0.5666666666666667
0.8083333333333333
0.8083333333333333
0.775
0.8416666666666667
0.9083333333333333
0.8083333333333333
0.8833333333333333
0.7583333333333333
0.75
0.7833333333333333
0.7916666666666666
0.8
0.8333333333333334
0.8416666666666667
0.85
0.6666666666666666
0.7166666666666667
0.725
0.7666666666666667
0.8
0.8
0.8083333333333333
0.8166666666666667
0.5416666666666666
0.5583333333333333
0.575
0.6083333333333333
0.575
0.6416666666666667
0.6166666666666667
0.625
0.55
0.6583333333333333
0.7166666666666667
0.7166666666666667
0.6666666666666666
0.7333333333333333
0.7583333333333333
0.8
0.6416666666666667
0.625
0.6583333333333333
0.675
0.7083333333333334
0.7916666666666666
0.8083333333333333
0.875
0.6333333333333333
0.5916666666666667
0.6833333333333333
0.7416666666666667
0.7166666666666667
0.7
0.775
0.8083333333333333
0.775
0.6666666666666666
0.7833333333333333
0.65
0.8166666666666667
0.8166666666666667
0.8333333333333334
0.8333333333333334
0.5166666666666667
0.5416666666666666
0.775
0.8166666666666667
0.8083333333333333
0.8166666666666667
0.8333333333333334
0.825
0.6583333333333333
0.4666666666666667
0.7166666666666667
0.7333333333333333
0.7416666666666667
0.7833333333333333
0.7583333333333333
0.775
0.6166666666666667
0.575
0.5666666666666667
0.7
0.7166666666666667
0.7166666666666667
0.825
0.8166666666666667
0.6916666666666667
0.6166666666666667
0.825
0.8083333333333333
0.8166666666666667
0.85
0.85
0.85
0.6166666666666667
0.6583333333333333
0.775
0.7583333333333333
0.775
0.7666666666666667
0.7666666666666667
0.8083333333333333
0.6833333333333333
0.6166666666666667
0.675
0.675
0.7333333333333333
0.725
0.7166666666666667
0.7583333333333333
0.7166666666666667
0.5833333333333334
0.7833333333333333
0.675
0.7333333333333333
0.7333333333333333
0.7416666666666667
0.7833333333333333
0.6666666666666666
0.7166666666666667
0.7083333333333334
0.7333333333333333
0.725
0.775
0.75
0.7666666666666667
0.5
0.525
0.5666666666666667
0.6833333333333333
0.65
0.5916666666666667
0.6833333333333333
0.7166666666666667
0.5166666666666667
0.5416666666666666
0.5916666666666667
0.5
0.7166666666666667
0.7083333333333334
0.775
0.775
0.6083333333333333
0.575
0.6833333333333333
0.6916666666666667
0.65
0.7833333333333333
0.75
0.7916666666666666
0.44166666666666665
0.5583333333333333
0.5416666666666666
0.6666666666666666
0.5666666666666667
0.6666666666666666
0.725
0.65
0.6666666666666666
0.6833333333333333
0.65
0.7833333333333333
0.7416666666666667
0.75
0.775
0.7583333333333333
0.4666666666666667
0.6666666666666666
0.7416666666666667
0.6833333333333333
0.7916666666666666
0.8
0.8083333333333333
0.8583333333333333
