2.4308496140292846
15.03045239095809
15.353409290022682
16.737025886017364
18.85679460101528
20.7473357039853
26.152035241015255
34.67136485804804
3.3873807709896937
14.915963063016534
15.32141958095599
16.767836800019722
18.735505299991928
20.69252341700485
25.187699719972443
44.989704876963515
12.135601568967104
15.02750957099488
15.413436078000814
16.76809341000626
18.667437730007805
19.830120760016143
21.77514590503415
41.260450096975546
14.554933738021646
11.975070796965156
16.030729516991414
17.17373735702131
18.991627903014887
21.299438240006566
29.57400854199659
50.523948271002155
6.302402993955184
12.53789645904908
16.164482219028287
17.16830670298077
19.295846135006286
20.8039555940195
37.513025793014094
63.14847277698573
13.316077251045499
17.908492891991045
15.552822681958787
16.889605613949243
18.997016514011193
21.512851051986217
24.116021702007856
41.6013867459842
2.98655966197839
2.5242050460074097
15.640037183999084
17.049843317014165
19.049843377957586
20.049158231006004
29.276013327995315
43.74673721694853
2.42662983603077
15.059923799999524
15.520400242006872
16.98307873000158
18.692122796026524
20.55419391405303
25.153691081970464
46.009842981991824
8.2821796979988
15.08342179597821
15.387642149988096
16.91253366996534
18.82324498903472
22.35693456698209
24.024241393024568
45.72963154601166
2.874490034999326
14.990460039000027
15.327912673994433
16.935194848978426
17.56621736101806
21.46158382401336
20.897231479000766
48.480051168007776
1.9516922969487496
15.030363377009053
15.468863581016194
17.00728534598602
18.77112731098896
19.982326800993178
29.161750429018866
43.25707498402335
4.39543902099831
2.035260983975604
15.374528157000896
16.826410342007875
19.022525009000674
21.66240592597751
26.648861823021434
43.486636678979266
2.905790675955359
14.993771033012308
15.460235890990589
16.857856079994235
18.749898855981883
18.37366334104445
26.97763507498894
41.37805650802329
1.998808459029533
15.274805891036522
15.484442725020926
17.007194799021818
18.85516708600335
17.753441058972385
24.01415114401607
47.75088746100664
2.4342036030138843
7.494114522007294
15.447753724991344
20.059182772994973
22.389465857995674
23.522232070972677
27.86971108004218
47.48496750398772
2.928008452989161
5.027182534977328
15.4864951929776
17.098314285976812
19.165800652990583
18.4284808030352
27.12215697200736
44.98329525894951
1.9587780250003561
15.051011183997616
15.555182874959428
17.007910411979537
18.962174513959326
20.092304988007527
19.963251013017725
31.672630574030336
2.896600773965474
15.075067077006679
15.485928167006932
17.032700388983358
15.757916199974716
21.479675803973805
23.203565410978626
41.838060302019585
4.400445752951782
15.022071435989346
15.54208504903363
16.90943163400516
18.82054424501257
21.344661535986234
24.3057059639832
48.80295507097617
14.614029527001549
15.055430217005778
15.504480850999244
16.939070652006194
19.060620933945756
22.9371420610114
27.148929250019137
44.812844839005265
1.9871081640012562
15.070012955984566
15.471927929029334
16.902414023992606
18.877832614001818
20.704006832966115
23.04551651602378
36.55480278399773
5.830314573016949
15.026458451990038
15.398965405998752
16.985001748951618
18.81146814004751
18.56333050399553
26.431952964980155
44.68714793701656
2.923361519991886
15.0747805259889
15.461072455975227
16.840111425030045
18.77205371996388
21.730913465027697
24.51155817398103
44.61697610403644
2.440846018958837
15.027352685981896
15.43656155600911
16.940027887001634
18.88487168197753
21.412007091974374
32.220899156003725
43.26427948701894
2.8892443740041927
16.836655013030395
15.54748352599563
16.903387818019837
18.877032084972598
20.004241760994773
27.459698582009878
41.323622878990136
4.855819192016497
14.955907665018458
15.587337541976012
17.01539007294923
18.91247438400751
21.48849778797012
22.76764101802837
46.096404447976965
2.4066848079673946
15.044493994035292
15.61081911000656
16.98565528000472
18.745413605007343
20.62894695904106
21.90168830798939
44.44883938098792
1.9503658140311018
14.966435635986272
15.349648095027078
16.91304544196464
18.84673077397747
22.93773931200849
25.98460253997473
45.097274795989506
3.4537773649790324
15.011619492957834
15.604214637016412
16.934673740994185
18.74252043000888
14.607879012997728
30.424450405000243
43.10297654400347
10.217796901008114
14.963494558993261
15.356023221975192
16.943291059986223
18.842657166009303
19.935116122011095
24.045707961020526
47.86143849696964
4.466021092957817
15.145093781000469
15.513150362006854
16.908808279957157
18.86790422804188
19.091492681007367
23.94803581398446
45.9837460090057
2.933947879995685
14.949597025988623
15.408417307015043
16.85679040697869
18.80001014599111
19.13157913502073
20.88911906100111
47.57935578800971
14.632332456996664
15.197929849964567
15.551070677989628
16.93981198500842
18.8203600080451
18.375381832011044
32.1865415420034
58.14269955601776
3.478122336033266
17.716354627977125
18.382769878022373
17.020858415053226
18.9123676319723
19.098446644027717
31.129706818959676
46.04970679600956
2.961326905002352
14.97879337501945
15.354373729031067
16.9169050300261
18.828187278006226
16.852506646013353
26.0211960360175
41.44193156895926
4.473490756005049
15.051087752974126
15.461313224048354
16.95056189299794
18.951326447015163
21.603272148000542
24.34188639902277
44.81680873496225
3.919421622995287
15.088045003998559
15.418482160021085
16.91940086800605
18.807033248944208
19.86949586198898
29.437359921983443
38.36784113000613
7.305599196988624
15.073349278012756
15.433451368007809
16.909503377974033
18.884840596001595
21.645151697041
25.973374182009138
44.243571749015246
13.32902623602422
15.143793917028233
15.571468115027528
16.98677542502992
18.79371929599438
19.25872849096777
23.204150291974656
41.10524842800805
2.9322444329736754
14.88511605199892
15.561976746015716
16.86270891595632
18.91923580999719
22.226698883983772
22.938564887968823
47.60080764396116
5.353941050008871
15.024349490995519
15.495376780047081
16.8814275500481
18.965003324032295
19.933532587019727
29.133091683965176
41.64223573700292
2.9065014619845897
15.179449393996038
15.457336736959405
16.971878568991087
22.668616334034596
22.78192246198887
34.78040425101062
49.51972115400713
3.434577788983006
15.136968774022534
15.450424326001666
16.984410808014218
18.8997171370429
20.87796851998428
25.293948642036412
42.035422911983915
2.944306363002397
15.222299268993083
15.510790498985443
16.939751803001855
18.93921062699519
20.736807533015963
27.36780353402719
47.7711538010044
14.677637792017777
15.152325065981131
15.526977132016327
16.89149226801237
18.86739949201001
19.14468369196402
25.153170829988085
43.03849187900778
