0.1676300578034682
0.13005780346820808
0.14450867052023122
0.16184971098265896
0.41329479768786126
0.653179190751445
0.10149253731343283
0.14328358208955225
0.1044776119402985
0.2
0.3582089552238806
0.14925373134328357
0.11078717201166181
0.13994169096209913
0.13411078717201166
0.1924198250728863
0.30612244897959184
0.565597667638484
0.14540059347181009
0.10682492581602374
0.1394658753709199
0.12166172106824925
0.19881305637982197
0.6261127596439169
0.1391304347826087
0.14202898550724638
0.1246376811594203
0.25507246376811593
0.2608695652173913
0.6550724637681159
0.10479041916167664
0.11976047904191617
0.1347305389221557
0.1437125748502994
0.19461077844311378
0.1377245508982036
0.12573099415204678
0.14327485380116958
0.2046783625730994
0.20175438596491227
0.3157894736842105
0.6228070175438597
0.10857142857142857
0.10857142857142857
0.17714285714285713
0.18
0.19142857142857142
0.66
0.0943952802359882
0.13864306784660768
0.13569321533923304
0.11209439528023599
0.19469026548672566
0.5427728613569321
0.0967741935483871
0.12903225806451613
0.11730205278592376
0.12903225806451613
0.19941348973607037
0.1378299120234604
0.14534883720930233
0.13953488372093023
0.125
0.2005813953488372
0.19186046511627908
0.22093023255813954
0.11079545454545454
0.125
0.2585227272727273
0.11931818181818182
0.32954545454545453
0.5823863636363636
0.12023460410557185
0.1495601173020528
0.1378299120234604
0.19941348973607037
0.3460410557184751
0.4574780058651026
0.11370262390670553
0.12536443148688048
0.1282798833819242
0.14868804664723032
0.11078717201166181
0.5743440233236151
0.15517241379310345
0.14367816091954022
0.14367816091954022
0.14942528735632185
0.33045977011494254
0.5977011494252874
0.11343283582089553
0.15223880597014924
0.11343283582089553
0.1044776119402985
0.1880597014925373
0.6985074626865672
0.13994169096209913
0.10495626822157435
0.18950437317784258
0.27113702623906705
0.16909620991253643
0.5918367346938775
0.13253012048192772
0.09939759036144578
0.1746987951807229
0.10240963855421686
0.27710843373493976
0.1716867469879518
0.1377245508982036
0.12275449101796407
0.12574850299401197
0.12574850299401197
0.25748502994011974
0.5898203592814372
0.12389380530973451
0.12094395280235988
0.11504424778761062
0.12094395280235988
0.11209439528023599
0.5899705014749262
0.12316715542521994
0.093841642228739
0.17302052785923755
0.12316715542521994
0.5073313782991202
0.6041055718475073
0.12574850299401197
0.10479041916167664
0.15568862275449102
0.20958083832335328
0.18562874251497005
0.6437125748502994
0.1023391812865497
0.13742690058479531
0.11695906432748537
0.19005847953216373
0.1871345029239766
0.7192982456140351
0.10574018126888217
0.11782477341389729
0.12386706948640483
0.14501510574018128
0.15709969788519637
0.5558912386706949
0.12312312312312312
0.12912912912912913
0.12312312312312312
0.2072072072072072
0.35435435435435436
0.6486486486486487
0.10650887573964497
0.10650887573964497
0.22485207100591717
0.25443786982248523
0.30177514792899407
0.6775147928994083
0.11764705882352941
0.14411764705882352
0.14411764705882352
0.21176470588235294
0.2088235294117647
0.6735294117647059
0.13595166163141995
0.1299093655589124
0.10574018126888217
0.16012084592145015
0.13293051359516617
0.6042296072507553
0.12979351032448377
0.11209439528023599
0.11209439528023599
0.168141592920354
0.11209439528023599
0.6548672566371682
0.12103746397694524
0.14985590778097982
0.10662824207492795
0.138328530259366
0.30835734870317005
0.6657060518731989
0.1130952380952381
0.1130952380952381
0.14285714285714285
0.11904761904761904
0.16666666666666666
0.6279761904761905
0.11834319526627218
0.1390532544378698
0.1301775147928994
0.25443786982248523
0.14201183431952663
0.5591715976331361
0.15743440233236153
0.13994169096209913
0.11078717201166181
0.17201166180758018
0.3556851311953353
0.641399416909621
0.13333333333333333
0.1565217391304348
0.12753623188405797
0.11594202898550725
0.3507246376811594
0.6347826086956522
0.15773809523809523
0.10119047619047619
0.13392857142857142
0.2113095238095238
0.125
0.6458333333333334
0.13134328358208955
0.0955223880597015
0.14925373134328357
0.11641791044776119
0.14328358208955225
0.6805970149253732
0.125
0.1308139534883721
0.1308139534883721
0.1744186046511628
0.19186046511627908
0.5581395348837209
0.13352272727272727
0.14488636363636365
0.13352272727272727
0.12215909090909091
0.28125
0.6704545454545454
0.14076246334310852
0.12903225806451613
0.12316715542521994
0.20234604105571846
0.24633431085043989
0.5161290322580645
0.119533527696793
0.1282798833819242
0.13702623906705538
0.12536443148688048
0.20408163265306123
0.5422740524781341
0.13793103448275862
0.10632183908045977
0.14942528735632185
0.12643678160919541
0.13505747126436782
0.13793103448275862
0.15714285714285714
0.12285714285714286
0.14857142857142858
0.13142857142857142
0.3057142857142857
0.5971428571428572
0.12023460410557185
0.1348973607038123
0.16422287390029325
0.14076246334310852
0.3196480938416422
0.16715542521994134
0.12352941176470589
0.12941176470588237
0.11176470588235295
0.2235294117647059
0.23823529411764705
0.6676470588235294
0.11014492753623188
0.11884057971014493
0.11884057971014493
0.10434782608695652
0.3072463768115942
0.591304347826087
