0.06079707899971254
0.05924011900060577
0.07118903299942758
0.11455869099972915
0.21078493999993952
0.3945903849999013
0.05549851799969474
0.05851135900047666
0.0612980649993915
0.1090862549999656
0.20289922899974044
0.4032328940002117
0.060533646999829216
0.05795458200009307
0.06224735299929307
0.11779307999950106
0.21138278699982038
0.4073446349993901
0.06302877400048601
0.05856516899984854
0.06268395100050839
0.11587937300009798
0.20740865700008726
0.4041512479998346
0.061531308000667195
0.05661082200003875
0.06523607700000866
0.10813992299972597
0.22078245100055938
0.399107341000672
0.06653504899986729
0.056203831999482645
0.060949175999667204
0.1075437140007125
0.20394087299973762
0.39792465299979085
0.05563503499979561
0.06271682599981432
0.06170106199988368
0.11663676700027281
0.20279701100025704
0.39717112600010296
0.05604901399965456
0.05878857900006551
0.06172285200045735
0.11350302800019563
0.20606728900020244
0.39394793399969785
0.05625371600035578
0.05803500399997574
0.0677209949999451
0.10999516399988352
0.20663629400041827
0.40612357099962537
0.057640826999886485
0.058158269000159635
0.06739653400018142
0.10972539900012634
0.20905838399994536
0.39622325399977854
0.05616102400017553
0.060540155000126106
0.062412978999418556
0.11321567599952687
0.20559823899930052
0.3969214799999463
0.05688562900013494
0.05789373300012812
0.06192524600010074
0.11098680699979013
0.20708354599992163
0.39836260299944115
0.056869400999858044
0.05754492300002312
0.062391548000050534
0.1119958970002699
0.19483360799949878
0.4099591500007591
0.05570947700016404
0.056386739000117814
0.06192484099938156
0.11158535499998834
0.2090823979997367
0.39568872900053975
0.055894647000059194
0.057846011000037834
0.06168909200005146
0.11132876400006353
0.20484057599969674
0.39905279699996754
0.05505057000027591
0.055877472999782185
0.061922210000375344
0.10798132800027815
0.21194898799967632
0.40509249400020053
0.05623061599999346
0.05613050800002384
0.0610671230006119
0.10743435399945156
0.20935898700008693
0.39803551099976175
0.058050867000019934
0.05706296599964844
0.06166295100047137
0.11547490599969024
0.2295497270006308
0.41801375500017457
0.0572509240000727
0.05731791299967881
0.06283422700016672
0.1093945110005734
0.209721630999411
0.39885052499994345
0.05634849400030362
0.05662600699997711
0.061533919999419595
0.10838544299986097
0.210005371999614
0.39985459000035917
0.05662143400058994
0.05834039399996982
0.06177449899951171
0.10859752899978048
0.21310703000017384
0.3969294580001588
0.05533072500020353
0.05720813100015221
0.06109559700053069
0.107680862000052
0.20362172899967845
0.3339270739998028
0.05538639099995635
0.05891941599929851
0.0653522869997687
0.10946244000024308
0.20150605300023017
0.40952279700013605
0.058120523000070534
0.057103951000499364
0.062250024999229936
0.1151760060001834
0.2079154439998092
0.39873003699995024
0.057574105000639975
0.056948272999761684
0.06271664399992005
0.10989128599976539
0.20416920499974367
0.3982544840000628
0.05670437399930961
0.05863544499970885
0.06081301700032782
0.10803366100026324
0.20374818399977812
0.4107621260000087
0.05511747499986086
0.05726844600030745
0.0609754110000722
0.10857969100015907
0.20139580399973056
0.3955596060004609
0.05507591300010972
0.058118896999985736
0.06108288799987349
0.11427077200005442
0.20756637599970418
0.4020146279999608
0.058059861000401725
0.05878399499943043
0.06342685599975084
0.11059813700012455
0.20538277499963442
0.4026177719997577
0.0567226089997348
0.060174289000315184
0.06361630399987916
0.10858346300028643
0.20217562600009842
0.4025235580002118
0.05842231799942965
0.05879264199938916
0.06426463699972373
0.11293549899983191
0.21940198500033148
0.40312452600028337
0.05795584399947984
0.05755143999977008
0.0645214420001139
0.10942284199973074
0.2041310380000141
0.40404987999954756
0.057995349000520946
0.05819864899967797
0.0652010630001314
0.1099644679998164
0.20679630899940094
0.39604231099929166
0.06244279099973937
0.05852993500047887
0.06679334399996151
0.10914452599990909
0.2047428019996005
0.3947690650002187
0.06201184099973034
0.05714483499923517
0.06153348199950415
0.11256892299934407
0.207979787000113
0.39855112900022505
0.056034209999779705
0.05976275600005465
0.06458152999948652
0.11196175900022354
0.2031336710006144
0.39906431999952474
0.06875102999947558
0.061861286000748805
0.061638906000553106
0.10959578199981479
0.20366987199940922
0.3928930859992761
0.058655549999457435
0.05658726099954947
0.06139798599997448
0.11042952400021022
0.20307998900079838
0.39454369699979
0.05734049900001992
0.05624884699955146
0.06553422800061526
0.115369512000143
0.20267654999952356
0.3932922059993871
0.057364359000530385
0.05918769199979579
0.06256445700000768
0.11158126099962828
0.20308450799984712
0.3949046269999599
0.0575988780001353
0.05802564900022844
0.06353577200025029
0.11262223399990035
0.20938242000011087
0.40049794600054156
0.060464679999313375
0.05836214299961284
0.06601820600008068
0.11559880400000111
0.2078414450006676
0.4060524060005264
0.0586791860005178
0.0576703169999746
0.06573435500013147
0.11428338000041549
0.20842732999972213
0.2941501559998869
0.057695167000019865
0.06118506599977991
0.06645277300049202
0.1160520749999705
0.2177430159999858
0.40196458700029325
0.057577360999857774
0.05949473199962085
0.06621345700023085
0.11014478899960523
0.21179419799955213
0.398555459999443
