0.04185124800005724
0.16735179500028607
0.2049023939998733
0.37611503199968865
0.7411205749995133
1.4757764169999064
0.04265897900040727
0.15903551900009916
0.2050666730001467
0.3680416429997422
0.7367161680003846
1.4797847029994955
0.03604949599957763
0.10137794300044334
0.20187700399947062
0.37520511699949566
0.7383511919997545
1.4806249299999763
0.06152301699967211
0.1619628879998345
0.1984353749994625
0.37528900199959025
0.7339847240000381
1.4804406559997005
0.02577655200002482
0.05173562900017714
0.19685318800020468
0.37228278099973977
0.7304047170000558
1.474947517000146
0.05051125099998899
0.14857440699961444
0.20304541400037124
0.3672453300005145
0.7345156149995091
1.4851877210003295
0.04966695999974036
0.14924033999977837
0.200841570999728
0.37368746799984365
0.7315057400001024
1.481480613999338
0.14898363800057268
0.11663102000056824
0.1950508110003284
0.31417764100024215
0.7420577869997942
1.476756389000002
0.06569542600027489
0.03727558399987174
0.1895668150000347
0.3737147609999738
0.7359292689998256
1.4777681630002917
0.06327770600000804
0.08095268400029454
0.17193514700011292
0.37483028099995863
0.7388079339998512
1.482120630999816
0.020608486000128323
0.05326207899997826
0.20171443399976852
0.3754104929994355
0.7315981379997538
1.2944746430002851
0.025933805000022403
0.058942265000041516
0.121973639999851
0.1605069180004648
0.6394764659999055
1.2309196919995884
0.056760477000352694
0.0797052480002094
0.1331800520001707
0.17502302100001543
0.5659924270003103
1.0355650819992661
0.051998914999785484
0.1283259360006923
0.20109206800043467
0.3683033899997099
0.7331637699999192
1.469325430999561
0.10071822999998403
0.16012408400001732
0.19830817399997613
0.3683744710006067
0.7335023770001499
1.4713705550002487
0.11331636500017339
0.14100926199989772
0.18725156100026652
0.3492110490005871
0.7150879400005579
1.4566010059998007
0.029368972000156646
0.09396033599932707
0.1986070330003713
0.3677567069998986
0.7388775359995634
1.476078979999329
0.06174456400003692
0.1587016820003555
0.1955833160000111
0.37842608300070424
0.5123122129998592
1.3805653159997746
0.06973259999995207
0.12918560700018134
0.2004834370000026
0.36881212100070115
0.734281469999587
1.472572947000117
0.04949880000003759
0.1394498029994793
0.18362216600053216
0.35251172999960545
0.7223129529993457
1.4567346570001973
0.06873436699970625
0.06425103899982787
0.17125660000056087
0.3756105769998612
0.7341077989995028
0.9362422240001251
0.05462377799995011
0.16051103700010572
0.20094021600016276
0.2935568240000066
0.43969656499939447
1.474744408999868
0.05010211300032097
0.08361244900061138
0.19951825899988762
0.3724989419997655
0.7310402470002373
1.4722905589997026
0.054952059000243025
0.052959597000153735
0.0722857019991352
0.37083929399977933
0.7085514059999696
1.1313964900000428
0.05968460599979153
0.06829000299967447
0.19637637799951335
0.3671440630005236
0.7347067620003145
1.4746355900006165
0.08375839899963466
0.09961881199978961
0.17553560500073218
0.3528640849999647
0.6918416970001999
1.0215828950003925
0.043905450999773166
0.14525389000027644
0.1774202510005125
0.3531692309998107
0.7182459340001515
1.4608211490003669
0.09393572899989522
0.11474136100059695
0.14199771000039618
0.21569801700024982
0.4916374399999768
1.4798937840005237
0.10563050400014617
0.16206209899974056
0.2040257560001919
0.3805650719996265
0.7362883630003125
1.4837843380000777
0.15441985899997235
0.16639400700023543
0.20391641500009428
0.2008771410000918
0.7419210110001586
1.480605313999149
0.058052254000358516
0.16374121799981367
0.20652146700012963
0.3758084360006251
0.7388004390004426
1.4828586550002
0.0407095369992021
0.16261394999946788
0.20023443399986718
0.37615740500041284
0.7509509179999441
1.4716465210003662
0.06283147300018754
0.13213404399994033
0.20332646999941062
0.3238123560004169
0.6677546840001014
1.4848859510002512
0.07562442900052702
0.16631576899999345
0.20187775399972452
0.3735762690002957
0.7391438080003354
1.477168958999755
0.10204840599999443
0.06416226500004996
0.20453464000001986
0.3473685179997119
0.7374671559991839
1.4731059460000324
0.06131945699962671
0.14916010899924004
0.1982198679997964
0.3702320470001723
0.7359122430007119
1.474264557999959
0.11286012599975948
0.1323256230007246
0.19768716099952144
0.36995170899990626
0.7326437310002802
1.476798563000557
0.09354076399995392
0.05753497600016999
0.20052264700007072
0.3713738970000122
0.6106829950003885
1.4813152130000162
0.14222113300002093
0.15806555899962405
0.19914481500018155
0.3710142119998636
0.7348999799996818
1.4275098289999733
0.12159142300060921
0.15942524500042055
0.20502839500022674
0.3785957679992862
0.7349713289995634
1.4792261230004442
0.07963171200026409
0.10545831600029487
0.2049965969999903
0.3670188790001703
0.7327703379996819
1.4800684510000792
0.04470801100069366
0.15579308300038974
0.1989247460005572
0.36823257800006104
0.7326136009996844
1.4814010830004918
0.045379264999610314
0.1557230119997257
0.1983682009995391
0.23318730800019694
0.4918389960002969
1.285238627000581
0.04170618499938428
0.14973394299977372
0.20001527900058136
0.373032245000104
0.73308637899936
1.4771941749995676
0.030562418000045
0.06918630099971779
0.16868191599951388
0.3031143009993684
0.740662164999776
1.4766453459997138
