0.4744897959183674
0.7397959183673469
0.7857142857142857
0.8418367346938775
0.8979591836734694
0.9387755102040817
0.4581005586592179
0.776536312849162
0.8324022346368715
0.88268156424581
0.9720670391061452
0.9888268156424581
0.7111111111111111
0.8055555555555556
0.9555555555555556
0.9444444444444444
0.9944444444444445
0.9888888888888889
0.5668449197860963
0.8288770053475936
0.9251336898395722
0.9411764705882353
0.9732620320855615
0.983957219251337
0.6666666666666666
0.7857142857142857
0.8928571428571429
0.8630952380952381
0.9404761904761905
0.9642857142857143
0.6815642458100558
0.7206703910614525
0.7988826815642458
0.8603351955307262
0.8994413407821229
0.9217877094972067
0.4044943820224719
0.8146067415730337
0.9382022471910112
0.9382022471910112
0.9775280898876404
0.9775280898876404
0.582010582010582
0.7724867724867724
0.6825396825396826
0.8359788359788359
0.9365079365079365
0.9153439153439153
0.6789473684210526
0.6052631578947368
0.6947368421052632
0.8473684210526315
0.9157894736842105
0.9315789473684211
0.6192893401015228
0.6751269035532995
0.7309644670050761
0.8578680203045685
0.9187817258883249
0.9441624365482234
0.42134831460674155
0.6966292134831461
0.7640449438202247
0.7359550561797753
0.8932584269662921
0.9213483146067416
0.2962962962962963
0.6825396825396826
0.7566137566137566
0.7354497354497355
0.8412698412698413
0.8835978835978836
0.5691489361702128
0.723404255319149
0.8138297872340425
0.925531914893617
0.9095744680851063
0.925531914893617
0.7341040462427746
0.7341040462427746
0.8092485549132948
0.9190751445086706
0.9479768786127167
0.9710982658959537
0.6888888888888889
0.8388888888888889
0.9
0.9611111111111111
0.9666666666666667
0.9666666666666667
0.546583850931677
0.7515527950310559
0.8012422360248447
0.8633540372670807
0.9440993788819876
0.937888198757764
0.7441860465116279
0.6744186046511628
0.8313953488372093
0.872093023255814
0.8953488372093024
0.9244186046511628
0.6491228070175439
0.7953216374269005
0.8362573099415205
0.9064327485380117
0.9415204678362573
0.9473684210526315
0.6408839779005525
0.850828729281768
0.7513812154696132
0.9502762430939227
0.9613259668508287
0.9723756906077348
0.6851851851851852
0.7407407407407407
0.8518518518518519
0.845679012345679
0.9135802469135802
0.9444444444444444
0.7109826589595376
0.8439306358381503
0.7803468208092486
0.8323699421965318
0.9248554913294798
0.9248554913294798
0.627906976744186
0.7906976744186046
0.9069767441860465
0.8895348837209303
0.9244186046511628
0.9534883720930233
0.4437869822485207
0.6627218934911243
0.8520710059171598
0.8816568047337278
0.9230769230769231
0.9408284023668639
0.6222222222222222
0.65
0.7166666666666667
0.7888888888888889
0.8166666666666667
0.8166666666666667
0.6536312849162011
0.8938547486033519
0.9162011173184358
0.9441340782122905
0.9776536312849162
0.9776536312849162
0.5527950310559007
0.6211180124223602
0.7639751552795031
0.8260869565217391
0.8695652173913043
0.8757763975155279
0.51875
0.73125
0.85
0.95625
0.93125
0.93125
0.7076023391812866
0.7953216374269005
0.8187134502923976
0.8654970760233918
0.9064327485380117
0.935672514619883
0.44776119402985076
0.8855721393034826
0.8656716417910447
0.9253731343283582
0.9900497512437811
0.9850746268656716
0.8316831683168316
0.8118811881188119
0.8960396039603961
0.9405940594059405
0.9752475247524752
0.9801980198019802
0.7320574162679426
0.8899521531100478
0.7751196172248804
0.9665071770334929
0.9760765550239234
0.9808612440191388
0.6105263157894737
0.7631578947368421
0.8421052631578947
0.9263157894736842
0.9736842105263158
0.9736842105263158
0.8009950248756219
0.7661691542288557
0.8656716417910447
0.9154228855721394
0.9353233830845771
0.9502487562189055
0.665
0.82
0.905
0.97
0.99
0.99
0.5297297297297298
0.8162162162162162
0.6108108108108108
0.8216216216216217
0.9513513513513514
0.9783783783783784
0.6302083333333334
0.8385416666666666
0.84375
0.8958333333333334
0.9375
0.9791666666666666
0.5722543352601156
0.6184971098265896
0.8670520231213873
0.930635838150289
0.9248554913294798
0.9710982658959537
0.6304347826086957
0.8478260869565217
0.8260869565217391
0.9565217391304348
0.9510869565217391
0.9728260869565217
0.5901639344262295
0.7595628415300546
0.7103825136612022
0.9344262295081968
0.907103825136612
0.9617486338797814
0.6580310880829016
0.9067357512953368
0.9689119170984456
0.9533678756476683
0.9844559585492227
0.9844559585492227
0.5287356321839081
0.7931034482758621
0.867816091954023
0.764367816091954
0.9827586206896551
0.9655172413793104
0.6324324324324324
0.7837837837837838
0.7783783783783784
0.9135135135135135
0.9621621621621622
0.9783783783783784
0.6086956521739131
0.7989130434782609
0.8260869565217391
0.8641304347826086
0.9347826086956522
0.9510869565217391
0.6132596685082873
0.8453038674033149
0.9116022099447514
0.9337016574585635
0.9779005524861878
0.9834254143646409
0.640625
0.7395833333333334
0.8177083333333334
0.8229166666666666
0.9270833333333334
0.890625
