0.381294964028777
0.41007194244604317
0.5107913669064749
0.5683453237410072
0.6115107913669064
0.6762589928057554
0.41732283464566927
0.41732283464566927
0.47244094488188976
0.5826771653543307
0.5748031496062992
0.6771653543307087
0.41732283464566927
0.4251968503937008
0.4330708661417323
0.5826771653543307
0.6456692913385826
0.6614173228346457
0.4090909090909091
0.4772727272727273
0.4696969696969697
0.5681818181818182
0.6515151515151515
0.7045454545454546
0.42016806722689076
0.3697478991596639
0.47058823529411764
0.5714285714285714
0.6050420168067226
0.6470588235294118
0.3937007874015748
0.3858267716535433
0.5039370078740157
0.5039370078740157
0.5354330708661418
0.6377952755905512
0.49206349206349204
0.4603174603174603
0.4126984126984127
0.5396825396825397
0.6349206349206349
0.6507936507936508
0.4552238805970149
0.43283582089552236
0.3582089552238806
0.5223880597014925
0.5522388059701493
0.6119402985074627
0.3805970149253731
0.4701492537313433
0.417910447761194
0.4701492537313433
0.5
0.6343283582089553
0.3237410071942446
0.37410071942446044
0.4748201438848921
0.45323741007194246
0.5827338129496403
0.6115107913669064
0.31746031746031744
0.47619047619047616
0.42857142857142855
0.49206349206349204
0.5396825396825397
0.6349206349206349
0.373134328358209
0.3880597014925373
0.43283582089552236
0.39552238805970147
0.5074626865671642
0.5447761194029851
0.42857142857142855
0.37593984962406013
0.42857142857142855
0.47368421052631576
0.5939849624060151
0.6240601503759399
0.32786885245901637
0.4016393442622951
0.4426229508196721
0.5491803278688525
0.5819672131147541
0.6311475409836066
0.3937007874015748
0.3937007874015748
0.4645669291338583
0.47244094488188976
0.5984251968503937
0.5590551181102362
0.40350877192982454
0.41228070175438597
0.4298245614035088
0.5789473684210527
0.6228070175438597
0.6666666666666666
0.38524590163934425
0.4098360655737705
0.4672131147540984
0.48360655737704916
0.5655737704918032
0.6639344262295082
0.371900826446281
0.4462809917355372
0.4214876033057851
0.4380165289256198
0.5371900826446281
0.6363636363636364
0.3858267716535433
0.4330708661417323
0.4015748031496063
0.5354330708661418
0.6535433070866141
0.6299212598425197
0.45614035087719296
0.42105263157894735
0.45614035087719296
0.5789473684210527
0.5614035087719298
0.6929824561403509
0.4262295081967213
0.4180327868852459
0.45081967213114754
0.5819672131147541
0.5655737704918032
0.6475409836065574
0.4132231404958678
0.38016528925619836
0.4628099173553719
0.47107438016528924
0.5867768595041323
0.5867768595041323
0.3865546218487395
0.40336134453781514
0.5042016806722689
0.453781512605042
0.5798319327731093
0.6218487394957983
0.3543307086614173
0.33070866141732286
0.44881889763779526
0.4330708661417323
0.5196850393700787
0.6062992125984252
0.42063492063492064
0.46825396825396826
0.49206349206349204
0.5714285714285714
0.6031746031746031
0.6666666666666666
0.5087719298245614
0.3333333333333333
0.543859649122807
0.5350877192982456
0.5789473684210527
0.5877192982456141
0.5398230088495575
0.4424778761061947
0.4424778761061947
0.5221238938053098
0.5398230088495575
0.6017699115044248
0.33884297520661155
0.4297520661157025
0.45454545454545453
0.5454545454545454
0.5785123966942148
0.5785123966942148
0.4125874125874126
0.4965034965034965
0.46153846153846156
0.4405594405594406
0.5594405594405595
0.6293706293706294
0.44755244755244755
0.46153846153846156
0.48951048951048953
0.5244755244755245
0.5664335664335665
0.6573426573426573
0.4189189189189189
0.5202702702702703
0.4391891891891892
0.5135135135135135
0.5878378378378378
0.6081081081081081
0.4740740740740741
0.42962962962962964
0.48148148148148145
0.5703703703703704
0.6370370370370371
0.6592592592592592
0.44755244755244755
0.4405594405594406
0.4825174825174825
0.5174825174825175
0.5594405594405595
0.6853146853146853
0.352112676056338
0.47183098591549294
0.47183098591549294
0.5352112676056338
0.6126760563380281
0.676056338028169
0.4122137404580153
0.3969465648854962
0.3282442748091603
0.4580152671755725
0.5725190839694656
0.6183206106870229
0.3382352941176471
0.4264705882352941
0.45588235294117646
0.4852941176470588
0.5441176470588235
0.625
0.3008130081300813
0.4146341463414634
0.4959349593495935
0.5691056910569106
0.5772357723577236
0.5853658536585366
0.4198473282442748
0.48854961832061067
0.4580152671755725
0.5343511450381679
0.5954198473282443
0.6641221374045801
0.3384615384615385
0.3769230769230769
0.4153846153846154
0.45384615384615384
0.5076923076923077
0.5692307692307692
0.3161764705882353
0.4411764705882353
0.4852941176470588
0.49264705882352944
0.5588235294117647
0.7058823529411765
0.4796747967479675
0.4796747967479675
0.5365853658536586
0.5203252032520326
0.6097560975609756
0.6341463414634146
0.3816793893129771
0.3816793893129771
0.45038167938931295
0.5343511450381679
0.6335877862595419
0.6717557251908397
0.38461538461538464
0.4076923076923077
0.43846153846153846
0.5230769230769231
0.5384615384615384
0.6384615384615384
0.2578125
0.40625
0.46875
0.5546875
0.515625
0.6484375
0.375
0.39705882352941174
0.4338235294117647
0.4485294117647059
0.5514705882352942
0.5882352941176471
