0.0895406429990544
0.09057034100078454
0.13562046700099017
0.15405889700014086
0.17600691600091523
0.5524727709998842
1.5732747780002683
3.6209247360002337
0.08717637100016873
0.08895896600006381
0.12771742300174083
0.13972688099966035
0.18441591699956916
0.5339813329992467
1.5625244719994953
3.6041585490002035
0.0914368679987092
0.07866591499987408
0.1255462469998747
0.1399670969985891
0.1838598410013219
0.5422460649988352
1.5534811739998986
3.5791940099989006
0.08742079100011324
0.08759169099903374
0.1310676399989461
0.1418209029998252
0.18538855100086948
0.5521016729999246
1.080440538999028
3.5708514980015025
0.09236308000072313
0.08874569299950963
0.12880275499992422
0.1388363219994062
0.17764418799924897
0.5429277359999105
1.5626093430000765
3.565741895999963
0.08243281800059776
0.08849099800136173
0.13553093800146598
0.13875382800142688
0.17370320900045044
0.5498485330008407
1.5652269889997115
3.540972189999593
0.08644986500075902
0.08095277800020995
0.13435632999971858
0.13929181299863558
0.18329678699956276
0.5497846489997755
1.151084630000696
3.6981466230008664
0.09609872399960295
0.08953804100019624
0.1290988250002556
0.14181438500054355
0.1835808600008022
0.6309746349998022
1.623500077999779
3.6819858140006545
0.08903813299912144
0.09255762099928688
0.14793695399930584
0.14156377200015413
0.18636273399897618
0.5417304500006139
1.5712930970003072
3.7111645200002386
0.08468483999968157
0.08593593499972485
0.1288606020007137
0.14429605299847026
0.17430555899954925
0.5772048050002923
1.1360741589996906
3.7476746959982847
0.08880652200059558
0.09016471799986903
0.13706586900116235
0.1408741569994163
0.18702671099890722
0.5818700649997481
1.5949937629993656
3.7033471890008514
0.08638672599954589
0.08578022899928328
0.12845969199952378
0.13969745599933958
0.17728333600098267
0.5577871240002423
1.1467106479994982
3.7782167549994483
0.08521512799961783
0.0920392059997539
0.1341887719991064
0.14165854699967895
0.17742853200070385
0.5776214510005957
1.0991520789993956
3.7189436799999385
0.10328886900060752
0.08591432499997609
0.1369881600003282
0.1481564250007068
0.1921514820005541
0.6538887980004802
1.4069014759988931
3.3039588689989614
0.09136050599954615
0.09478379499887524
0.13791015500100912
0.1457846299999801
0.2021443489993544
0.6742280259986728
1.3246891270009655
3.422129559001405
0.08854601399980311
0.08866421399943647
0.13630996000028972
0.15561029799937387
0.20341414299946337
0.5461983349996444
1.1214545759994508
3.7801706819991523
0.08574412300004042
0.08475202599947806
0.13555986199935433
0.15195220900022832
0.18456128199977684
0.5427780489990255
1.132918747000076
3.745239380001294
0.08868098499988264
0.08678668699940317
0.13471866600048088
0.14830282799994166
0.18255213700103923
0.5467596010003035
1.1939303140006814
3.81028754900035
0.10667591899982654
0.08972396099852631
0.13236474500081385
0.14938979699945776
0.19095388200003072
0.5558140809989709
1.0944585880006343
3.727210474000458
0.08506586299881747
0.09989562000009755
0.13358782400064229
0.1428656950010918
0.18039998799940804
0.5524759220006672
1.1141072059999715
3.7184705850013415
0.08731304800130602
0.09231413199995586
0.13321991199882177
0.15358375100004196
0.17986157199993613
0.5688987260000431
1.1077500310002506
3.759785672000362
0.09446352000122715
0.09850990700033435
0.14104527900053654
0.15264204300001438
0.18184095499964315
0.5431175690009695
1.1237635180004872
3.6940536580004846
0.08697373699942545
0.09202492099939263
0.13448299300034705
0.14926554699923145
0.18752943000072264
0.5622284880009829
1.1027001380007277
3.6799339650006004
0.09335751399885339
0.08612423699923966
0.13774117799948726
0.14866714399977354
0.18676402699929895
0.555834192000475
1.1152368700004445
3.90514587799953
0.09195741700023063
0.09141411800010246
0.14466145300139033
0.14402535500084923
0.18290583499947388
0.5543029860000388
1.1000231969992456
3.7914099620011257
0.08881722499972966
0.08997592099876783
0.1389112689994363
0.1523155279992352
0.1931815000007191
0.5318926479994843
1.0879341199997725
3.7592156160008017
0.08186184499936644
0.08047355000053358
0.13274328700026672
0.1454286480002338
0.1817277339996508
0.554586473001109
1.1471295259998442
3.751311509999141
0.09140863999891735
0.0862253450013668
0.1315807560004032
0.142183030000524
0.19167582599948219
0.5562081890002446
1.6693831979991955
3.547580005999407
0.08588191799935885
0.08516461600083858
0.1330399070011481
0.14528577599958226
0.1805114920007327
0.5548467300013726
1.5424253250002948
3.57375470199986
0.09081648400024278
0.08986328399987542
0.12929408599848102
0.15832861200033221
0.19238572399990517
0.5506517270005133
1.5606324760010466
3.5675169520000054
0.08332238699949812
0.085864678998405
0.1327075569988665
0.15321670199955406
0.1979175819997181
0.5852647589999833
1.1378670889989735
3.805713777001074
0.0867482680005196
0.08724646500013478
0.1412169189989072
0.14794869900106278
0.19024668400015798
0.5557419850010774
1.0974151980008173
3.6113930850006
0.09807593000005
0.09070624899868562
0.13404082899978675
0.14474119799888285
0.2112663120005891
0.6382981199985807
1.3140248260006047
3.1729780089990527
0.09322673800124903
0.09454003400060174
0.13557661800041387
0.16587283199987723
0.2215672739985166
0.6310673139996652
1.1065340639997885
3.765317915000196
0.08913834700069856
0.08586665599978005
0.1347159159995499
0.14626428299925465
0.19615594099923328
0.5674779790006141
1.1457961240012082
3.6809302669989847
0.08510925599875918
0.09049274000062724
0.134597014000974
0.14546028199947614
0.1881067600006645
0.5262149869995483
1.564863798999795
3.690857977999258
0.08542815399960091
0.08195166399855225
0.1405597939992731
0.14504128199951083
0.18323617100031697
0.5493529140003375
1.554552909999984
3.5322584960013046
0.0916493350014207
0.08338425900001312
0.12938843300071312
0.14411908399961249
0.18063775800146686
0.5456365740028559
1.1172857839992503
3.5942693920005695
0.08866819300237694
0.08784089800246875
0.1341016420010419
0.1570496659987839
0.1823968840035377
0.5559294310005498
1.5789790180024283
3.797195069000736
0.08933220399921993
0.09071350099839037
0.129413275000843
0.1513312050010427
0.17540802900111885
0.5477188219992968
1.577634000001126
3.5895507380009803
0.08603162399958819
0.0905539100021997
0.13464757100155111
0.14227244699941366
0.17798083500019857
0.5529000489987084
1.5715734350014827
3.5916352839994943
0.0832431379967602
0.08376413799851434
0.1306326909980271
0.14808683700175607
0.18028293800307438
0.5485477929978515
1.571622817999014
3.5854332839990093
0.08536193599866237
0.08620093399804318
0.13041719700049725
0.13815417400110164
0.18541712899968843
0.5394258409978647
1.5546937259969127
3.514932420999685
0.08927102700181422
0.08457394099968951
0.1296555030021409
0.14480235800147057
0.17932065299828537
0.5444671400000516
1.08629639100036
3.57648581399917
0.0839267440023832
0.0934359159982705
0.13132360099916696
0.13959227700252086
0.18392254199716263
0.5435098529997049
1.5864335939986631
3.5641848079976626
