0.08506224200027646
0.08168945299985353
0.14038657499986584
0.18648073700023815
0.3338847910017648
0.700412084999698
1.4685313679983665
3.748272992001148
0.08343604800029425
0.0816349540000374
0.13512039199849823
0.1858286409988068
0.3254382199993415
0.7104777610002202
1.424844810997456
3.760148984998523
0.08857723400069517
0.08870263299832004
0.13935438100088504
0.1908886259989231
0.32578182100041886
0.6903366249971441
1.4552062280017708
3.748768640001799
0.08597144200030016
0.08039359100075671
0.1323348949990759
0.18419190300119226
0.3492319899996801
0.6567937560030259
1.5591515449996223
3.6284329099980823
0.0814480029985134
0.08607858899995335
0.1449334800017823
0.19258891299978131
0.34911156200178084
0.6506877060019178
1.5478864739998244
3.621419380997395
0.08439350800108514
0.08307801299815765
0.13883442299993476
0.19453443599923048
0.3570829840027727
0.665011647000938
1.5585096409995458
3.6400145730003715
0.09140949500215356
0.0842523200008145
0.15059689999907278
0.18994657100120094
0.3751984619993891
0.7063331760000437
1.5769502260009176
3.633985810996819
0.08271823099858011
0.09489979099816992
0.1448609299986856
0.19576676600263454
0.35550495099960244
0.6965555530005076
1.4417593580001267
3.773164474998339
0.0866322219990252
0.0813417399986065
0.13781426000059582
0.19749736999801826
0.3335267369984649
0.7220746009988943
1.4329363440010638
3.7274757660015894
0.08056444400062901
0.08490853100011009
0.13553727099861135
0.1963687800016487
0.35878436799976043
0.655424332999246
1.434414678999019
3.7597954619996017
0.08029724700099905
0.08321313800115604
0.13912156299920753
0.18825930899765808
0.3159935090006911
0.6921571300008509
1.4244756370026153
3.727715527998953
0.08782552599950577
0.08239624300040305
0.1380712690006476
0.18671371700111195
0.34179173200027435
0.6945410330008599
1.4319668319985794
3.794326066999929
0.08238604399957694
0.08785992599950987
0.13554267800282105
0.1867739180015633
0.3434106310014613
0.7091240939989802
1.453657578000275
3.731024497999897
0.08089354899857426
0.08744142800060217
0.13884796899947105
0.19183480400170083
0.33253706700270413
0.695569940002315
1.4367706399971212
3.776206649999949
0.07996934699986014
0.08205844099938986
0.14012675800040597
0.1963676810009929
0.32323608200022136
0.7062572760005423
1.4317723940002907
3.73445375600204
0.0872996259968204
0.08122044500123593
0.14152635599748464
0.19039430300108506
0.34242212600292987
0.7020153000012215
1.4348434070016083
3.7301707250007894
0.08477413499713293
0.0884410239996214
0.13866296699779923
0.18882191000011517
0.35831328100175597
0.6324614250006562
1.5551054460011073
3.617889911001839
0.08910612200270407
0.08488903500256129
0.1382321690034587
0.18740841600083513
0.36515406199760037
0.6364795170011348
1.549271175001195
3.6206259280006634
0.084810035998089
0.08475783600079012
0.13780717099871254
0.18730361699999776
0.36176057500051684
0.6931406449984934
1.5881396620025043
3.730107905001205
0.09154601499903947
0.08226784499856876
0.1415136600007827
0.19817838500239304
0.34564432600018336
0.7292297349995351
1.4543562830003793
3.827020717002597
0.08362634099830757
0.0952947049991053
0.1409374620016024
0.18781751700225868
0.3455930279997119
0.6578409590001684
1.5726513189983962
3.63273432799906
0.08137304800038692
0.08545923499696073
0.1416124610004772
0.20650235900029656
0.3399449460011965
0.6510502810015169
1.540979420999065
3.6629356400007964
0.07958695299748797
0.08321144200090203
0.1419237600021006
0.19738048799990793
0.3415825410011166
0.7105423970024276
1.4371719440023298
3.736114416999044
0.0757665650016861
0.0847487379978702
0.13707317499938654
0.19314300200130674
0.34095084400178166
0.7011268259993813
1.439319739001803
3.734728023999196
0.07926185399992391
0.07848555699820281
0.14497135900091962
0.2070166329976928
0.3751063179988705
0.7409961900011695
1.613189635998424
3.6278609940018214
0.08339980099844979
0.08385590000034426
0.1486328710016096
0.20407287800117047
0.38163105600324343
0.7740007870015688
1.5591292589997465
3.692630667999765
0.08188381599757122
0.08493000699672848
0.14542900000014924
0.19694852500106208
0.35988737099978607
0.6752303009998286
1.5554562180004723
3.660893404001399
0.08851470200170297
0.07755923900185735
0.14038002800225513
0.2306238269993628
0.33962396400238504
0.7146084150008392
1.4392653060021985
3.764333285998873
0.08133123000152409
0.0828730249995715
0.1434057260012196
0.1938752599999134
0.3377590860000055
0.7175328370030911
1.4515142269992793
3.7951527379991603
0.08098593400063692
0.08634101699863095
0.146442320998176
0.19895994999751565
0.36495080899840104
0.695434932000353
1.534446798999852
3.631764973997633
0.08764641499874415
0.09156220300064888
0.14170393899985356
0.1888135869994585
0.3544946500005608
0.6478243989986368
1.6601746200030902
3.644385097999475
0.08306013099718257
0.08202693500061287
0.1453912289980508
0.19559306700102752
0.358851440003491
0.6499090020006406
1.5415568249991338
3.695252278001135
0.07885244600038277
0.08517952599868295
0.14460013400093885
0.18795879399840487
0.3694501099998888
0.6753938250003557
1.5875727899983758
3.77939523799796
0.0861651230006828
0.08049224099886487
0.1446698350009683
0.19654906800133176
0.3446040919989173
0.7336133429998881
1.4434868619973713
3.785546440001781
0.1086570510015008
0.0893850129978091
0.14132064700243063
0.19468900200081407
0.34800629999881494
0.7177411270022276
1.4635950430019875
3.7375848600022437
0.08179048099918873
0.07956368499799282
0.13916422100010095
0.1917328749987064
0.327008398999169
0.7147685179988912
1.4385444860017742
3.7257331460023124
0.08690065500195487
0.09082654300073045
0.1450496870020288
0.19084585500240792
0.3216267770003469
0.700417481999466
1.4628790679998929
3.7494825100002345
0.08277285900112474
0.08152376200087019
0.160739528000704
0.1897462409979198
0.3510045639995951
0.7024494220022461
1.4363908400009677
3.780271760002506
0.08394764999684412
0.08754043899898534
0.14621386299768346
0.1895644309988711
0.3502687470027013
0.7186890360026155
1.4633915850026824
3.76189353099835
0.08936062900102115
0.0826371500006644
0.139422176998778
0.19901419500092743
0.32937169700016966
0.701612662000116
1.4357513190007012
3.7621088060004695
0.09078522300114855
0.0868537339993054
0.14297256200006814
0.19460880299811834
0.3315920819986786
0.7166688979996252
1.46821458499835
3.756868137999845
0.09252401499907137
0.08660733299984713
0.14498845300113317
0.19284190499820397
0.3450720340006228
0.694662354002503
1.434178465999139
3.7606385680010135
0.08935682300216286
0.08253634399807197
0.1434772559987323
0.19755188800263568
0.3413156419992447
0.717510675000085
1.5329544439991878
3.766493110000738
0.09083241799817188
0.09337560999847483
0.1447341499988397
0.19363519800026552
0.36443346699888934
0.704314209997392
1.5481514849998348
3.7049107719976746
0.08677243000056478
0.0922980129980715
0.1490166359981231
0.19478039400200942
0.3545487960000173
0.6531487659995037
1.5613792350013682
3.628771591000259
