0.13425
0.101125
0.11275
0.136625
0.215
0.350375
0.45775
0.572
0.117
0.1285
0.12925
0.166
0.16575
0.325375
0.457
0.515375
0.12425
0.10725
0.115875
0.1435
0.236125
0.332875
0.46575
0.593875
0.127875
0.08725
0.12
0.152375
0.205125
0.313875
0.431125
0.542625
0.114625
0.132625
0.119125
0.15775
0.193125
0.34625
0.461
0.533375
0.127375
0.13075
0.13
0.14725
0.150125
0.356125
0.451
0.5225
0.108875
0.130875
0.126375
0.143625
0.235875
0.3295
0.448875
0.524875
0.11125
0.126
0.1245
0.159125
0.226375
0.3215
0.45425
0.526
0.124625
0.142
0.1685
0.145375
0.2325
0.33025
0.462625
0.553625
0.12575
0.12375
0.124625
0.13525
0.224375
0.310125
0.4165
0.492375
0.111125
0.139625
0.131875
0.135625
0.164
0.346375
0.416875
0.51225
0.1385
0.121125
0.1255
0.141125
0.2185
0.348375
0.407
0.526625
0.1635
0.135375
0.13075
0.124875
0.18975
0.319875
0.441
0.5135
0.11025
0.13
0.130375
0.1455
0.2285
0.34625
0.43
0.490625
0.13575
0.132875
0.150875
0.1515
0.2475
0.300875
0.441375
0.49375
0.130375
0.13125
0.137375
0.166875
0.216875
0.332875
0.432875
0.55175
0.130625
0.128875
0.138125
0.14525
0.151875
0.338125
0.428125
0.5515
0.114125
0.125
0.12675
0.148875
0.1935
0.283625
0.443125
0.523875
0.139375
0.12975
0.112875
0.12225
0.161625
0.34875
0.43225
0.5115
0.141375
0.102625
0.1225
0.136875
0.20525
0.305875
0.44425
0.512375
0.1095
0.142375
0.141875
0.13925
0.171125
0.307625
0.4295
0.52125
0.1085
0.12575
0.134625
0.133625
0.209
0.364375
0.4765
0.563125
0.14775
0.101125
0.12825
0.151875
0.2335
0.353875
0.439375
0.52625
0.119125
0.11325
0.13925
0.162625
0.24875
0.342625
0.47425
0.5755
0.131
0.127375
0.137
0.127125
0.181125
0.346375
0.46025
0.5675
0.1205
0.121875
0.129
0.12975
0.2155
0.366875
0.45275
0.555875
0.149375
0.122375
0.113625
0.1455
0.193375
0.29625
0.464375
0.528625
0.131375
0.12
0.120375
0.1425
0.210125
0.3045
0.431
0.544
0.132375
0.117
0.125125
0.109
0.158875
0.3335
0.4255
0.533
0.1405
0.12175
0.149
0.154875
0.25025
0.33275
0.435125
0.552625
0.124625
0.125875
0.143125
0.14075
0.18075
0.32025
0.454125
0.518125
0.127
0.12
0.128875
0.160375
0.167
0.304
0.408875
0.492625
0.121
0.126375
0.126625
0.129125
0.208375
0.312875
0.435625
0.518125
0.12575
0.12525
0.130375
0.151375
0.198125
0.258625
0.4045
0.50975
0.106375
0.126125
0.111
0.1555
0.184
0.27275
0.391875
0.497625
0.122375
0.12
0.131125
0.138625
0.174125
0.306375
0.456125
0.5445
0.10325
0.109625
0.108625
0.1575
0.2015
0.352375
0.462125
0.532375
0.1285
0.13525
0.160125
0.158
0.21425
0.287
0.45575
0.526125
0.119
0.100875
0.136625
0.159
0.183875
0.307
0.45675
0.530375
0.135875
0.14425
0.124875
0.15475
0.221875
0.2825
0.441375
0.52675
0.12825
0.121375
0.111625
0.1185
0.227875
0.318625
0.422625
0.495875
0.1225
0.114875
0.128875
0.148875
0.174875
0.34075
0.428625
0.5335
0.150375
0.131875
0.119875
0.14875
0.20325
0.341125
0.430625
0.491125
0.1025
0.121
0.123125
0.1555
0.224125
0.28475
0.427625
0.532
0.109625
0.122125
0.118375
0.167375
0.207125
0.307125
0.4585
0.53525
