1.1457049100135919
1.1344465560105164
1.1918644449906424
1.190821550990222
1.2329160529770888
1.3407838359999005
1.5798489809967577
2.3268345090036746
1.1319318379973993
1.1475225129979663
1.17569321198971
1.1940729479829315
1.2350206669943873
1.3746757000044454
1.5583538160135504
2.277621802990325
1.119418369984487
1.1361003310012165
1.2042763679928612
1.1902287620177958
1.2210113249893766
1.3907431330007967
1.6165660510014277
2.3142072260088753
1.1643774069962092
1.162125636008568
1.1660516770207323
1.2028236579790246
1.2540866319905035
1.3460958329960704
1.5732550300017465
2.2795109740109183
1.1748663409962319
1.1335969200008549
1.2016620590002276
1.2197624020045623
1.2262205090082716
1.311869500001194
1.5631768530001864
2.2833456929947715
1.1147023759840522
1.1383345780195668
1.1947896900237538
1.2070055030053481
1.2416371760191396
1.3321714039775543
1.6112269230070524
2.321305641991785
1.1474963349755853
1.1654007000033744
1.1924937760049943
1.2021473670029081
1.2562899150070734
1.3407774930237792
1.5680713039764669
2.264547066006344
1.1187030670116656
1.1393327409750782
1.1756051080010366
1.1793386889912654
1.285221783007728
1.3824314800149295
1.5591315510100685
2.314574882009765
1.1064870470145252
1.1608862960129045
1.1825539720011875
1.2094592800131068
1.2525504719815217
1.3173493770009372
1.5672788609808777
2.3311861820111517
1.1394816990068648
1.1677941890084185
1.1887785760045517
1.2310778819955885
1.2554882289841771
1.3272211470175534
1.5675665120070335
2.2641584769880865
1.1507359149982221
1.1341023170098197
1.1984549360058736
1.2026869579858612
1.2311028559925035
1.3471938750008121
1.559531897015404
2.3058081080089323
1.179111384000862
1.1531380179803818
1.1907260949956253
1.1945501279842574
1.2065074519778136
1.3609570460102987
1.575415322004119
2.345855843013851
1.1336867939971853
1.1472390989947598
1.2184694199822843
1.221693966013845
1.2732293530134484
1.3183861270081252
1.581691425992176
2.2411665150139015
1.0985916009813081
1.185917401977349
1.1844235159805976
1.1894362419843674
1.277883628004929
1.9324987680010963
2.2089808769815136
3.278060935001122
1.566875049000373
1.5285942670016084
1.6577213919954374
1.5433739529980812
1.6379678509838413
1.3422703979886137
1.5752206000033766
2.290121890982846
1.1650449309963733
1.1648434329836164
1.1818002259824425
1.224547801015433
1.216073914023582
1.303930258989567
1.5794895819853991
2.2735992099915165
1.0997385569789913
1.1468461109907366
1.2240623810212128
1.1985562419868074
1.2214790929865558
1.3937034469854552
1.5904409890063107
2.3016302489850204
1.1647607990016695
1.116377972997725
1.2022262249956839
1.1739352490112651
1.2392354650073685
1.33372930099722
1.5661133409885224
2.274164672009647
1.1478693179960828
1.1484274840040598
1.1915175979956985
1.2119076070084702
1.2354566709836945
1.3024911620013881
1.5438379569968674
2.3155917419935577
1.1430339959915727
1.111715690989513
1.1702964959840756
1.1780108749808278
1.2297423729905859
1.297650054009864
1.5507735729916021
2.2543646859994624
1.0911308589857072
1.1428480570029933
1.1806635389802977
1.1801022340077907
1.224864625983173
1.3495747479901183
1.552867817983497
2.2646240769827273
1.093476150999777
1.1444372610130813
1.2216979170043487
1.1934105880209245
1.2226747889944818
1.3602607350039762
1.5584648640069645
2.2854430849838536
1.1440451180096716
1.16103138399194
1.1985471739899367
1.2380403380084317
1.2676477339991834
1.364558422996197
1.5993904549977742
2.2781507030013017
1.1446703719848301
1.1422100019990467
1.2210977350187022
1.1972031540062744
1.2506509289960377
1.3271797919878736
1.609853275003843
2.271343042026274
1.0908547739963979
1.1165012249839492
1.1860207830031868
1.2510234030196443
1.224466060026316
1.3407492870173883
1.5893100979737937
2.28426600099192
1.0596651330124587
1.1214562249951996
1.1744524159876164
1.236039206996793
1.2251747839909513
1.3331605959974695
1.5830050370132085
2.264877373992931
1.1706894579983782
1.1316600999853108
1.181327333993977
1.2041793020034675
1.2173561970121227
1.3344184739980847
1.5992363720142748
2.2715971630241256
1.1407472350110766
1.1632360150106251
1.1836898239853326
1.206037005991675
1.229136981011834
1.3417767049977556
1.5876203060033731
2.249939410976367
1.0938196369970683
1.1360312720062211
1.1929168149945326
1.1826891280070413
1.2082940750115085
1.3576507130055688
1.5739073739969172
2.311685423977906
1.1373146419937257
1.1291713360114954
1.1941223730100319
1.2305812840058934
1.2117944190104026
1.351019183988683
1.604601744998945
2.287242467980832
1.1522432600031607
1.1485883999848738
1.1777458080032375
1.2133282329887152
1.217440970998723
1.3474639500200283
1.5958379669755232
2.2836411879980005
1.4124430679949
1.6444898979971185
1.7623464339994825
1.6067521809891332
1.6014565440127626
1.8116486579820048
2.177260716998717
3.2112279369903263
1.539028242987115
1.154382225999143
1.1683810369868297
1.1936584989889525
1.2606377080082893
1.3348059209820349
1.5682888239971362
2.2941278039943427
1.1334598799876403
1.1388013069808949
1.2382729859964456
1.1853356859937776
1.2532774829887785
1.3168707370059565
1.5835449979931582
2.298442212981172
1.1589271260017995
1.1496169480087701
1.170201172993984
1.2159788650169503
1.2338133260200266
1.3531493410118856
1.5729033219977282
2.291618979012128
1.1328971280017868
1.1590960100002121
1.235527669021394
1.2066219389962498
1.2553223879949655
1.3034874449949712
1.5499825869919732
2.281857669004239
1.1479791699966881
1.1469709199736826
1.199073920986848
1.1858219380083028
1.2841323900211137
1.371004805987468
1.5691521690168884
2.288602064974839
1.1017932529794052
1.1477396419795696
1.1942214230075479
1.1772943830001168
1.2483030250004958
1.3519960169796832
1.5619801449938677
2.2667249600053765
1.142694072012091
1.1529746489832178
1.1676116650050972
1.1809949960152153
1.2166739229869563
1.3050065269926563
1.5781021039874759
2.2874917250010185
1.1429026859987061
1.1269911150156986
1.1921677380159963
1.2306198259757366
1.2764256120135542
1.2815264520177152
1.5732512949907687
2.329339229996549
1.1098370190011337
1.1543032240006141
1.1811025690112729
1.1966700659831986
1.239561992988456
1.3593391780159436
1.5738502809836064
2.2888474089850206
1.15112202000455
1.1370409170049243
1.2337985119957011
1.2302926639968064
1.245440166007029
1.3220859350112732
1.5541702049958985
2.268824057013262
1.1333185980038252
1.1272638840018772
1.2060095240012743
1.206737817992689
1.2427010380197316
1.3105439270148054
1.5772871340159327
2.2713425820111297
1.128773086995352
1.1550069370132405
1.1855378280160949
1.2168499079998583
1.2264544800273143
1.2935708790028002
1.570429054001579
2.3346052679989953
1.0890394400048535
1.1548729549976997
1.2003371460014023
1.1971120899834204
1.2179184129927307
1.317312977014808
1.5704941730073188
2.318796409002971
