0.127625
0.155375
0.138
0.187875
0.28825
0.35375
0.464
0.551875
0.145875
0.123
0.134625
0.140125
0.262375
0.3405
0.442875
0.5265
0.1265
0.11775
0.121625
0.166375
0.24425
0.336375
0.44875
0.534375
0.13325
0.15425
0.141625
0.166875
0.26225
0.353125
0.44825
0.526125
0.1265
0.155875
0.13425
0.16425
0.237125
0.350875
0.44275
0.51775
0.1465
0.1575
0.143375
0.147
0.25925
0.328875
0.42675
0.50075
0.137375
0.109625
0.12725
0.186875
0.24675
0.3545
0.461875
0.54225
0.15725
0.147125
0.13875
0.1615
0.248875
0.351125
0.448875
0.547375
0.1285
0.10225
0.1405
0.14925
0.239125
0.31875
0.40425
0.491125
0.106375
0.126375
0.141875
0.19025
0.23075
0.32425
0.421125
0.467
0.108375
0.114375
0.130625
0.205
0.28275
0.3525
0.465875
0.530375
0.114875
0.1465
0.134875
0.1515
0.239
0.3505
0.446625
0.53175
0.117125
0.13675
0.11575
0.179
0.23475
0.31775
0.39025
0.48825
0.118
0.1065
0.1345
0.165375
0.267
0.3445
0.426125
0.491875
0.141875
0.15825
0.125125
0.187375
0.24725
0.347375
0.4435
0.50425
0.128125
0.157
0.12375
0.1655
0.272625
0.3685
0.45875
0.529125
0.101875
0.124875
0.118
0.2105
0.263125
0.339875
0.44175
0.530125
0.1065
0.118125
0.127125
0.1855
0.27175
0.315375
0.43425
0.503625
0.131875
0.128
0.150375
0.157875
0.280875
0.343625
0.4265
0.494125
0.14075
0.1625
0.118375
0.208
0.283625
0.346875
0.441625
0.50575
0.088875
0.12575
0.12925
0.162625
0.281125
0.3455
0.429
0.495
0.12725
0.101875
0.1405
0.189875
0.283875
0.36225
0.459
0.53675
0.095375
0.11975
0.138375
0.12625
0.26125
0.356
0.420125
0.521
0.143875
0.14125
0.11675
0.18175
0.24375
0.3295
0.429875
0.499875
0.131875
0.122375
0.1335
0.192125
0.26675
0.342375
0.428375
0.507375
0.096625
0.11975
0.137625
0.165
0.234125
0.336375
0.441625
0.514
0.1195
0.136125
0.11475
0.17425
0.2525
0.33225
0.42725
0.506
0.12375
0.126625
0.161125
0.178
0.275375
0.341125
0.427125
0.508625
0.136
0.118125
0.1545
0.1755
0.2945
0.367875
0.456875
0.54175
0.084
0.10525
0.182375
0.184625
0.2895
0.366875
0.470875
0.55275
0.09575
0.128875
0.135
0.164375
0.238625
0.349
0.447
0.528625
0.1265
0.132
0.112875
0.1715
0.26175
0.34975
0.452
0.517375
0.126375
0.118875
0.098625
0.13925
0.309375
0.3535
0.454375
0.543
0.1385
0.11425
0.13725
0.159
0.280875
0.357
0.44975
0.52525
0.096125
0.119875
0.133375
0.17175
0.285125
0.35375
0.43075
0.515
0.150125
0.091875
0.13
0.17475
0.27125
0.332375
0.43275
0.528875
0.10325
0.099
0.14025
0.197625
0.307125
0.38925
0.489125
0.546875
0.16375
0.10925
0.127625
0.1735
0.27125
0.3665
0.4395
0.542875
0.13625
0.131125
0.154125
0.143625
0.261375
0.3395
0.446375
0.537375
0.131125
0.09925
0.11525
0.19775
0.2935
0.370875
0.45175
0.5205
0.133875
0.133125
0.132
0.199375
0.28475
0.37525
0.469125
0.55275
0.12525
0.115125
0.119
0.198375
0.25425
0.352
0.4655
0.54075
0.1085
0.125125
0.142125
0.196
0.276375
0.370625
0.46
0.53675
0.14125
0.14225
0.12375
0.18475
0.281625
0.360875
0.452125
0.54275
0.087375
0.136
0.11875
0.177
0.258375
0.378
0.48675
0.56
