0.132125
0.119625
0.132375
0.1645
0.211125
0.336125
0.4675
0.540125
0.1365
0.123625
0.129625
0.143125
0.226625
0.302625
0.441375
0.53725
0.140875
0.12125
0.139625
0.144125
0.22375
0.312
0.4335
0.53875
0.105375
0.135375
0.120875
0.172875
0.176375
0.321125
0.45925
0.5145
0.106625
0.11725
0.11175
0.155375
0.17775
0.307375
0.40175
0.5045
0.11775
0.125125
0.14525
0.134125
0.21325
0.351875
0.42
0.53475
0.110875
0.129375
0.112875
0.140625
0.205
0.328625
0.483375
0.5685
0.151
0.125
0.124125
0.15775
0.18875
0.333375
0.429
0.53725
0.129125
0.130875
0.12475
0.16125
0.2425
0.345625
0.467875
0.571
0.116875
0.139875
0.132375
0.135375
0.20275
0.319125
0.42375
0.540375
0.104625
0.10975
0.110875
0.15475
0.18525
0.355375
0.4785
0.5505
0.126875
0.113875
0.127
0.133125
0.234875
0.346375
0.45025
0.509875
0.1505
0.124625
0.127
0.152125
0.250875
0.351375
0.424
0.541375
0.128375
0.117
0.136
0.14275
0.181
0.286875
0.401375
0.528125
0.132625
0.1165
0.143875
0.150375
0.203375
0.31525
0.455375
0.51375
0.123625
0.1305
0.116875
0.14
0.206625
0.36975
0.468875
0.5575
0.120875
0.09375
0.138
0.136875
0.209625
0.303625
0.4425
0.51425
0.13425
0.12675
0.11475
0.154875
0.21175
0.31575
0.434375
0.51125
0.109125
0.127125
0.13175
0.143875
0.220875
0.31425
0.417125
0.505875
0.11825
0.12175
0.131625
0.150875
0.218375
0.326375
0.462625
0.536375
0.10625
0.1235
0.139625
0.133
0.216125
0.327625
0.40575
0.495625
0.097375
0.1435
0.124875
0.139625
0.254625
0.33325
0.4365
0.544375
0.11875
0.11125
0.151
0.136625
0.2255
0.302875
0.435875
0.512625
0.135
0.1285
0.126875
0.142625
0.196375
0.338625
0.438625
0.542625
0.12925
0.101875
0.145625
0.115375
0.164625
0.340375
0.413375
0.516
0.115875
0.127625
0.129625
0.15475
0.25625
0.343125
0.421375
0.55825
0.12675
0.1265
0.1125
0.165375
0.193375
0.349375
0.4175
0.51625
0.1315
0.126375
0.11775
0.155375
0.24375
0.32975
0.413375
0.507375
0.135125
0.11275
0.1495
0.113
0.2135
0.34975
0.47025
0.593125
0.1325
0.138125
0.137125
0.15725
0.149125
0.37675
0.4605
0.546125
0.127
0.098
0.115875
0.16275
0.207125
0.2835
0.430875
0.57875
0.118625
0.123125
0.130875
0.12675
0.187375
0.368625
0.4665
0.522125
0.146125
0.123125
0.11675
0.135375
0.177875
0.2935
0.439125
0.574875
0.139875
0.160625
0.135625
0.15725
0.18625
0.355125
0.441375
0.544625
0.1205
0.12075
0.142
0.147875
0.184875
0.306875
0.448
0.5515
0.13725
0.129125
0.14625
0.149
0.174375
0.340125
0.439375
0.565375
0.1565
0.123625
0.117875
0.1365
0.18775
0.3295
0.467125
0.53975
0.128625
0.116625
0.11675
0.149875
0.20825
0.325875
0.436125
0.46575
0.109
0.121375
0.128
0.15075
0.2025
0.30025
0.45325
0.529875
0.14025
0.119
0.10975
0.123125
0.18775
0.3245
0.42725
0.505875
0.1305
0.126625
0.119125
0.132875
0.187
0.344375
0.459125
0.5225
0.138375
0.1205
0.116875
0.132125
0.15625
0.27975
0.42375
0.518125
0.099375
0.124625
0.134875
0.144125
0.20975
0.33825
0.444625
0.535375
0.115625
0.113125
0.1365
0.15975
0.1945
0.27525
0.359125
0.481625
0.125
0.137375
0.1445
0.138
0.2235
0.317625
0.4515
0.518125
