0.12964285714285714
0.12946428571428573
0.3092857142857143
0.4183928571428571
0.4733928571428571
0.5494642857142857
0.5916071428571429
0.6807142857142857
0.11732142857142858
0.13464285714285715
0.29125
0.40625
0.47964285714285715
0.5321428571428571
0.5891071428571428
0.6810714285714285
0.10982142857142857
0.12089285714285715
0.3201785714285714
0.3846428571428571
0.47125
0.49839285714285714
0.6071428571428571
0.6832142857142857
0.12660714285714286
0.14214285714285715
0.3380357142857143
0.39839285714285716
0.4739285714285714
0.5169642857142858
0.6128571428571429
0.6367857142857143
0.12732142857142856
0.14214285714285715
0.31107142857142855
0.40339285714285716
0.4642857142857143
0.4969642857142857
0.5832142857142857
0.6682142857142858
0.12339285714285714
0.1319642857142857
0.2867857142857143
0.39089285714285715
0.4569642857142857
0.5317857142857143
0.5923214285714286
0.6801785714285714
0.11714285714285715
0.13285714285714287
0.2883928571428571
0.3751785714285714
0.5053571428571428
0.5394642857142857
0.6316071428571428
0.7083928571428572
0.14696428571428571
0.12410714285714286
0.3246428571428571
0.39285714285714285
0.47232142857142856
0.5292857142857142
0.63625
0.695
0.11
0.11839285714285715
0.29125
0.40714285714285714
0.4725
0.5332142857142858
0.6
0.7069642857142857
0.13303571428571428
0.13339285714285715
0.3144642857142857
0.4
0.4566071428571429
0.5364285714285715
0.6496428571428572
0.6960714285714286
0.13285714285714287
0.11285714285714285
0.32107142857142856
0.38660714285714287
0.4957142857142857
0.5564285714285714
0.6307142857142857
0.7057142857142857
0.12714285714285714
0.12785714285714286
0.3144642857142857
0.43089285714285713
0.47267857142857145
0.5414285714285715
0.60125
0.6907142857142857
0.11642857142857142
0.11089285714285714
0.3248214285714286
0.41035714285714286
0.4903571428571429
0.5310714285714285
0.6092857142857143
0.6976785714285715
0.14285714285714285
0.12696428571428572
0.33267857142857143
0.39071428571428574
0.46839285714285717
0.5514285714285714
0.6344642857142857
0.7048214285714286
0.10053571428571428
0.1225
0.30642857142857144
0.41982142857142857
0.5085714285714286
0.5835714285714285
0.64625
0.7467857142857143
0.13035714285714287
0.13107142857142856
0.3517857142857143
0.42875
0.48732142857142857
0.5748214285714286
0.6623214285714286
0.7066071428571429
0.11392857142857143
0.14696428571428571
0.2985714285714286
0.41035714285714286
0.4907142857142857
0.5701785714285714
0.6496428571428572
0.7155357142857143
0.09678571428571428
0.13214285714285715
0.35285714285714287
0.4032142857142857
0.4882142857142857
0.5325
0.6560714285714285
0.7273214285714286
0.13214285714285715
0.1175
0.3007142857142857
0.4135714285714286
0.48732142857142857
0.5471428571428572
0.62125
0.7148214285714286
0.13107142857142856
0.13
0.3389285714285714
0.42678571428571427
0.4928571428571429
0.5476785714285715
0.6571428571428571
0.7366071428571429
0.12625
0.13464285714285715
0.31625
0.43392857142857144
0.4980357142857143
0.5960714285714286
0.6480357142857143
0.7632142857142857
0.11053571428571428
0.11232142857142857
0.27767857142857144
0.4230357142857143
0.5092857142857142
0.5780357142857143
0.6428571428571429
0.7098214285714286
0.15696428571428572
0.12071428571428572
0.29482142857142857
0.41517857142857145
0.49
0.5757142857142857
0.6382142857142857
0.7135714285714285
0.10339285714285715
0.14035714285714285
0.30160714285714285
0.4158928571428571
0.5146428571428572
0.5519642857142857
0.6196428571428572
0.7167857142857142
0.11857142857142858
0.12375
0.33125
0.4
0.5105357142857143
0.5542857142857143
0.6219642857142857
0.7316071428571429
0.15107142857142858
0.12017857142857143
0.34714285714285714
0.42642857142857143
0.49839285714285714
0.5873214285714285
0.6794642857142857
0.75375
0.12839285714285714
0.14625
0.3432142857142857
0.43
0.5092857142857142
0.5728571428571428
0.6373214285714286
0.7228571428571429
0.10642857142857143
0.15125
0.37857142857142856
0.4342857142857143
0.5198214285714285
0.6042857142857143
0.7057142857142857
0.7783928571428571
0.12178571428571429
0.13589285714285715
0.31357142857142856
0.36160714285714285
0.445
0.5085714285714286
0.5848214285714286
0.6351785714285715
0.12517857142857142
0.13160714285714287
0.32303571428571426
0.3821428571428571
0.4660714285714286
0.5260714285714285
0.58125
0.6323214285714286
0.12
0.11142857142857143
0.34267857142857144
0.39785714285714285
0.47482142857142856
0.5153571428571428
0.5971428571428572
0.6505357142857143
0.12214285714285714
0.12714285714285714
0.3055357142857143
0.41982142857142857
0.4525
0.5260714285714285
0.6010714285714286
0.6358928571428571
0.12821428571428573
0.12482142857142857
0.3391071428571429
0.3780357142857143
0.4903571428571429
0.5442857142857143
0.6291071428571429
0.6967857142857142
0.13982142857142857
0.13642857142857143
0.26357142857142857
0.40267857142857144
0.5042857142857143
0.5308928571428572
0.6289285714285714
0.6830357142857143
0.125
0.12428571428571429
0.31660714285714286
0.3921428571428571
0.4925
0.5646428571428571
0.635
0.7169642857142857
0.10928571428571429
0.11696428571428572
0.3044642857142857
0.42160714285714285
0.49607142857142855
0.5776785714285714
0.6210714285714286
0.7082142857142857
0.12232142857142857
0.11857142857142858
0.3144642857142857
0.3680357142857143
0.49125
0.54625
0.6105357142857143
0.6898214285714286
0.1455357142857143
0.11982142857142856
0.27
0.3748214285714286
0.44107142857142856
0.48392857142857143
0.6001785714285715
0.6616071428571428
0.12339285714285714
0.13125
0.3051785714285714
0.38
0.46482142857142855
0.5217857142857143
0.6241071428571429
0.67125
0.12785714285714286
0.11428571428571428
0.305
0.4035714285714286
0.45964285714285713
0.5007142857142857
0.6167857142857143
0.6526785714285714
0.12285714285714286
0.1442857142857143
0.30857142857142855
0.39767857142857144
0.49
0.5739285714285715
0.6373214285714286
0.7103571428571429
0.10714285714285714
0.12303571428571429
0.33303571428571427
0.41535714285714287
0.4826785714285714
0.5535714285714286
0.6216071428571428
0.70375
0.1457142857142857
0.12142857142857143
0.3173214285714286
0.4183928571428571
0.4882142857142857
0.5517857142857143
0.6167857142857143
0.7414285714285714
0.1319642857142857
0.13839285714285715
0.30839285714285714
0.4010714285714286
0.5044642857142857
0.5567857142857143
0.6314285714285715
0.7128571428571429
0.13464285714285715
0.1325
0.3007142857142857
0.38767857142857143
0.4498214285714286
0.5339285714285714
0.5921428571428572
0.6685714285714286
