3.1118057676552175
2.760963996348437
12.736271192979379
12.467010897681272
13.866250758680204
16.31961360366161
20.697028352995403
33.02648114399441
2.5349826736492105
3.659217048009547
14.114745470656393
16.169934025344748
14.745012825645972
16.716025522017542
19.517076173680834
32.04121752599409
3.2538020463155894
2.887924255648007
13.202861472324003
11.62999249767745
14.387157717001779
16.62962206901284
19.57053917698795
31.129290107327204
2.4973507476776526
3.150691623663685
13.187501339979159
13.19208096365522
14.228371021648249
16.358884317664586
19.980959707017366
29.74673677198977
3.0117619313532487
2.9897014656841443
13.202899287978653
12.752242856988838
14.397843045648187
19.72512692368279
22.219842125991516
36.28830388033142
2.9953123269951902
2.7480493593417727
13.179732384354187
13.202302530330295
12.722989492001943
15.827892367320601
19.128676389324635
28.935184263663057
2.8931781260180287
2.3762354716697396
13.203789067668064
13.4611082119906
14.318554697325453
16.860674919987407
21.114898238990765
36.739433381007984
2.8765133429939547
2.894784029320969
13.183932652367124
13.391762486329148
14.368598565323433
15.250487203670977
22.71054771367926
34.38131332634172
4.195338405688138
4.82176184898708
13.192113757987196
13.169939008987663
14.352091212330075
16.588014349341393
22.86062698698758
35.37861510833803
3.630106905339441
3.6516835700216084
13.226758169650566
12.665843997344686
14.0851504963357
16.880399561002076
18.89630800334271
37.739188661663015
2.8900907789939083
2.3564688053253726
13.204440553692015
13.489204835010847
14.253652961672438
16.94010615168372
19.52527048033274
42.163958117986716
2.8851842386842086
2.876356986661752
15.728455311987394
15.199442269668603
14.375860128338294
15.437417222652584
19.987267427321058
33.712253273348324
2.6006123473246894
2.5015515993582085
13.19648976267005
13.483556466332326
14.515453684337748
16.776003453337278
20.19554735031367
34.95760033035185
2.923065385024529
2.4959178203328825
13.234731043979991
13.1471761566742
14.289370020657467
16.736641491297632
19.70189531566575
30.26705076099218
3.5290688596627056
2.2208165259993016
13.125147401335804
13.186633543344215
17.291391291985445
19.467134416976478
20.608105638006236
39.38161579732938
2.6219238243453824
2.3425513723438294
13.176584173983429
13.54315585132766
14.42533517332049
16.246795762330294
21.224023069643106
37.50495784469725
3.2593223260094724
3.14699304435635
13.496567558012126
13.75365185198219
14.704721856338438
17.065136136002064
17.140117425995413
35.09811844366292
2.917677608667873
2.918081982662746
13.608484265336301
13.818057061658086
14.6247171756501
15.414617735659704
23.50312684367721
43.2103206863394
3.14963840097577
3.0629639596833536
13.557461731659714
10.902240304004712
14.29288529798699
17.129678419674747
21.3105072833326
38.8117934493348
2.9163797150055566
3.0259261470055208
13.523992421668177
13.24528950365493
14.622004895684464
16.533103474997915
21.327885287018336
32.63815834233537
3.174314685010662
3.705558875653272
13.49011336901458
13.501133907334102
14.037627064681146
15.943444244660592
20.829236207995564
42.02418953601349
3.1239925870128595
2.9617439336531484
15.40358152766324
13.790461099357344
14.448260886672264
16.88111508732739
20.53067041801599
37.723240308677
3.2954992493226505
4.374211703659967
13.455559174646623
13.802388884010725
14.57131447334541
17.050615020329133
19.639146884340636
36.90514772798633
2.934869825025089
2.7669044923386537
13.438389066354526
11.9455201086627
14.515804495701255
17.01916499331128
20.243268252311584
36.681107269677646
2.49653096369002
2.572332732651072
16.20382345134082
13.457050201657694
13.794260993347658
17.14545728266239
21.067979475677323
34.08503965168105
3.0587473163420023
4.341766874325306
13.51328050265632
13.7738340406601
14.54031906965732
17.067772092996165
22.38944050766683
43.04240845968403
2.3933934543359405
3.429285478972209
13.493596702988725
13.730639805668034
14.572107757655127
17.107993240332387
19.18456469765321
32.79580855833289
3.188062071315168
3.207365405978635
15.19765975533907
15.266014738338223
14.304665336327162
15.592195432652565
20.38067575233678
41.80356796865817
3.5820564909954555
2.4037583633714044
13.514054752323622
12.7837960406517
14.052854679350276
17.038924025022425
23.12454671067341
35.05143141601002
2.924304779677186
2.5027882379945368
13.452946953320255
11.454899234347977
12.569842972346427
15.391576499678195
19.125367659997817
37.90579387035299
4.253433013354273
3.061791894646982
13.516235224320553
12.957217184341667
15.237037736010583
19.84663626898934
17.12611898032871
38.951832036681786
3.580611848990278
2.896675823353386
13.466476817673538
11.739931371664474
13.9118983290003
15.237519614010429
17.95853330200771
31.253685006988235
3.1979807869841657
2.9217048306794218
13.505894598706314
13.741542533699734
14.39080998901045
15.892435041663703
21.00063804265422
37.90390517900232
3.056764053006191
3.1560229539948828
13.487363026360981
13.774508498667274
14.497973105986603
16.370484091322094
19.212647989353474
37.16846838300504
3.3807654860041416
3.3768187623354606
16.276608830337256
13.622719819347063
13.426831953014092
17.060470618676238
20.549493622015387
36.338713362347335
4.261476657314536
2.5053343789962432
13.563097292654371
13.71813894934409
14.553232148677731
16.33212272200035
20.785267724015284
40.619467532650255
2.5549776173429564
4.0986738176822355
13.493479948005794
12.569159166693376
14.495559007356254
16.352635179665715
20.806259238995455
40.39712475469181
3.734960461015968
2.5233108586786934
15.279748957662378
14.786324293682506
13.818416259329146
15.909915471973363
20.49445378832752
38.00579423965731
3.4683017900097184
3.289598486638473
13.476406614664787
12.848051776643842
14.599499966017902
16.92846525532271
20.504624159327552
33.173255147004966
3.9772706236690283
3.167335409341225
13.486217276658863
12.875420139015963
13.898720263309466
17.042275466005474
18.979558066348545
41.450816651340574
2.9109290906538567
3.0362258263436765
13.50183600365805
12.712817882323483
14.535442880335419
16.552374246006366
22.85607582400553
36.9502255480038
2.7658910583510683
3.539856333033337
13.550349854340311
13.768455459328834
14.54254879730676
17.02681200400305
20.018413063662592
34.30764076235937
3.1745299526761905
3.047816840640735
13.493045947669694
13.61632670731827
14.5318434649962
16.80269315900902
18.932056745999336
38.64248451235471
2.497622418353179
2.5036938080059676
13.500296944674725
13.768405726315299
14.489967776016178
16.08281815930968
24.50362662501478
43.43215642202025
2.843541373653958
3.1517075533241345
13.562233606683245
13.650316551657548
14.101286616680833
15.585282576677855
20.491714246338233
37.76882451933731
