2.738263627009777
3.266224115349663
7.707979036029428
14.194750957656652
15.372099408356007
18.092972683991928
24.898555289643507
37.6236073433538
3.5938358823380745
3.052320906678991
10.10217950999504
14.29862675833283
15.443944671656936
16.993134562973864
25.470360390667338
36.92181961632256
3.322997461655177
3.2081775056625097
13.127484058359792
15.924894967329843
15.412453110989494
17.98776999434146
25.413598655334983
44.26815188633433
3.4356793016583347
3.1215037793541947
10.814575578338312
14.218710837342465
15.408316968338719
17.8243619990147
24.348192539337713
38.03399464400718
3.9474509180096597
3.462744633007484
11.416857982985675
14.208028841686124
15.353968200021578
17.948867802663397
25.281893324009918
42.45787687362948
3.0709998739960915
2.9565552193283415
13.848833427007776
15.182873516013691
15.429478671304727
16.686495341651607
23.48880073899636
34.14159517135704
3.5835101236589253
3.4495203670036667
13.847127245021207
14.27777132333722
15.431736226329425
17.946193326012388
25.096167033693444
42.31453601668667
3.059013666003011
2.75563495332608
6.157188369329863
14.274933032982517
15.39200984700195
17.96267716299432
23.838096163002774
42.28760569699807
3.807001325340631
3.3114820000094674
13.858528221666347
16.979476635344326
17.466096558336478
17.98200053999123
24.69230237098721
40.75201484167095
2.7592049019876868
2.8985045476583764
9.319393300334923
14.171843814682992
15.450856200322354
17.938518239340436
24.468454823324766
44.01944702667728
3.0723558686634838
3.4530764116789214
13.520115615664205
10.479438966993863
15.41147902367326
17.174412501665454
25.384714817337226
39.060558628329694
3.8591008773461604
3.6998657176736742
6.444029247330036
14.266332158333777
18.411975553336863
19.118906923666753
22.669017804670148
41.5747540446658
2.6740955556742847
2.478429608997734
6.455213987326715
14.241763173001042
15.445675415006312
17.998658981329452
24.821577206312213
39.776193471315004
3.186892630998045
3.5893792763430006
11.415559297000678
14.237857405329123
15.430922312351564
17.965873807979126
24.225791027982876
37.53541861633615
2.6127908549970016
3.1558735513244756
10.519367494348748
14.29396806731044
15.452955999334032
17.98591742431745
25.51248536130879
58.09237459398961
2.3799384926678613
3.581269481316364
10.69672781333793
14.296321190990662
15.443912069332631
18.076567497337237
25.473957128997426
41.33368182766329
3.3098074759861142
3.5438372450104603
7.747451611658714
14.302884100664718
15.44895140368802
17.981764031321898
25.192875374341384
43.40159999866349
3.3063083053178466
3.020172286002586
13.883221968989043
14.297168224681323
15.492104963671105
17.959186435696513
25.35319524266136
37.35237640868096
3.495270161307417
6.070497189997695
10.098094996026097
14.23766302166041
15.417694240672668
16.27817652001977
25.527255356661044
37.75519790032801
2.7913633506783904
2.3678785929999626
6.471128628666823
14.312294967006892
15.426224668005792
17.959972186673742
25.3529569626747
43.826508660664935
2.782890986670585
4.3415428996474175
7.322392838347393
14.30941902397899
15.415533013661237
17.98234345432138
25.197484973333
44.096643127015945
3.0397132970198677
2.908104086333575
12.159109525343714
16.973626236004446
17.377249710979715
17.977626592677552
25.383930308996543
42.12283876000826
3.4251619746598103
2.910897865658626
7.504678962325367
14.355147913001323
15.45643598632887
18.005140000333387
24.390298342312843
37.0801165990027
2.525421646675871
3.4317395733475373
13.918766827012101
14.398236715351231
15.52558586965703
17.97154210599062
24.408209828659892
38.51912456834301
2.906229965679813
3.456713259317136
10.140400424968297
15.190355524653569
18.39942771332183
18.571167765010614
24.04757400834933
37.14239085700441
3.315735891015114
3.0347797496554754
14.041841353677833
14.331697170001766
15.452639355673455
17.999160902691074
24.83033745534097
40.439747421012726
3.580185317026917
3.56905089666058
13.908597695660623
14.314859613679195
15.552063142318124
17.827266327648733
25.477179140686832
38.164800242967125
3.030133069686902
4.234131482662633
10.506233492982574
15.210863783024251
18.31721024601332
19.152620940993074
24.90266775066266
43.244391630326085
2.6858978453480327
3.330161585647147
11.674859786658393
14.322792050680922
15.426131194340996
17.57690613132824
25.558211583663553
42.64716349932132
3.1472988836467266
3.554734994987181
7.773671244329307
14.277331542999795
15.476809600018896
17.09690519765718
25.171238242357504
34.87650816099873
4.15314581534282
3.7358124060168243
10.151857274312837
16.196409589999046
17.980248503988452
16.674670225009322
23.551535098289605
40.24712708734054
3.292571156673754
3.4463845296607665
12.115110847342294
14.29192844797702
15.478045157001665
17.95522735832492
21.636675997326773
40.8850027010194
3.346037941344548
2.511785011699734
10.528541265695821
14.303825879993383
15.431779816998946
17.989593137986958
25.569185106665827
40.213825668324716
3.019283809000626
2.5302022813120857
3.263149638679655
14.326569236659756
15.452372539691472
19.92222637931506
30.018454254003398
39.81224262000372
3.0190068853165335
3.035962435339267
10.972415375678489
14.272858190350235
15.466014714989191
17.971003285997238
25.480776388004113
43.74910814635223
2.7663884596743933
4.0940350476885214
7.447021408705041
14.273318296007346
15.444734373343332
18.027499938344892
24.389370777003933
41.78655306866858
2.913374933976835
4.5218548303237185
8.948489221336786
14.309359806997236
15.47300387734625
18.12567567031753
32.159245677680396
37.21852718867982
3.4575000173257044
3.5689662043199255
4.431687414335708
14.382776346329289
15.484428395012705
18.054752558023512
22.933692865655757
40.29057685402222
4.409530953989209
2.7791186513301604
13.905562444997486
14.30983393767383
15.474564746002821
17.99677215869694
24.662657719998
39.390010978696715
3.4658467629924417
3.1543456760118715
6.337061633976798
14.301081947012184
15.4669703663288
17.048170031319994
25.31096032265729
43.747967280680314
3.624456797648842
3.7789943589984127
10.293574619009936
14.386389932013117
15.476986578995517
17.95747548266081
25.581330878989927
42.79234712999702
2.8932829913295186
3.2901068760159737
10.269839498000996
14.326152150674412
15.51577782999569
17.437579555010114
25.494768916997902
42.58278882833353
2.368507198310302
2.8933242089891187
10.161059266654775
14.36741517598663
15.482198743673507
17.415057774671975
23.631263286981266
40.57355002098484
2.746538016013801
2.9074986393485838
3.7044180776768676
16.21669388364535
18.432907254997797
18.087153452021692
22.636499952330876
38.9840666159677
2.9711739163224897
4.139673013356514
6.289509354333859
14.250662179663777
15.48295808833791
17.980856048331287
24.625247105005354
43.557254052332915
