0.129375
0.124875
0.112875
0.11975
0.125
0.126
0.20175
0.2735
0.1255
0.125
0.105875
0.125
0.12075
0.127375
0.207125
0.276125
0.13175
0.1435
0.1385
0.112
0.125375
0.127875
0.156125
0.2675
0.131625
0.12625
0.146375
0.13325
0.129625
0.15825
0.17675
0.22575
0.125875
0.12975
0.17225
0.1315
0.125
0.12725
0.179875
0.274375
0.09875
0.127375
0.124375
0.127625
0.140875
0.131
0.21075
0.288875
0.090375
0.111625
0.12075
0.128875
0.129625
0.1445
0.195
0.27175
0.125375
0.125375
0.125
0.123625
0.127625
0.1335
0.17425
0.299375
0.125
0.125
0.125
0.12425
0.12525
0.14975
0.1535
0.290125
0.1475
0.120375
0.132375
0.125
0.125
0.161125
0.193625
0.24375
0.1225
0.125
0.12475
0.124625
0.120875
0.128125
0.16425
0.1825
0.125125
0.118375
0.12675
0.1395
0.140125
0.125
0.162
0.2685
0.117875
0.1235
0.129
0.114125
0.120625
0.12675
0.2215
0.283625
0.126625
0.118
0.125375
0.124875
0.125375
0.12175
0.20025
0.23175
0.125125
0.111375
0.124375
0.133
0.159375
0.164125
0.19525
0.247125
0.13925
0.12425
0.11225
0.14075
0.107875
0.136875
0.177
0.202
0.13575
0.12675
0.0895
0.125375
0.1375
0.14825
0.176625
0.255125
0.124875
0.10425
0.10525
0.135125
0.120875
0.14175
0.162
0.18075
0.12475
0.125125
0.125
0.091875
0.143125
0.1315
0.224625
0.266125
0.125125
0.1095
0.129375
0.127125
0.1865
0.12525
0.139375
0.285625
0.1195
0.116375
0.138125
0.115875
0.1295
0.155125
0.189
0.28
0.099125
0.123875
0.12825
0.1405
0.125125
0.125
0.147125
0.26425
0.12425
0.12875
0.1285
0.124875
0.134625
0.12675
0.129875
0.274625
0.103125
0.1335
0.1145
0.122375
0.1385
0.15075
0.156125
0.235875
0.122375
0.1295
0.11225
0.11575
0.122
0.137
0.16475
0.272
0.108375
0.121125
0.14925
0.125
0.1255
0.1275
0.150125
0.22675
0.114875
0.125
0.128875
0.125
0.13375
0.121125
0.148875
0.283375
0.117625
0.131125
0.107125
0.124125
0.130625
0.133875
0.137375
0.26625
0.1245
0.125
0.099
0.145
0.1245
0.138625
0.15575
0.287
0.13775
0.114375
0.113
0.094375
0.125375
0.125
0.178125
0.284875
0.0885
0.12775
0.1235
0.137
0.12525
0.124875
0.13825
0.30825
0.128375
0.12825
0.125
0.12375
0.119
0.17475
0.1895
0.28225
0.126625
0.111125
0.13775
0.1275
0.13825
0.14425
0.1615
0.244125
0.1045
0.121375
0.131875
0.12525
0.14425
0.127375
0.185
0.24325
0.10875
0.125
0.129625
0.138375
0.12425
0.124875
0.144375
0.259
0.125
0.124875
0.151375
0.125
0.12675
0.17875
0.20475
0.266875
0.13
0.143
0.1245
0.125
0.125625
0.126
0.18125
0.257
0.118125
0.124375
0.132625
0.129875
0.12575
0.1245
0.17225
0.228625
0.128875
0.118875
0.110125
0.125
0.128125
0.145125
0.197125
0.238375
0.12375
0.11675
0.125
0.13525
0.149
0.12925
0.14325
0.1825
0.123
0.125
0.12475
0.106625
0.141875
0.13425
0.15
0.274375
0.113
0.121375
0.12325
0.125125
0.126
0.126
0.18225
0.27575
0.15075
0.107125
0.125
0.13325
0.128125
0.163875
0.19425
0.229875
0.131875
0.124375
0.11825
0.123125
0.120875
0.11925
0.12525
0.17925
0.122125
0.143375
0.1175
0.121
0.12525
0.153375
0.128
0.20175
