1.7743257559777703
2.2274068580009043
14.339330799994059
14.690063738002209
15.853748701018048
18.709335480991285
26.253431318007642
42.27093801097362
3.946132003009552
4.9012866120028775
2.8784931709815282
14.78838682800415
15.916701920010382
18.92125361401122
26.487634580989834
47.316270802984945
1.7990764820133336
3.982114106998779
14.432901744992705
14.849345761991572
15.91285246599
18.67685391899431
26.23429545998806
36.055838899017544
2.6713629059959203
2.673899960995186
5.597416614997201
17.16826540400507
18.71171134299948
21.79366502299672
24.61912933399435
42.36211665501469
1.7769988579966594
2.2412371239915956
3.4108856130042113
14.728577043977566
16.014013620995684
18.746633937000297
26.18233707602485
31.374103562993696
4.439485853014048
2.244857793004485
9.642432680004276
14.782988308987115
15.913472019979963
18.785119089006912
26.21047759699286
39.19034181101597
2.1847088569775224
2.1945950530061964
1.9099111150135286
14.875452731008409
15.90158697697916
18.773666360008065
26.665622728003655
39.80262911200407
2.637957536993781
2.251080254005501
2.3971774440142326
14.887648700998398
15.972657773992978
18.689408695005113
26.27321732402197
40.75733568298165
2.663363921979908
2.202074002008885
3.830089841008885
14.746382010023808
15.929106669005705
18.761937853996642
26.395626916986657
38.05864783001016
3.160210877977079
2.6840352849976625
5.28365614800714
14.80598936000024
15.989145252009621
18.60756174600101
26.294276091997745
42.772493523021694
3.1483932099945378
1.7491490909887943
2.41330591897713
14.740401443996234
15.877450485975714
18.535749625996687
26.24666658800561
42.41224605598836
4.423039223998785
2.2052734959870577
14.362253828003304
14.930119745986303
16.106092145986622
18.693230286007747
24.68868042397662
31.38621989398962
1.7744284399959724
4.889537550014211
14.383246537006926
14.79987861198606
15.903018537006574
18.615285135019803
26.167395305004902
46.77785179097555
2.6523247839941178
3.4962416689959355
16.74165702800383
17.345243738993304
18.62833289199625
21.888859174010577
31.21661812500679
41.223190586984856
1.7818965959886555
2.221914644993376
2.4027626870083623
14.83379960799357
16.032206290983595
18.716805820993613
26.3695130799897
39.30655372099136
2.649042631004704
2.68049845402129
3.3558857810276095
14.796923772024456
16.05289482299122
18.73918734601466
26.543676695990143
32.88702915998874
2.6456534980097786
2.712420605996158
4.831188837997615
14.844809869013261
15.9607178690203
18.170553020987427
26.608636388002196
44.332105203997344
2.6483835889957845
3.977121400006581
2.3991160900040995
14.890900986996712
15.963223733007908
18.62436962200445
22.634945363999577
39.213450184994144
2.691642077988945
3.984518159995787
1.9067278889997397
14.72044680500403
16.049847392976517
18.86803452699678
26.92325671800063
35.56992282799911
1.8080299560097046
1.8031153450137936
14.491163227008656
14.827785092988051
16.030822130007436
18.63651812300668
26.25810502000968
39.281524681980954
3.1249102750152815
1.7748805930023082
14.524889916006941
14.852630831999704
16.02739876700798
18.694472312985454
26.668993381987093
49.192303468997125
1.827240347978659
2.2517389170243405
14.72658139799023
15.319475829019211
16.747224276012275
19.79560461101937
26.664831606001826
37.959498900017934
3.571264139987761
3.1898659729922656
3.3913492479769047
14.99050079099834
16.138717673980864
18.178845021000598
26.631522184005007
33.51375750100124
3.587375021976186
2.7105146379908547
14.664225596992765
17.645313121000072
18.73405616200762
21.906270290986868
28.36998300300911
48.05623602398555
1.8562963170115836
2.356925489992136
15.365964519995032
14.869004172011046
15.955222245014738
18.632113520987332
24.440043046022765
45.43748778800364
5.340536739997333
2.2191014729905874
14.455582583002979
14.804465757013531
15.981143217999488
18.63921491400106
26.373740977986017
46.450953488005325
4.084324049996212
2.2598874419927597
2.4680195770051796
14.894734095985768
16.052850945008686
18.721233499003574
21.04170779499691
37.627744480007095
2.667816227010917
1.7751020599971525
14.399018372001592
14.917542411014438
16.1398291910009
18.723564191022888
23.86465489398688
31.607800747005967
2.6904521039978135
3.584766778978519
14.48302557397983
14.909446370991645
15.981645897001727
17.56104187099845
22.012379941996187
34.66448859401862
4.015965580008924
4.85530252798344
2.455300770991016
14.868082691013115
16.034561064996524
17.547044120001374
24.534931778005557
37.96899199698237
1.8010731970134657
2.67699209501734
14.476958212006139
14.861927345016738
16.048196938994806
18.685699272027705
26.30218898502062
36.0474902119895
1.7701349609997123
1.7598931769898627
14.42298187201959
14.84930113700102
16.01172156498069
18.75214500099537
26.477445197000634
47.494276477984386
4.471442896028748
2.63830527299433
14.395917543006362
14.886024079984054
15.987657438003225
18.66449140300392
26.610170266998466
45.64475249298266
1.7775081190047786
4.901868417015066
14.49753877701005
14.844367418001639
15.949600626016036
18.688526225974783
31.823732129996642
55.506556264008395
3.694551008986309
3.629847989999689
14.548521500983043
14.920997495995834
15.983102030993905
18.65525008700206
26.24519251199672
46.981519388995366
4.893101547000697
3.112960935017327
2.9182381559803616
14.828262202994665
16.2391563889978
18.747794380004052
22.945825637987582
42.416436783998506
2.2340240580087993
1.7712927109969314
1.9251548380125314
14.862076499994146
15.971325329010142
18.69972161098849
26.37427453600685
42.72545685101068
2.198941942973761
1.8033697339997161
14.524263049999718
14.782849186012754
15.998921649996191
18.83285510999849
21.098555353004485
43.06794181698933
3.597076162986923
2.7031083780166227
2.3962605140113737
14.855600453010993
15.984361023991369
18.603748768975493
24.596526968001854
34.678901883016806
1.8447559629858006
1.7872122609987855
14.447594552999362
14.684095206990605
16.076506673998665
16.770833776012296
26.207544390985277
37.37284716501017
2.662503875006223
2.2144696619943716
14.477447167999344
14.731452528008958
15.979932603018824
18.678569534997223
24.483619149017613
40.82966642899555
2.224863114999607
2.6542390339891426
14.472574818006251
14.775776488007978
16.06382024101913
18.548772764013847
26.266404771013185
44.13126079499489
1.784814540995285
3.206242229003692
14.438064494985156
14.734431282995502
15.947497357992688
18.72202276700409
26.59992065600818
44.5171381039836
3.0842647179961205
2.643314423999982
14.45387550201849
14.90002521398128
16.079060965013923
17.999796341988258
26.54980511701433
51.33094012300717
4.21989292599028
4.617065787984757
16.739951831987128
17.013130070990883
19.550274897977943
19.278017479984555
26.567043902992737
44.655828538991045
