2.392160144983791
1.0126395919942297
1.0695741479867138
1.0580900190107059
1.1175819369964302
1.1535208050045185
1.420156854990637
2.12900765001541
1.0117099079943728
1.0495518470124807
1.0402379859879147
1.0479826709779445
1.0633174440008588
1.1559371720068157
1.4377631960087456
2.0856454960012343
1.0192342980008107
1.0141198730270844
1.0317637120024301
1.0449717170267832
1.065609912009677
1.1607157019898295
1.4607437570230104
2.1331715949927457
1.0794984059757553
1.0161009459989145
1.051893416006351
1.0379634219862055
1.0800385979819112
1.1834719659818802
1.5304692249919754
2.105126011010725
1.0288460580050014
1.0226571490056813
1.075949860009132
1.0752089710149448
1.0984856249997392
1.195669386012014
1.4759431340207811
2.1404888889810536
1.0054110049968585
1.0219709599914495
1.062746054987656
1.0951417750038672
1.0894080610014498
1.171214049012633
1.4224355269980151
2.1058217030076776
1.0035555329814088
1.0285292629851028
1.0718424219812732
1.0742424860072788
1.1003265990002546
1.1878323020064272
1.460010171023896
2.0869704830111004
1.0149299649929162
1.006787384976633
1.0857076160027646
1.0746852799784392
1.0962014599936083
1.167404706007801
1.422282429994084
2.1054746090085246
1.0294172489957418
1.0393594030174427
1.0856167179881595
1.0918154260143638
1.1210382930003107
1.5625416520051658
1.9190322710201144
2.867785415990511
1.437712601997191
1.3705110969895031
1.400170356995659
1.4720958929974586
1.5068618770164903
1.5953641660162248
1.4427000279829372
2.1215642710158136
1.0247644189803395
1.0253642099851277
1.0829825559922028
1.086752700008219
1.0772425420000218
1.1782562449807301
1.4497758229845203
2.1081904690072406
1.0446718240273185
1.0388715099834371
1.0656765129824635
1.0641663360001985
1.1004952969960868
1.1900336710095871
1.4259412759856787
2.1253623150114436
1.03184511399013
1.0322412090026774
1.066576699988218
1.0802216970187146
1.0840968410193454
1.1811671020113863
1.4332847670011688
2.152008085977286
1.0420986179960892
1.0302680390013848
1.07278652099194
1.0968332939955872
1.0964442699914798
1.1827034919988364
1.4600526509748306
2.104829082993092
1.0452255319978576
1.0486677029985003
1.0808193119883072
1.1008354579971638
1.1231689839914907
1.2087039909965824
1.4423069680051412
2.081583616003627
1.019074722978985
1.0620922000089195
1.0813788899977226
1.0863930670020636
1.0839657389733475
1.2072927319968585
1.439419251983054
2.1391210479778238
1.0588423759909347
1.061242799012689
1.0820976719842292
1.1258883329865057
1.1074349429982249
1.2230482239974663
1.4376588400045875
2.112721896992298
1.0218602950044442
1.0516776570002548
1.0813572200131603
1.1003474319877569
1.1090427879826166
1.1694499209988862
1.4705342969973572
2.148950689996127
1.0322241639951244
1.0263045270112343
1.0763337090029381
1.060128718992928
1.1038306870032102
1.2226848980062641
1.427680792985484
2.13365741801681
1.0371537639875896
1.098631885019131
1.0805246270028874
1.1130196570011321
1.0907965599908493
1.1834534380177502
1.4727195280138403
2.124127277988009
1.0935915840091184
1.0455535569926724
1.0771181999880355
1.1244279209931847
1.1121652880101465
1.2065019389847293
1.4518720409832895
2.134424518008018
1.0430134490015917
1.052179212012561
1.068127781007206
1.0766008560021874
1.1097946779918857
1.1787507899862248
1.472010101977503
2.1977764420153107
1.035353123996174
1.0203454339934979
1.0963379460154101
1.0971989299869165
1.0993547970138025
1.1924770830082707
1.427575109002646
2.1057728760060854
1.0484535520081408
1.0515534080041107
1.0961724679800682
1.120071926008677
1.0957331759855151
1.1939157670130953
1.4794495700043626
2.0821263219986577
1.0565007400000468
1.0275849550089333
1.0596082959964406
1.0985057379875798
1.0910260459932033
1.1861593810026534
1.4431942939991131
2.1028064299898688
1.02233283300302
1.020739155006595
1.0795438119967002
1.1120189460052643
1.1266678359825164
1.1907226170005742
1.4762568210135214
2.8005781229876447
1.3504969259956852
1.4390363559941761
1.4271335280209314
1.4333732379891444
1.4688986290129833
1.6481020580104087
1.9847069299721625
2.932155338989105
1.0777460399840493
1.0574430309934542
1.0618394690100104
1.0911663479928393
1.0896070710150525
1.2010500709875487
1.4593354669923428
2.1453167269937694
1.0321280950156506
1.0476699719729368
1.0874838010058738
1.0911869480041787
1.133426643005805
1.2302162540145218
1.450620792020345
2.1225988539808895
1.0307155160116963
1.0259158850240055
1.0907970539992675
1.1010740069905296
1.1152848030033056
1.186304183996981
1.4442637840111274
2.102868837013375
1.0343803629803006
1.0484848610067274
1.064763728005346
1.067453989002388
1.0932936189929023
1.1908075199753512
1.4667751619999763
2.1215309710241854
1.0180102990125306
1.048578660003841
1.0877671979833394
1.0686056730046403
1.10515014900011
1.1617704360105563
1.4616973969968967
2.145418311993126
1.0434793969907332
1.0330179270240478
1.0625393980008084
1.0630318770126905
1.128480045008473
1.2012852070038207
1.4532321479928214
2.1262285499833524
1.0395294459885918
1.0418254020041786
1.0728828530118335
1.067446717992425
1.0949862190173008
1.1756469679821748
1.46452987001976
2.1093790250015445
1.0157112070010044
1.0338899419875816
1.0841589240008034
1.0835294270073064
1.090160926018143
1.1722709560126532
1.456621211982565
2.1632614660193212
1.0368328650074545
1.0475173100130633
1.0702881840115879
1.098909371998161
1.1162026230012998
1.1882060950156301
1.4411096929979976
2.135437607008498
1.0491146660060622
1.0261404900229536
1.1107893830048852
1.102196402993286
1.1404994550102856
1.179727192997234
1.4607031880004797
2.0888957330025733
1.031016405991977
1.0551753609906882
1.0621153599931858
1.0857033229840454
1.1126600360148586
1.1853305990225635
1.4171287929930259
2.1258149850182235
1.0342413509788457
1.0268408539996017
1.049872925010277
1.1086457859782968
1.1253232470189687
1.1860551800054964
1.4356057190161664
2.096845781983575
1.0062609419983346
1.032152172003407
1.0933817969926167
1.0785781079903245
1.0787181060004514
1.178166986006545
1.4410442330117803
2.1595003779802937
1.0449778850015718
1.0327537590055726
1.048106939997524
1.0877614729979541
1.1150385910004843
1.2081687049940228
1.4536153200024273
2.122138470003847
1.0349209700070787
1.0169931539858226
1.0781409890041687
1.103400697989855
1.5220747540006414
1.636981655989075
1.891800878016511
2.784463873016648
1.3622838929877616
1.4241871100093704
1.419978225021623
1.4322722219803836
1.1246093770023435
1.1885941740183625
1.465207162022125
2.0948251009976957
1.0336551160144154
1.0335158959787805
1.0750623029889539
1.0973902750120033
1.1223854109994136
1.217010285006836
1.4583847250032704
2.1589648019871674
1.0338583679986186
1.0393921769864392
1.0538537620159332
1.0844349240069278
1.1007522839936428
1.2096553560113534
1.4429548909829464
2.1166885780112352
