0.10125
0.114375
0.132
0.13975
0.202
0.28125
0.348625
0.40775
0.151125
0.161375
0.115125
0.10275
0.140125
0.301
0.344375
0.407
0.129125
0.119375
0.1075
0.1165
0.2195
0.30125
0.342625
0.378
0.119625
0.120625
0.13075
0.106375
0.164
0.25475
0.3355
0.392
0.125625
0.1465
0.113375
0.137625
0.11
0.233125
0.321625
0.39325
0.145875
0.120625
0.1325
0.11375
0.163125
0.266125
0.31925
0.393375
0.133625
0.125
0.133875
0.11375
0.18625
0.26875
0.351875
0.4225
0.12325
0.132625
0.1445
0.13525
0.133125
0.2615
0.31725
0.38875
0.10775
0.130125
0.12625
0.12125
0.193
0.280875
0.331875
0.411625
0.104625
0.105875
0.10075
0.149625
0.163125
0.25475
0.325125
0.391375
0.1305
0.107125
0.13825
0.13575
0.152
0.256
0.354875
0.407375
0.097125
0.122
0.125625
0.11925
0.199125
0.27875
0.333875
0.3905
0.152125
0.14
0.133125
0.133625
0.182
0.25825
0.319
0.400375
0.121
0.13025
0.140625
0.131
0.155375
0.23125
0.302125
0.386875
0.12075
0.135
0.104125
0.122
0.178625
0.278875
0.3315
0.401125
0.108
0.12375
0.123125
0.129875
0.160875
0.265875
0.321875
0.411
0.108
0.102
0.113125
0.147125
0.180875
0.258
0.312875
0.378375
0.11475
0.0995
0.145875
0.117875
0.196375
0.23325
0.33425
0.401125
0.151625
0.100875
0.13075
0.17225
0.177
0.252875
0.318625
0.381875
0.1015
0.15
0.132625
0.1405
0.155
0.256
0.321625
0.392875
0.148375
0.103
0.12825
0.128875
0.135375
0.24025
0.3115
0.37175
0.119125
0.126
0.1395
0.150375
0.159625
0.242875
0.35375
0.411
0.0965
0.133
0.11825
0.13275
0.18775
0.2645
0.309375
0.380625
0.120125
0.1085
0.1175
0.12
0.195
0.25175
0.325625
0.389625
0.10175
0.087875
0.116875
0.148375
0.187375
0.254875
0.322375
0.38125
0.109875
0.123
0.132875
0.138875
0.192625
0.263625
0.331375
0.384875
0.111625
0.112125
0.14175
0.109125
0.15075
0.2875
0.31425
0.380375
0.122
0.120125
0.125
0.1315
0.213625
0.25625
0.3125
0.39025
0.102875
0.116875
0.129375
0.12425
0.162375
0.289875
0.33775
0.412625
0.165875
0.11075
0.1385
0.12225
0.165
0.21125
0.338375
0.403125
0.108
0.13175
0.12
0.12175
0.162125
0.245
0.351
0.413625
0.1185
0.1385
0.1145
0.14275
0.157125
0.25725
0.332
0.4095
0.101375
0.11025
0.128625
0.155125
0.16125
0.260375
0.344625
0.422625
0.115375
0.110875
0.144875
0.12925
0.1895
0.2575
0.315125
0.398375
0.103375
0.138625
0.085375
0.14075
0.18725
0.265875
0.32225
0.402
0.133
0.118375
0.12425
0.1265
0.19025
0.27525
0.324625
0.40175
0.1455
0.1285
0.123875
0.1365
0.187125
0.24775
0.323125
0.395875
0.154125
0.097
0.129875
0.128875
0.175625
0.225
0.31075
0.367375
0.123875
0.130375
0.1245
0.136125
0.175625
0.27325
0.3175
0.3775
0.118125
0.099625
0.121
0.128125
0.168
0.234125
0.292875
0.37325
0.134625
0.075125
0.131875
0.143
0.1745
0.231125
0.31525
0.394875
0.140875
0.129125
0.149
0.131875
0.170375
0.2205
0.301625
0.373
0.135375
0.135
0.12775
0.12025
0.187375
0.27475
0.28625
0.381375
0.122375
0.127
0.14775
0.12125
0.116625
0.21575
0.288625
0.3665
0.12625
0.13325
0.102625
0.120875
0.15575
0.24325
0.335125
0.397625
