0.117125
0.1285
0.130625
0.166125
0.337875
0.4375
0.531375
0.6165
0.121875
0.127625
0.153
0.1805
0.307125
0.412875
0.500875
0.619
0.129
0.151625
0.149125
0.193875
0.299875
0.423125
0.51725
0.607875
0.12775
0.136875
0.142875
0.203875
0.31625
0.401625
0.50825
0.61675
0.13025
0.1505
0.121125
0.200625
0.319625
0.424875
0.516875
0.61375
0.1215
0.131625
0.123125
0.168375
0.329375
0.37025
0.499
0.56425
0.12475
0.113875
0.16525
0.19775
0.311
0.4235
0.525875
0.616375
0.140625
0.111625
0.152375
0.173875
0.3475
0.44025
0.507
0.616
0.102125
0.119625
0.149
0.2
0.29175
0.40225
0.49275
0.5645
0.116125
0.1185
0.127375
0.17975
0.30025
0.389
0.46625
0.53175
0.13475
0.120375
0.124375
0.200375
0.356125
0.4335
0.50925
0.56975
0.117
0.14425
0.1465
0.18
0.341375
0.408875
0.522
0.597625
0.140625
0.110625
0.137125
0.180875
0.270875
0.386
0.464625
0.546625
0.12275
0.124375
0.144
0.17975
0.269375
0.384
0.487125
0.528375
0.123375
0.114375
0.123625
0.191125
0.31425
0.37275
0.5025
0.555375
0.124125
0.125125
0.123625
0.179375
0.336625
0.419375
0.506
0.58325
0.15325
0.132375
0.13525
0.205125
0.32125
0.384625
0.51025
0.593625
0.123625
0.129375
0.1735
0.184875
0.304
0.367375
0.479875
0.5555
0.120375
0.1185
0.145375
0.167875
0.304375
0.393125
0.487375
0.564375
0.128125
0.121
0.1425
0.171875
0.32025
0.409125
0.506375
0.544375
0.1315
0.105
0.141375
0.166875
0.348875
0.40775
0.489
0.557375
0.1295
0.12125
0.136125
0.185625
0.305875
0.433875
0.535
0.593
0.122125
0.123625
0.1445
0.1625
0.29775
0.409
0.511875
0.580375
0.128375
0.1235
0.155125
0.18475
0.317375
0.38425
0.480375
0.57425
0.1165
0.10925
0.142
0.18325
0.306625
0.356875
0.495875
0.5475
0.13675
0.118625
0.15
0.1765
0.297875
0.414125
0.458625
0.57125
0.1125
0.13675
0.159375
0.16525
0.317875
0.415125
0.484
0.538875
0.120875
0.12475
0.1365
0.168125
0.311875
0.373125
0.467625
0.562125
0.11775
0.123375
0.145875
0.14825
0.314
0.42925
0.553375
0.617875
0.126125
0.120875
0.126875
0.15425
0.333
0.4445
0.538125
0.632625
0.13075
0.129375
0.1565
0.191
0.297625
0.428
0.513625
0.603375
0.11425
0.13075
0.164375
0.170125
0.282875
0.43025
0.531
0.598125
0.120875
0.135875
0.155875
0.21875
0.326875
0.41825
0.523875
0.596375
0.1135
0.150375
0.16375
0.16
0.316625
0.429875
0.509125
0.60375
0.134125
0.13475
0.130625
0.151125
0.298625
0.41725
0.506125
0.59725
0.151
0.13675
0.137625
0.196625
0.271
0.386625
0.49225
0.60175
0.1375
0.12975
0.141125
0.172375
0.344875
0.455125
0.536875
0.61725
0.11125
0.122
0.184
0.159625
0.384375
0.421625
0.535375
0.62475
0.09825
0.113
0.12775
0.167375
0.358375
0.432375
0.519125
0.615375
0.11775
0.134375
0.13925
0.181375
0.320625
0.418625
0.524125
0.61225
0.122875
0.138125
0.133125
0.17925
0.3595
0.423
0.519625
0.614875
0.140375
0.127
0.142
0.1585
0.299375
0.423125
0.504125
0.605375
0.1195
0.10525
0.146875
0.185875
0.336625
0.4155
0.503375
0.62975
0.14
0.132125
0.157625
0.189375
0.337
0.413625
0.488875
0.606
0.119
0.1345
0.147375
0.182
0.313625
0.451375
0.53475
0.636
