2.598514551995322
3.1265830979973543
16.124591430008877
14.161553378973622
12.784255528007634
17.37077839599806
19.969246485998156
48.34976396500133
2.529622094007209
3.5033877420064528
16.02791374802473
15.038754567009164
15.518673220009077
16.781113973003812
29.108376343996497
44.29089107201435
3.4668850580055732
3.0025089910195675
15.99047754300409
14.440259580995189
14.700225617008982
13.902075440011686
25.475898514006985
40.31269052901189
2.5280834690202028
4.017440697003622
16.030913944996428
16.100504027999705
17.340403671987588
16.799520471016876
25.49573035398498
44.26571806901484
3.974213501001941
2.0286053990130313
15.990679786977125
14.973291888978565
12.50696406600764
13.869827808986884
23.521375774027547
44.28907596098725
4.0175083889917005
2.0081235360121354
15.984962240996538
17.37018583898316
15.374269807012752
15.910327290010173
21.86318508000113
48.25568743501208
3.505150248995051
2.4920287159911823
15.53329626598861
15.414995592989726
14.02053980799974
12.895027443009894
21.821905985998455
48.27441413199995
4.461752479983261
2.991571885999292
16.006752335000783
15.45187972599524
11.198772890988039
15.817112718999851
20.137912003003294
32.253036410023924
2.5232527340122033
3.015283594984794
16.08850162901217
17.23515572299948
13.114436907024356
13.829829680995317
27.22967450701981
44.31003034400055
2.816048764012521
3.5411329079943243
18.175435231009033
19.719381793984212
14.736504376982339
14.843328927003313
27.352296110009775
44.269886456022505
2.0354231119854376
2.454018509015441
16.018436445010593
16.6878577460011
12.571404654008802
15.81757592500071
25.402507119986694
36.215578444011044
3.946374567982275
3.5068519999913406
16.088785363011993
16.197818610002287
14.745617625012528
13.91993988500326
25.423807719984325
48.24656069200137
2.0576661709928885
2.5626603869895916
16.03495457000099
17.35021767701255
15.361959019995993
17.74678893201053
23.63770703400951
52.323723070003325
3.5002118040283676
3.9566982229880523
16.054093729006127
15.559057956998004
13.89708178798901
12.865641386975767
23.65320337601588
44.189478828018764
2.033504676015582
3.5476645329908933
16.145938809000654
15.499421995016746
16.714551270997617
14.856290739000542
25.525317015999462
36.2450745679962
3.9675175290030893
3.0398917319835164
15.961050604004413
12.741748653992545
14.627143007994164
17.768251456000144
23.756960087979678
40.22592161301873
3.899445046990877
3.4584236730006523
15.983013896009652
16.193390466010896
11.142770797014236
13.910884619981516
23.715850756008876
40.328499806986656
2.029655673977686
2.9944981340086088
15.97524107398931
13.313701657985803
13.180173572996864
12.874340434995247
20.040350894996664
48.294283244991675
3.4249091219971888
2.2780380170152057
18.293569308007136
17.55560656200396
17.01135550599429
14.48091456698603
25.467648610996548
44.35040439199656
4.974749834975228
2.0187145580130164
16.097568500990747
17.32790262202616
13.926868872978957
15.869881246995647
20.11042334101512
48.27626368199708
4.461492022004677
2.047658618015703
16.038976229989203
16.67583880497841
13.947429189021932
15.84991768701002
27.272522418003064
56.407943622994935
3.9306484200060368
3.977640094002709
16.01601370499702
17.355658144981135
12.544594234001124
12.899325391015736
18.231381140998565
52.36522741400404
4.865164549992187
2.537590988999
15.922149150021141
11.609213001996977
14.004494646011153
12.87529199902201
23.60981999800424
40.2242341460078
3.920025684987195
2.519963260012446
16.046599825989688
14.930984573002206
15.25514730400755
13.857086201984202
27.297690642008092
48.312907480983995
2.033314126980258
3.9893235710042063
16.00112521200208
13.84306215599645
15.972806483012391
15.869312558003003
18.23622969700955
48.31624325600569
3.4684770519961603
3.056510488007916
16.016675805003615
15.5759818959923
11.187459526991006
14.78251668199664
18.249446822999744
48.16340498800855
2.015304880012991
3.003388087003259
15.963018616981572
17.413792431994807
11.928974572016159
10.904300399008207
25.418760947999544
56.32006666599773
2.000056057004258
1.9961203389975708
16.027606190997176
17.434950152994134
14.927761439990718
19.47773437399883
26.69859665198601
41.2136680620024
2.998943546001101
6.909858543018345
16.046915426006308
17.28079731602338
15.32531958600157
11.923837718000868
21.88083735399414
44.26651686700643
3.4497606700169854
2.0470905620022677
16.00331723698764
13.801926657994045
17.3165470949898
14.89106668101158
20.094919850002043
44.26109399399138
3.5123634150077123
2.5282501739857253
15.971136124018813
16.792752785026096
12.592615653004032
13.88256814199849
20.04990085400641
52.305746696016286
2.046089536015643
2.0185611420019995
16.175507261010353
17.49377456001821
16.133551768987672
15.67406716401456
27.329184421018
56.304389393975725
3.5403767680109013
4.464384252001764
15.911068909976166
11.682921903993702
12.543571870017331
14.916938014008338
27.40493531600805
40.321046564000426
2.0167969719914254
3.500714151014108
15.991500843985705
15.06712859700201
13.880671146005625
18.725231751974206
25.505716865009163
56.417185925995
2.0636495480139274
3.942754701973172
16.105789672001265
14.442174698982853
10.524813111987896
11.904190200002631
27.189560672995867
44.29607348999707
2.0290149099892005
3.9933969500125386
16.022075068001868
17.246260177984368
16.75423982401844
18.800481896003475
18.27417480800068
32.27778372998
2.484481835999759
3.9424037049757317
15.961394476005808
16.782529774005525
16.669042977999197
17.827307932981057
16.417473584006075
45.064297051983885
2.2316535739810206
5.092076320986962
18.344947078003315
17.685620761010796
12.493246995989466
10.970676469005411
23.736253490991658
40.25017214898253
2.518883613985963
2.502791161008645
15.995964576984989
16.152744046004955
12.507951939012855
14.882749184995191
23.67687409601058
52.26863131701248
3.486793932999717
1.9882193740049843
15.920655179012101
15.697392750007566
12.645478866994381
14.913660386024276
25.56259710798622
40.27951373698306
2.0218029240204487
2.0348407330166083
16.08569857099792
12.197810031997506
9.822377003001748
15.701379299978726
21.84242204000475
40.20143821800593
3.0086206499836408
4.02122695199796
15.960539486986818
17.39030188700417
16.166001887992024
17.824193058011588
30.9863417900051
36.204579533979995
2.532318382000085
4.490886140993098
16.050927539996337
13.888051212998107
13.994652510999003
12.911692385008791
16.439801392989466
48.280186154996045
3.0248262630193494
3.041187431983417
15.967830871988554
10.964802267990308
12.570696345006581
14.882346391008468
29.23610196300433
36.17748058500001
2.5191460810019635
5.37918997099041
15.979477859014878
15.512143608008046
14.634099624003284
14.811352435994195
23.684680259000743
40.255611511005554
