5.0296000160160474
1.7867361590033397
14.421486170991557
14.70536314198398
15.770857675001025
18.344674816005863
20.723844069987535
33.22931944299489
2.3209315090207383
2.7301610939903185
14.566792391997296
14.818733655993128
15.582790522981668
18.32177385498653
19.774713645980228
40.2559277760156
1.818311246985104
1.8181758650171105
14.49626519298181
14.876331915002083
15.483245076989988
16.85500208401936
17.577722515008645
46.43456314899959
2.4392038350051735
1.8177284899866208
14.484779696009355
11.620995539007708
15.707654814003035
15.083458405017154
22.446517416014103
34.02789266500622
1.7909770979895256
3.6090031449857634
14.401275761018042
14.637669568997808
15.656868202000624
16.646401167003205
23.143564858008176
44.634288897999795
4.038271318975603
3.199110453017056
14.527230198000325
13.295383442979073
15.619658794021234
18.28992100499454
24.173172203009017
38.319420659012394
2.7460164240037557
4.030645632999949
14.282486729003722
14.722339349973481
15.610144773003412
18.11542225800804
23.981899314007023
42.80932491700514
2.713913832005346
2.239440994017059
14.253517392993672
14.547985414974391
15.005818923003972
14.64464612599113
24.77638018099242
36.034692532994086
2.151215359015623
3.1964454280096106
17.06302642900846
17.079797305021202
15.43098517099861
18.322240706998855
24.931667191995075
44.49694311298663
2.6896575169812422
2.2769765210105106
14.386576022981899
14.63639172000694
15.808922864001943
18.208632859023055
22.693641232996015
34.16762366599869
3.1414472429896705
3.6473016850068234
14.51971564500127
14.787167592992773
15.53927596702124
18.266621770017082
21.682326561014634
45.762493935006205
2.34799701400334
2.8188393560121767
14.821700586006045
15.141133728000568
15.151466115989024
17.393140717002098
22.36534515497624
30.59292107701185
2.2676839170162566
2.275755222013686
14.556801864004228
14.57394801900955
13.158073063008487
14.668131540995091
25.854842467000708
41.42748965500505
1.810599237011047
3.673704856977565
14.490339634998236
14.918632336979499
16.17788286699215
18.77802310101106
19.135812468011864
35.020062754018
2.726709069975186
2.25842246497632
14.454601514997194
14.789201962004881
15.57947528900695
18.30094410700258
18.79260941798566
35.21812095300993
1.8035952690115664
3.1550532660039607
14.332561661023647
13.294093184988014
15.52876226999797
15.214632125978824
20.800307592988247
33.886982572992565
1.788726533006411
1.820502985996427
14.38369897499797
11.279333409998799
15.701182564982446
17.754052611009683
21.441457289009122
30.944719515013276
2.2504327579808887
4.459894718020223
12.526848009991227
14.737161947006825
15.550651319994358
18.224817715992685
20.470071963994997
42.7897045169957
3.1120340340130497
4.060540167993167
16.501253816997632
17.170910008979263
18.568030827009352
22.197177033987828
24.890137843991397
36.59900774501148
1.7819185919943266
7.705797870992683
14.288923551008338
14.867327840998769
15.713862664008047
14.512048069009325
22.302114132995484
33.66405063398997
5.816598886012798
2.3199363430030644
14.469104143005097
14.886816251993878
15.594090830010828
18.367248378985096
25.243634029000532
38.309268966986565
2.2326657499943394
2.251252078975085
14.476171002985211
15.042530940001598
15.641247439984
18.187606996973045
23.962616155011347
38.29673120100051
2.705065223010024
2.2358062339772005
14.474370009003906
11.194731097988551
15.740801104024285
18.197075152012985
20.55121550799231
45.61586185498163
2.70371111901477
3.127326619985979
14.470518090995029
14.835534081008518
15.655008731002454
18.203779454983305
25.943593003001297
41.23217203700915
2.689793091005413
3.588397192012053
14.541670220991364
14.117379217001144
15.55026062799152
18.283749001013348
24.925185169006
35.21864284700132
3.6094110310077667
3.579155573010212
14.284537831001217
14.883100462990114
15.48335949901957
18.223531683994224
24.063752435002243
35.26691303399275
2.2809018160041887
3.1326064280001447
14.388786327006528
12.876843664998887
15.411432861990761
18.105704560002778
25.77166996500455
41.41600446801749
2.2512079600128345
2.225740110996412
14.214958597003715
10.78035629799706
15.46670006599743
16.28131390697672
25.16204371099593
30.240447245974792
4.876682626985712
3.943008713016752
14.133761303004576
17.042078764992766
18.247416407015407
21.300091065000743
31.22654818400042
51.80955806700513
4.39666156101157
4.807247572985943
14.190531225991435
14.404700131010031
12.233922211977188
15.921176175004803
20.80574419599725
32.74511217599502
2.622103044006508
3.096222182997735
14.217990533012198
14.585111895983573
15.39583024001331
17.937594810995506
21.869851008988917
44.49192509500426
3.058817318000365
2.1891327039920725
14.163222815986956
14.000837764993776
15.137252364016604
17.867278177989647
20.891268756997306
45.00200179798412
3.9304197689925786
3.9654073319979943
14.184047943010228
14.532221905014012
15.3193195220083
17.99365250702249
23.548722585022915
44.633669217990246
3.092566406005062
1.775695446995087
14.188631034019636
14.417134368006373
15.156092890974833
17.917473734996747
25.320590069983155
40.18472804699559
5.713198464974994
1.7918966700090095
14.043437988992082
14.402509679988725
15.230164977983804
15.977247017988702
24.212719848001143
35.59657776300446
1.7460776770021766
2.634511595009826
14.132645931997104
14.323572397988755
11.62352147497586
16.732460451021325
25.19966291700257
34.21832244499819
3.0912178749858867
3.9720442770048976
14.26008806101163
11.66090443599387
15.255656282010023
17.84870989099727
22.70777887798613
41.75366227698396
3.0280008499976248
4.808432190999156
14.077771298005246
13.399403386982158
15.203440372017212
12.944165806984529
20.99842746599461
32.855324071017094
1.753121386980638
4.346248696005205
14.125043586012907
14.455226824007696
15.256493870983832
17.767453020991525
26.17571526300162
48.381778855022276
2.5584959420084488
1.821717118989909
14.185419799992815
14.520753040997079
15.148272062011529
17.74510294100037
18.40101406897884
38.97025816200767
1.7650933540135156
1.779401745996438
14.184052067023003
14.465081753995037
15.260948893992463
14.916079696005909
20.952573859976837
30.06847402898711
2.2032407200022135
2.2349717280012555
14.16727909099427
14.453552360995673
15.107283210993046
17.884449928009417
16.71892506297445
28.38493171200389
3.9439994920103345
2.6421244709927123
14.164502361993073
14.333637336996617
14.173562153999228
15.464316621015314
18.38140198099427
40.073537385993404
1.7753452720062342
2.208774019003613
14.213145479996456
13.087322243023664
15.230552526016254
16.51504834901425
20.990723844006425
44.80637977400329
3.1083667170023546
3.5035527930012904
14.220680510014063
14.429360473004635
15.220766071986873
17.840511213988066
19.25818239498767
44.58205219099182
