0.2777302609756589
0.2948133109603077
0.3568914020434022
0.3354070329805836
0.6316276420839131
1.182804228970781
2.932635382981971
7.187701278948225
0.2940158980200067
0.30222202197182924
0.35186637099832296
0.35144786804448813
0.617057673051022
1.2763465689495206
2.927818162017502
7.190904938033782
0.3026880141114816
0.2956343919504434
0.3529807640006766
0.33973882300779223
0.6206683669006452
1.2658017060020939
2.784814264974557
7.31368275010027
0.28806436399463564
0.2921737750293687
0.3488109449390322
0.3437617289600894
0.6115859299898148
1.2885075530502945
2.809185295016505
7.339775723987259
0.2849934510886669
0.29444047797005624
0.35527605994138867
0.34235472104046494
0.6171282599680126
1.2913396920775995
2.803543569985777
7.319973365985788
0.29826807498466223
0.2961082640103996
0.3502468359656632
0.34344891109503806
0.6278946229722351
1.262227949919179
2.802954363054596
7.323454134049825
0.29586573992855847
0.29788364307023585
0.3417707800399512
0.3340152529999614
0.6330435900017619
1.184891015989706
2.9259377541020513
7.338549503008835
0.3072844569105655
0.2968059219419956
0.3511221900116652
0.33099962503183633
0.6333524590590969
1.1712488180492073
2.925274524022825
7.338570202002302
0.3052983389934525
0.28622307896148413
0.35592099209316075
0.3459727610461414
0.6572040130849928
1.196391860023141
2.968759272946045
7.388131755986251
0.30461312900297344
0.31637056393083185
0.24848375702276826
0.37294833501800895
0.682604476925917
1.3243325270013884
2.791175982914865
7.344215003889985
0.3005888119805604
0.28915017703548074
0.3554135779850185
0.32746249297633767
0.6402863400289789
1.3019947429420426
2.80345798691269
7.3292535790242255
0.294160388992168
0.30579632497392595
0.3566728789592162
0.3554838739801198
0.6513125670608133
1.2833955759415403
2.803592665004544
7.327116817934439
0.2920296819647774
0.2880964690120891
0.3457719429861754
0.340724027948454
0.6114066439913586
1.2979084129910916
2.917454593000002
7.192834876012057
0.29791559698060155
0.2830574529943988
0.3476449470035732
0.3410638270433992
0.63450402894523
1.2843024110188708
2.9343537950189784
7.189673252985813
0.298542667995207
0.29468145803548396
0.3549410349223763
0.3489245179807767
0.6577095220563933
1.2398309279233217
2.921319955959916
7.207167836953886
0.3014029850019142
0.2907921540318057
0.346999321016483
0.3458298179320991
0.648399609955959
1.1803174809319898
2.928920242935419
7.351156511111185
0.2979355800198391
0.2944843709701672
0.3567332560196519
0.3402758069569245
0.6178982299752533
1.295675439061597
2.894951081951149
7.205355171929114
0.28419634397141635
0.2983247849624604
0.3555843560025096
0.3489816359942779
0.6470803219126537
1.2824527129996568
2.805411042063497
7.347434652969241
0.29492597794160247
0.282548640971072
0.34545862895902246
0.33600610098801553
0.6389713030075654
1.2714984869817272
2.9282569229835644
7.339838366024196
0.2919495700625703
0.3009019970195368
0.3561653619399294
0.34430742589756846
0.6440759199904278
1.2512417300604284
2.9317107419483364
7.325285244034603
0.2947325789136812
0.286698155105114
0.34624113293830305
0.3535771539900452
0.6492858370766044
1.275988906971179
2.9518070049816743
7.3688618880696595
0.2933605539146811
0.29801526409573853
0.3621891669463366
0.3446468060137704
0.5963883060030639
1.2925840159878135
2.913567249896005
7.216371146962047
0.28872931201476604
0.29638283303938806
0.24812297895550728
0.3486019920092076
0.6666679841000587
1.2919295290485024
2.8584544949699193
7.401192980003543
0.2500452749663964
0.3096772580174729
0.34955717995762825
0.34942717803642154
0.6476540950825438
1.2533173559932038
2.7993588040117174
7.329529699054547
0.3000316199613735
0.28188056393992156
0.3555640890263021
0.3418081449344754
0.6519175920402631
1.1867244250606745
2.910755984019488
7.3232096349820495
0.3174391670618206
0.3094812430208549
0.36044379707891494
0.3394495330285281
0.6445012609474361
1.2707902640104294
2.799814910045825
7.348156324005686
0.2828490589745343
0.30144191498402506
0.3570403839694336
0.3244905839674175
0.6338966229232028
1.1939323210390285
2.9458480330649763
7.205547544988804
0.3050126249436289
0.2870886700693518
0.35630167997442186
0.3426972379675135
0.6529307779856026
1.1771514639258385
2.940228400984779
7.299105193000287
0.30542852403596044
0.2944398910040036
0.35434777196496725
0.3253242849605158
0.6576015900354832
1.294089014059864
2.8143547780346125
7.321016047033481
0.3072938519762829
0.28788878000341356
0.35296529496554285
0.3402010459685698
0.6303634139476344
1.2722709459485486
2.814155356027186
7.302924962947145
0.30104749207384884
0.29493436904158443
0.35226775403134525
0.3307054790202528
0.6274374410277233
1.2731423289515078
2.7890275169629604
7.350533285993151
0.29003413196187466
0.2802424980327487
0.35043922101613134
0.34066988702397794
0.6539696819381788
1.2580809969222173
2.921109563903883
7.199811885948293
0.2852306009735912
0.2916202200576663
0.3570780250011012
0.3501414019847289
0.621702753007412
1.2558572409907356
2.9357474020216614
7.194345021038316
0.29068820900283754
0.2903215070255101
0.35541430907323956
0.3379897540435195
0.6144295149715617
1.2594166210619733
2.933058924973011
7.201752785942517
0.3043707460165024
0.2802360700443387
0.3554350029444322
0.33895985095296055
0.6408584869932383
1.2643618169240654
2.7951389559311792
7.332749095046893
0.28701528802048415
0.2836809779983014
0.3623954210197553
0.3357799369841814
0.6464501970913261
1.1781884391093627
2.938987572910264
7.375570564065129
0.2956042119767517
0.295992512954399
0.3544778929790482
0.3374741399893537
0.6475655959220603
1.1865600569872186
2.942404666915536
7.216432732064277
0.2914198979269713
0.2887700899736956
0.35236678493674845
0.3605390100274235
0.6015668520703912
1.1666683909716085
2.9204572880407795
7.262479137047194
0.3314998629502952
0.25340458599384874
0.25699879392050207
0.3625556549523026
0.671198214055039
1.315604517934844
2.857238873024471
7.325451944954693
0.28689107298851013
0.2950789959868416
0.35702450096141547
0.3376981319161132
0.6354314249474555
1.180267235962674
2.920344911981374
7.210625604959205
0.29346886998973787
0.30989472195506096
0.3532689609564841
0.3387367120012641
0.6422626030398533
1.1971653109649196
2.942311889026314
7.195857599959709
0.29881076992023736
0.2928229480748996
0.35707425500731915
0.34780952194705606
0.6127358740195632
1.2501446229871362
2.8010196960531175
7.330306605901569
0.2875084199476987
0.2897814268944785
0.3555651350179687
0.33833487902302295
0.6239764880156144
1.2878582970006391
2.943155852961354
7.19412663707044
0.2882256140001118
0.284350001020357
0.35500652401242405
0.35492032300680876
0.6322140990523621
1.2591628779191524
2.8878876180388033
7.195014502038248
0.30588956410065293
0.30472456000279635
0.36158633907325566
0.3447482860647142
0.6020173949655145
1.2708076980197802
2.7958633929956704
7.328478737967089
