0.125375
0.1265
0.124
0.1245
0.132625
0.141
0.32075
0.37625
0.125375
0.12425
0.11
0.12525
0.127625
0.177
0.256
0.3795
0.139
0.1175
0.123875
0.13575
0.122625
0.175375
0.301875
0.412875
0.1335
0.129125
0.13075
0.125125
0.125375
0.16775
0.2655
0.38575
0.109375
0.095
0.094625
0.127
0.130875
0.126875
0.277875
0.3805
0.108875
0.123625
0.123625
0.126875
0.125375
0.184125
0.230375
0.374
0.12625
0.147875
0.125
0.124875
0.1255
0.124
0.21475
0.375125
0.125
0.1245
0.127875
0.121875
0.132125
0.125375
0.25725
0.390625
0.141125
0.10975
0.12375
0.127375
0.115
0.121875
0.28025
0.397625
0.12675
0.128125
0.131875
0.142
0.131875
0.1785
0.22675
0.348
0.141125
0.138125
0.124375
0.13725
0.129125
0.132
0.3015
0.359125
0.12375
0.116875
0.15875
0.151125
0.15225
0.14675
0.26225
0.3735
0.13475
0.114
0.120375
0.136375
0.125
0.178375
0.25525
0.381
0.125
0.13025
0.106375
0.12525
0.1355
0.127625
0.254
0.3415
0.119125
0.1285
0.12525
0.1145
0.118625
0.19775
0.140375
0.34575
0.124125
0.121875
0.125
0.125
0.125375
0.128875
0.26425
0.3585
0.10125
0.121625
0.119125
0.1245
0.12925
0.137875
0.256
0.351625
0.1245
0.125125
0.110875
0.143
0.1245
0.127
0.181375
0.394
0.125
0.12625
0.117875
0.1365
0.124625
0.142625
0.203875
0.371875
0.111125
0.13
0.117625
0.135125
0.129
0.138375
0.203875
0.3725
0.124875
0.12925
0.12025
0.130375
0.1305
0.1255
0.2435
0.361375
0.123625
0.11625
0.125
0.11925
0.128125
0.131
0.227875
0.401125
0.125125
0.120625
0.12525
0.125
0.146375
0.143125
0.22925
0.410125
0.1255
0.1255
0.124125
0.132
0.130875
0.168875
0.233625
0.40075
0.123625
0.08875
0.125125
0.14075
0.125
0.13275
0.231
0.40075
0.09
0.125125
0.1285
0.132
0.12525
0.1585
0.259125
0.396125
0.135625
0.12775
0.1335
0.095875
0.13475
0.1335
0.283375
0.385375
0.14975
0.125375
0.144375
0.125625
0.130375
0.125
0.301
0.393875
0.13525
0.10925
0.1195
0.125
0.115625
0.125125
0.22425
0.35475
0.1195
0.12275
0.10625
0.1275
0.138375
0.161625
0.237
0.37325
0.13325
0.130375
0.12075
0.125125
0.133125
0.124875
0.214125
0.383625
0.12475
0.11525
0.11875
0.124375
0.125125
0.147625
0.20875
0.35075
0.130375
0.12475
0.110625
0.138375
0.134125
0.14675
0.25825
0.293
0.123625
0.127125
0.125
0.131
0.09675
0.152125
0.23075
0.354625
0.109875
0.124875
0.124125
0.125
0.1245
0.142
0.211875
0.342125
0.12425
0.122
0.125625
0.111875
0.12925
0.125625
0.273125
0.38175
0.12275
0.1195
0.12825
0.121875
0.10425
0.1455
0.313875
0.384
0.125
0.115875
0.12325
0.131375
0.12675
0.188
0.238875
0.382375
0.123875
0.12475
0.13925
0.124
0.12525
0.14075
0.27525
0.37725
0.117125
0.1395
0.125
0.125375
0.131875
0.16775
0.254375
0.354125
0.12525
0.129375
0.12375
0.12425
0.127125
0.1295
0.2255
0.341625
0.147125
0.143
0.126375
0.118375
0.130375
0.125375
0.281875
0.3705
0.127875
0.121625
0.117875
0.124875
0.119
0.208125
0.254125
0.361125
0.12325
0.126
0.12725
0.13575
0.12625
0.125125
0.215125
0.393875
0.125125
0.092375
0.1205
0.132875
0.134
0.13125
0.2255
0.351625
