0.2669034639839083
0.25771154393441975
0.2986929309554398
0.29398572200443596
0.39730884006712586
0.867950035026297
2.7292096680030227
7.664374400046654
0.2580939450999722
0.2657522620866075
0.27075507305562496
0.29595022497233003
0.37860699999146163
0.8613468200201169
2.7514862139942124
7.68749164394103
0.27078267198521644
0.2631223559146747
0.2679165661102161
0.3019340370083228
0.3839606110705063
0.9327654710505158
2.7360760800074786
7.851507188053802
0.2654153610346839
0.2823452960001305
0.29179581603966653
0.312941461103037
0.40411935409065336
0.869586437009275
2.7912523959530517
7.6218464999692515
0.2781271879794076
0.260357049992308
0.29885923105757684
0.3152306660776958
0.40816096193157136
0.8750829480122775
2.7151066350052133
7.662688185926527
0.27431357896421105
0.2702800709521398
0.29190141696017236
0.31992777599953115
0.42205419100355357
0.8737591449171305
2.7108153259614483
7.625358305056579
0.27373097802046686
0.2875455080065876
0.31005635496694595
0.334996607969515
0.41707118100021034
0.8753705490380526
2.7702460510190576
7.6135297800647095
0.29485232301522046
0.28375770000275224
0.31747167103458196
0.35799995600245893
0.4060940579511225
0.923532551038079
2.7437854949384928
7.682068823953159
0.292120415950194
0.296658226987347
0.3221798810409382
0.2512777299853042
0.4917972390539944
1.0756993721006438
2.341592446085997
7.511162062990479
0.32350318296812475
0.26165902498178184
0.3314088450279087
0.3928227910073474
0.4243018430424854
0.8756440540309995
2.742829493014142
7.579170500044711
0.2939359520096332
0.28238209895789623
0.30829572200309485
0.3322388220112771
0.42109215108212084
0.8911166590405628
2.7014313630061224
7.589308445923962
0.29408276302274317
0.2932247130665928
0.31288108392618597
0.33772068296093494
0.41807027894537896
0.885723322047852
2.7708729099249467
7.734858533018269
0.2969200660008937
0.290860204026103
0.3123485769610852
0.3348147500073537
0.4281156420474872
0.8714331809896976
2.364443239988759
7.739302910049446
0.30213446798734367
0.2953272210434079
0.3079965569777414
0.3477305000415072
0.4402329489821568
0.9019603410270065
2.7470876600127667
7.695827597985044
0.28469957900233567
0.29878442094195634
0.31622447702102363
0.3464017789810896
0.40185796993318945
0.8940566449891776
2.7461154779884964
7.5671885629417375
0.2971826499560848
0.29611143888905644
0.3115031860070303
0.3558427320094779
0.4179879389703274
0.881620320957154
2.7153397619258612
7.616837146924809
0.30422062799334526
0.29861380509100854
0.325886191916652
0.3427063450217247
0.40536614798475057
0.875563601963222
2.7585423139389604
7.659682716941461
0.29119155602529645
0.3055463549681008
0.3120657140389085
0.3417077489430085
0.41491950396448374
0.8872223290381953
2.759818928083405
7.643702192930505
0.30160739400889724
0.2984551270492375
0.3148219829890877
0.34603852091822773
0.41873320401646197
0.8901925040408969
2.7633472669404
7.700765582965687
0.2972480379976332
0.2990032139932737
0.32490272098220885
0.3398028649389744
0.4107230940135196
0.8797658080002293
2.7686700240010396
7.566810179036111
0.2964418090414256
0.28839565196540207
0.31184794404543936
0.34666818706318736
0.42794274108018726
0.89848993497435
2.329845761996694
7.765880357008427
0.2938106800429523
0.30654342705383897
0.32308928796555847
0.3571497240336612
0.41741736698895693
0.8732855740236118
2.7403457439504564
7.640592572977766
0.29412691097240895
0.30807986098807305
0.3345523619791493
0.2565912399441004
0.5096407550154254
1.055442635086365
2.5511004889849573
7.4182329040486366
0.29429176601115614
0.2911435489077121
0.31666134495753795
0.33587381802499294
0.4113706100033596
0.8998118150047958
2.74087178602349
7.681068183039315
0.2792108840076253
0.2856859070016071
0.31042570003774017
0.3494488480500877
0.40020254196133465
0.9044146800879389
2.781617464032024
7.5962735139764845
0.29188480507582426
0.2985165920108557
0.3243671450763941
0.3504734850721434
0.43096166697796434
0.9502542120171711
2.750706038903445
7.6948702110676095
0.29478635103441775
0.29429249197710305
0.3168908980442211
0.3471852500224486
0.4142443420132622
0.8820273260353133
2.7765800829511136
7.618685637949966
0.31099480600096285
0.30656085000373423
0.32176460803020746
0.3506413479335606
0.43612091103568673
0.8893020439427346
2.7471524530556053
7.662101185997017
0.2949903029948473
0.29886860703118145
0.31393427203875035
0.34803114004898816
0.4250782310264185
0.9149669669568539
2.348156446008943
7.636318088043481
0.28572515305131674
0.291452071047388
0.3180489930091426
0.3426622049883008
0.4224617868894711
0.8835835390491411
2.728256522095762
7.598141791997477
0.2968090339563787
0.29308041103649884
0.3231501500122249
0.34416984603740275
0.42246411298401654
0.8770544640719891
2.7500109110260382
7.639067703974433
0.29637019196525216
0.3036835229722783
0.316082376986742
0.3280989290215075
0.42097875801846385
0.8813571920618415
2.7084339499706402
7.7005949129816145
0.29619876702781767
0.312342940014787
0.3172388600651175
0.35074021201580763
0.41831641900353134
0.8849415529984981
2.7629461380420253
7.694236624985933
0.2962790980236605
0.29746242496185005
0.3167872029589489
0.34344830410555005
0.4107247299980372
0.8803280899301171
2.7476094349985942
7.63295731600374
0.29945526306983083
0.29474616306833923
0.31224483402911574
0.34648766403552145
0.41475791099946946
0.9069279199466109
2.7727277409285307
7.6307978259865195
0.29633495199959725
0.2878260320285335
0.31243032997008413
0.3448707569623366
0.41448762302752584
0.8868866830598563
2.3323379940120503
7.6478280239971355
0.29221040406264365
0.2983970339410007
0.31485600292216986
0.35518156399484724
0.4148397999815643
0.9012910920428112
2.7634356489870697
7.417975778924301
0.31851654895581305
0.3188413539901376
0.32879559707362205
0.2492234860546887
0.47827169799711555
1.082031408092007
2.379108597058803
7.631686651031487
0.3106697469484061
0.2951465870719403
0.31714147701859474
0.3529881240101531
0.4293090340215713
0.9047795620281249
2.736277790972963
7.612950716051273
0.2922367890132591
0.29465249995701015
0.3162790900096297
0.3485410230932757
0.4030607470776886
0.8941712590167299
2.708594896015711
7.63490331498906
0.31074987608008087
0.2898248910205439
0.31440689391456544
0.3397488980554044
0.4121522979112342
0.8926310800015926
2.747023531002924
7.7072709139902145
0.28383077192120254
0.3079112720442936
0.31856361706741154
0.33855270000640303
0.42496865801513195
0.9959585230099037
2.760855535045266
7.528983094030991
0.27870371798053384
0.2932219309732318
0.31813416990917176
0.35431749001145363
0.40796849702019244
0.9180306390626356
2.7888837470673025
7.743885586038232
0.2917465519858524
0.2998823010129854
0.31774636497721076
0.3415083270519972
0.42056631098967046
0.9190097179962322
2.761521324981004
7.6252624719636515
0.29424449300859123
0.30877844989299774
0.3198241019854322
0.3391223669750616
0.4194186289096251
0.9010442500002682
2.7617116449400783
7.626198556972668
