0.14476404699996692
0.1242923749999818
0.35583340400000907
0.21762573299997712
0.2568731820000494
0.4423652760000323
1.3590510569999878
3.2249987000000147
0.13017508400002953
0.1202307280000241
0.09201920499992866
0.11076837699999942
0.2528672109999661
0.4338865900000428
1.3530361670000275
3.3461027739999736
0.128786980999962
0.1377005699999927
0.10275363199991716
0.13267528599999423
0.32391094799993425
0.5255727339999794
1.1543955889999324
4.078053672999886
0.13113224599987916
0.07004691900010585
0.0940963410000677
0.13392360900002132
0.31685788100003265
0.5343947889998617
1.1013078969999697
4.06222161300002
0.1265774160001456
0.12662172899990765
0.1018469109999387
0.12054376700007197
0.3024369849999857
0.5088764669999364
1.1405493830000069
4.04237779999994
0.12194390199988447
0.08730668999987756
0.09418037699992965
0.1211981179999384
0.18747877099986
0.536123188999909
1.1531780309999249
3.983503950000113
0.06900945100005629
0.07123134699986622
0.11110616300015863
0.13285511899994162
0.33395199699998557
0.5523339450001004
1.124476563999906
3.9817342849999022
0.07226575200002117
0.08417612800008101
0.11895055700006196
0.1277031409999836
0.17283825000004072
0.5513262090000808
1.1289103259998683
4.05398110100009
0.0729330829999526
0.07110629699991478
0.12033689899999445
0.12773957899980815
0.28533956000001126
0.4625838820002173
1.42324901100028
3.3214641499998834
0.08724237699971127
0.07630372199992053
0.12494665399981386
0.13514742500001375
0.32029799299971273
0.4761217789996408
1.4895819020002818
3.2844060480001644
0.09187900100005209
0.08576542499986317
0.12394470800018098
0.13651077300028192
0.3065303529997436
0.4816425290000552
1.433867575000022
3.338286569000047
0.08719204399994851
0.08468965400015804
0.12317714500022703
0.1391588030001003
0.1722612130001835
0.47176657699992575
1.3868565479997415
3.3277535440001884
0.083892372000264
0.08558236799990482
0.12531396399981531
0.13569663899988882
0.3196245550002459
0.5147238479999032
1.451857612999902
3.3736706589997993
0.08132749000014883
0.08260248899978251
0.1294061700000384
0.13327306199971645
0.3172749999998814
0.4836780859995997
1.4668371339998885
3.324889025000175
0.08640158599973802
0.09583056399969792
0.1267740890002642
0.13440517100025318
0.30617795300031503
0.47267104899992773
1.433210121999764
3.3561266809997505
0.08716968899989297
0.08724939000012455
0.12794599300013942
0.14030436399980317
0.3120493549999992
0.4676148859998648
1.4154672380000193
3.3307176070002242
0.08729419399969629
0.08685699500028932
0.12147141400009787
0.13181419000011374
0.31573505899996235
0.476889182999912
1.4454116189999695
3.3468866850002996
0.09392448099970352
0.09026509000022997
0.13302279099980296
0.13656318299990744
0.31380947200023
0.4885320690000299
1.428517293999903
3.3493345580000096
0.09006349199989927
0.08685649900007775
0.12738640600036888
0.13516448900008982
0.3148825759999454
0.48249182800009294
1.4318480810002256
3.349298951000037
0.08963250499982678
0.09277029999975639
0.12776152599963098
0.13827828600005887
0.3319329200003267
0.4846643970004152
1.4236752820006586
3.295164809000198
0.08550920000016049
0.09463976499955606
0.12748272499993618
0.1374695900003644
0.3239740859999074
0.4796359379997739
1.5172844789994997
3.2992550770004527
0.10524386900033278
0.09570751400042354
0.13061508099963248
0.16122226900006353
0.18783697500020935
0.5818658839998534
1.1172455039995839
4.056296065999959
0.10885050199976831
0.09660684999926161
0.13063723300001584
0.15279975999965245
0.1840937560000384
0.5769616019997557
1.239588150999225
3.557981130000371
0.08092652800041833
0.09163809399979073
0.12394778999987466
0.1433663299994805
0.3038644120006211
0.49014421999982005
1.4196575530004338
3.312818471000355
0.08813542200005031
0.08638742900075158
0.12827090000064345
0.13676307600053406
0.31246253800054546
0.4716584560001138
1.419720578000124
3.3538166449998243
0.09032102800028952
0.08504584399997839
0.12471202799952152
0.13468579900018085
0.32499593699958496
0.49769133100016916
1.460939404999408
3.340336620999551
0.09247913000035624
0.09407822599951032
0.1292004260003523
0.1339598130007289
0.3194177800005491
0.4913460900006612
1.4871527440000136
3.3567752210001345
0.08743765100007295
0.08319036400007462
0.12591884300036327
0.13117742899976292
0.31029662499986443
0.47969075000037265
1.4965280970000094
3.2907896769993386
0.09156004300075438
0.08791555399966455
0.1305309360004685
0.13891861400043126
0.31745511799999804
0.48259506199974567
1.481681195999954
3.3156273320000764
0.09656713300046249
0.08730475999982446
0.12547155500033114
0.13992551499995898
0.3141067370006567
0.5562500720006938
1.4520679170000221
3.3499355209996793
0.08490766799968696
0.09140995000052499
0.12298786399969686
0.1356774289997702
0.3132767449997118
0.4829878840000674
1.4574631299992689
3.3198043649999818
0.08544106699991971
0.08916265799962275
0.1220490690002407
0.13306353899952228
0.3211587290006719
0.4741557150000517
1.470528214999831
3.3343004689995723
0.08856026000012207
0.08390637299999071
0.12649535699983971
0.13090544599981513
0.31182425799943303
0.4719623249993674
1.433661027999733
3.359372232000169
0.08692866500041418
0.08562236899979325
0.1253438619996814
0.13059424799939734
0.3065940730002694
0.47162342899991927
1.398845731999245
3.2989640169998893
0.089871657999538
0.08302707599978021
0.12736105700059852
0.1333106409992979
0.3173545460003879
0.47975160900023184
1.4197437830007402
3.2991583319999336
0.09120215399980225
0.08945286000016495
0.12193337200005772
0.13379663999967306
0.31699194900011207
0.48689179200027866
1.4687889560000258
3.310727811999641
0.08546716999990167
0.08329147699987516
0.1263095610001983
0.13618643500012695
0.3015824909998628
0.5420894449998741
1.4142551060003825
3.2636709449998307
0.08808566399966367
0.08854146199973911
0.12056437599949277
0.13423833999968338
0.3244986300005621
0.4762500229999205
1.4205295909996494
3.2902057789997343
0.08623796899973968
0.09325685000021622
0.12647866099996463
0.13474333900012425
0.3007638939998287
0.48386270299943135
1.4137082110000847
3.307609735999904
0.08675006800058327
0.08715176599980623
0.1266719599998396
0.14386131499941257
0.3165320510006495
0.47009303999948315
1.4111799189995509
3.3383960559995103
0.0916608540001107
0.09059835799962457
0.1348072390001107
0.1507406959999571
0.18284636299995327
0.5779299810001248
1.2032154520002223
4.096337622999272
0.09503757600032259
0.1011402519998228
0.14527909100070246
0.1454399120011658
0.1842477019999933
0.5825737080012914
1.1660287670001708
3.3945184019994485
0.09447828399970604
0.08799882799939951
0.1219932570002129
0.13504830100100662
0.31221871199886664
0.48400567899989255
1.4382852320013626
3.27827437400083
0.08721288599917898
0.09181716900093306
0.12296532999971532
0.1306079009991663
0.32043354699999327
0.4823710439995921
1.4517292930013355
3.2845757769991906
0.09552288899976702
0.08340654499988887
0.1266582649986958
0.13779122499909136
0.3123012070009281
0.5924017720008123
1.08690918100001
3.323623308999231
