0.109875
0.157625
0.1465
0.127375
0.232125
0.316875
0.423375
0.50125
0.13
0.0915
0.12775
0.11875
0.258125
0.306875
0.400125
0.48075
0.12825
0.1005
0.134375
0.137875
0.272375
0.33875
0.409875
0.512125
0.1015
0.095375
0.152125
0.16
0.234375
0.308875
0.374
0.475375
0.104625
0.12275
0.145375
0.11675
0.217
0.309875
0.367375
0.4815
0.1455
0.138125
0.140125
0.150125
0.162625
0.317125
0.38225
0.4865
0.086375
0.148375
0.13025
0.12075
0.2285
0.284
0.3665
0.47775
0.108125
0.11025
0.11675
0.119
0.1695
0.304
0.389375
0.487
0.09225
0.1365
0.14225
0.12025
0.23625
0.30575
0.398
0.471
0.161875
0.110875
0.138
0.143625
0.2385
0.304125
0.392375
0.45575
0.144
0.133
0.12625
0.126625
0.21975
0.312125
0.393125
0.472
0.116625
0.175875
0.121125
0.121375
0.17975
0.30425
0.394625
0.460875
0.137875
0.16725
0.13975
0.134375
0.2425
0.325625
0.411625
0.480375
0.144
0.125
0.143125
0.134625
0.253
0.31225
0.385375
0.444125
0.1315
0.116625
0.161125
0.138125
0.252375
0.32075
0.39075
0.443125
0.14725
0.122
0.1
0.121125
0.24125
0.305375
0.395375
0.476375
0.1195
0.127625
0.114625
0.1195
0.23575
0.309875
0.394875
0.4775
0.105125
0.11825
0.107375
0.09925
0.231125
0.3215
0.4045
0.484375
0.137625
0.10925
0.108875
0.11675
0.240875
0.28375
0.383875
0.4605
0.145375
0.150625
0.112
0.13
0.2495
0.2925
0.376875
0.46225
0.12775
0.120625
0.11
0.16475
0.252875
0.31675
0.387875
0.45075
0.142375
0.130625
0.09675
0.140375
0.16675
0.315125
0.405375
0.499375
0.104875
0.11925
0.15375
0.13175
0.1525
0.336
0.396375
0.49875
0.11925
0.122
0.11925
0.145375
0.219875
0.332125
0.421625
0.51625
0.1565
0.13925
0.099875
0.127125
0.227875
0.309375
0.40425
0.4835
0.117875
0.1235
0.100125
0.11925
0.22625
0.300875
0.404375
0.484625
0.15225
0.160125
0.117875
0.142875
0.28
0.299625
0.410375
0.480625
0.136375
0.164375
0.108125
0.1385
0.24075
0.335875
0.414625
0.4935
0.121875
0.148375
0.14675
0.1495
0.229625
0.293125
0.390125
0.458
0.13525
0.137
0.123625
0.13975
0.24075
0.2925
0.395125
0.471625
0.105375
0.15875
0.118875
0.137
0.243125
0.29925
0.408375
0.4875
0.164125
0.12775
0.1125
0.124
0.190125
0.284375
0.370625
0.43325
0.131625
0.111625
0.135625
0.115
0.21925
0.269
0.367375
0.440875
0.129625
0.107875
0.13275
0.125875
0.245
0.2825
0.377375
0.448125
0.1505
0.099125
0.13025
0.121375
0.206
0.28875
0.38375
0.454625
0.138375
0.126375
0.153875
0.11575
0.241875
0.297625
0.39625
0.4755
0.156625
0.114125
0.121375
0.108625
0.22575
0.3135
0.3975
0.49325
0.10925
0.110875
0.123125
0.120875
0.26825
0.3115
0.39075
0.487125
0.119375
0.12275
0.134625
0.122625
0.25275
0.30325
0.416
0.5045
0.122375
0.1455
0.12425
0.124375
0.220375
0.282125
0.3755
0.465375
0.124125
0.09925
0.124875
0.15
0.127625
0.299125
0.35225
0.44875
0.1345
0.12575
0.1165
0.062875
0.174875
0.31925
0.365875
0.470375
0.123875
0.131625
0.1435
0.08775
0.235875
0.31175
0.387625
0.471375
0.10725
0.137875
0.147375
0.137875
0.221125
0.322625
0.40125
0.49025
0.13825
0.135
0.142875
0.135875
0.246
0.27
0.34125
0.45675
