0.5714150429994334
0.5938353919918882
0.5919367870083079
0.7756127869943157
1.1726702499872772
2.8334334609971847
7.645079219000763
21.914608330000192
0.5487846930045635
0.5463146880065324
0.6184155429946259
0.776389286009362
1.222182255005464
2.8742102430114755
7.659785834999639
22.354462542993133
0.5362888640083838
0.556520908998209
0.6538579199986998
0.7977262319909642
1.2527846199955093
2.799527875991771
7.63724247700884
21.890845710004214
0.509382705000462
0.542784377001226
0.6060262149985647
0.7563117410027189
1.1658978299965383
2.7528633729962166
7.71014832900255
21.785068964003585
0.5278366449929308
0.5425416770012816
0.6086455200129421
0.7485890240059234
1.2015883060084889
2.7023777610011166
7.529730433001532
21.728918530003284
0.5243697370024165
0.5444956809951691
0.6206570459908107
0.7377995999995619
1.2146815340092871
2.63515381499019
7.525068620001548
21.99068369199813
0.5263924419996329
0.5386222679953789
0.6011178040062077
0.7769994850095827
1.1643309250066523
2.628187798996805
7.558832692011492
20.906301437004004
0.5224839330039686
0.5503047929960303
0.6148689340043347
0.7411841069988441
1.3068360339966603
3.2324090090114623
7.692513080997742
22.925730314003886
0.5778267529967707
0.5873657739866758
0.6056220129976282
0.784624501990038
1.3414102090027882
2.8167306079994887
7.943924025996239
21.858485299002496
0.5656872270046733
0.5606593160046032
0.5918167830095626
0.9751842139958171
1.2207776470022509
2.926241145003587
7.512655389989959
21.836821649994818
0.5889557769987732
0.5814065610029502
0.6830307809868827
0.7967160280095413
2.2861583570047515
5.181752535994747
14.345079605001956
42.79645769900526
0.5909332810115302
0.5937488869967638
0.7540236350032501
1.059254897001665
2.1065338679909473
5.101387662012712
14.568575990007957
28.8235621000058
0.5240933359891642
0.5393560689990409
0.6191633429989452
0.7543344360019546
1.2724121589999413
2.8631703090068186
7.840221000995371
21.6716194920009
0.5329280559963081
0.5565221069991821
0.6192687430011574
0.742767809992074
1.2586673290061299
2.8064070849941345
7.7425820880016545
22.629560368994134
0.5613395179971121
0.5629824200004805
0.5995006000011927
0.7767444839992095
1.311467644001823
3.0520585180056514
8.127029622002738
23.454154356004437
0.561434716990334
0.5760309489996871
0.6583967269980349
0.8018067379889544
1.254013618992758
2.967017034010496
8.159794293009327
23.263781144007226
0.5763734500069404
0.5608323159976862
0.6195246440038318
0.8075534509989666
1.3664674630126683
3.043325898994226
8.249848888008273
24.240000760997646
0.5979576960089616
0.5759487489995081
0.6295737649925286
0.8087905530119315
1.3030791250057518
3.014871936989948
8.219475523001165
23.776903557009064
0.574902047010255
0.5732752430049004
0.6517474139982369
0.8186154350114521
1.3481991430016933
3.054557758005103
7.976619862994994
23.261594234005315
0.5625493240077049
0.5643507200002205
0.6175384930102155
0.8021283900015987
1.3353561720141442
3.1190603200084297
8.02266982299625
22.949944650987163
0.5412347160017816
0.6109556640003575
0.6457546040037414
0.8144813819963019
1.2822480680042645
3.0383252140018158
8.069073655991815
23.01297837799939
0.5500348359928466
0.5916200070059858
0.6011095669964561
0.764220976998331
1.2454488679941278
3.0184983070066664
8.073230294990935
23.285024192999117
0.5829969710030127
0.56860034300189
0.632127130011213
0.7914105050003855
1.2627109509921866
2.9394649930036394
7.9151955760025885
23.06607970400364
0.5467215060052695
0.5515675000060583
0.6347186589991907
0.8024473029945511
2.168236904995865
5.445812327001477
14.97337333500036
43.78849600799731
0.5747036939865211
0.6209224750055
0.7499916109954938
1.0654416359902825
2.1508876029984094
5.0186885180009995
14.919896753999637
44.323382981005125
0.6085194979968946
0.5513555529905716
0.6253636470064521
0.7678579149942379
1.2305700769938994
2.923578183996142
8.01077317299496
23.20349766498839
0.5554959129949566
0.6185077560076024
0.6144869340059813
0.8137417149991961
1.267780498994398
3.068107767001493
7.8997926919983
22.91821195000375
0.5501151469943579
0.5766105460061226
0.6039015489950543
0.7785463229956804
1.2847610800090479
2.9836279489973094
8.024209912997321
23.133363643006305
0.5457001020113239
0.5802474319934845
0.5932639809907414
0.7442846579942852
1.2438933729863493
2.893201690996648
7.767250749995583
22.654748977001873
0.5559774260036647
0.563308351993328
0.58936775001348
0.7380559149896726
1.242347437000717
2.9302005679928698
8.007568599990918
22.961937298998237
0.5383855480031343
0.5751154870085884
0.608195811000769
0.822701726006926
1.266163210006198
2.9972513810062082
8.055138979005278
23.26245577201189
0.5762359860091237
0.5866948249895358
0.6350775080063613
0.7582724750100169
1.279146049011615
2.912263335994794
7.8822262629983015
22.900060039013624
0.5480180749873398
0.5956301559926942
0.6577404900017427
0.7969040169991786
1.2939402970077936
3.1101710700022522
7.964986639999552
22.936108977010008
0.5776647849997971
0.5998254690057365
0.6385077150043799
0.8174643920065137
1.2810994450119324
2.877239780005766
7.685068959006458
22.782338735996746
0.5729220030043507
0.5600887489999877
0.6171062900102697
0.7724786969920387
1.3140930699883029
2.9066931269917404
7.722266106997267
23.340547947998857
0.5403394570021192
0.5590114029910183
0.6227577539975755
0.7663515109888976
1.3444575470057316
2.9830849719874095
8.188261467992561
23.00605212499795
0.5741449130000547
0.5622601909999503
0.6268505199986976
0.8749812860041857
1.3005024169979151
2.9569230359920766
7.788898391008843
22.456520663006813
0.5647534070012625
0.6103346220043022
0.7247479939978803
1.1369082010060083
2.1101800510077737
5.389527477993397
14.873158324000542
43.05644563201349
0.5960913449962391
0.6174390359956305
0.762901032998343
1.094631928994204
2.2445627779961796
5.341546961994027
14.90870464600448
23.125644195999485
0.5702645069977734
0.5611050540028373
0.6415279250068124
0.792294625993236
1.3848581939964788
2.952191005999339
8.107988310992368
22.678617698009475
0.5539987679949263
0.5844976030057296
0.6434269700112054
0.8146595540019916
1.3440347839932656
2.9762689729977865
8.073732527991524
23.13241709099384
0.543078182003228
0.5539566289953655
0.6237647450034274
0.800442412000848
1.3002270630095154
2.931906263009296
8.055396232011844
22.970900141997845
0.5621942159923492
0.5547741489863256
0.6272899199975654
0.7932651930022985
1.318703983008163
3.010419448997709
8.062729052995564
23.53972926401184
0.5462111390079372
0.6043464240065077
0.6223363009921741
0.7924827540118713
1.3049051460111514
3.0693588589929277
8.160207136010285
23.84644068700436
0.5645085139985895
0.5759474609949393
0.618221861004713
0.7605852540000342
1.3300576490000822
2.9841579549974995
8.002715693990467
22.553865192996454
