0.5595460193333489
0.563150058666641
0.5658850739999556
0.5665135243333452
0.6722985170000205
1.1619665043333118
2.5919492599999785
6.986212687000034
0.5704340873332967
0.5630518456666778
0.5654934273333462
0.5661610989999039
0.6787707356666791
1.1003816026667816
2.5571893513332875
6.817837461666689
0.5622394350000377
0.5650026436666545
0.5646242006666853
0.5641635779999584
0.671311658333328
1.0968989350000509
2.5609840146668525
6.819329473333255
0.5653652896667154
0.5609156259999205
0.5662293593336472
0.5677487429999625
0.674182376000014
1.0965923523335732
2.557401604333336
6.846309530666683
0.5670315719999053
0.5641966240000329
0.5638747050000651
0.5672460416667491
0.6750623009999496
1.0976410179999523
2.564799248666835
6.846617168333371
0.5668140719999428
0.5697161916667332
0.5616222236667454
0.5681026026665373
0.6729926996666412
1.0973495129998507
2.4547198899999785
7.123212296333198
0.5672308583331566
0.5649502866669233
0.5628197453333996
0.5635755413331935
0.6757475990001088
1.1306889579997612
2.5568984783333994
6.846925034333556
0.562888060667016
0.5619311383334207
0.5618606073336802
0.5649652433327598
0.6737605029999637
1.0958833376668433
2.5587850746672607
6.8202966183334865
0.5661096030001621
0.5650521473332143
0.5625789063333286
0.5645823866667948
0.6758702540003773
1.0977289270000863
2.454812348333386
6.6843751023334335
0.569304919666744
0.5646334970000074
0.5640033019996432
0.5680334190001304
0.6743258376670079
1.0956343313334098
2.4544829743332834
6.719926163999844
0.5676388039998225
0.5657453703333886
0.5652675673333457
0.5642553946666643
0.6789501433331679
1.0984188406664543
2.5279960950001623
6.785339754999768
0.5670587906667303
0.5678204643333326
0.5636626209998212
0.5671753889998096
0.7092578406670024
1.2685909963326292
2.937661335666538
7.527955686999728
0.5652390659997764
0.5619196180001987
0.5655057503333106
0.5651491469998291
0.6776986843336393
1.0958340396664425
2.49231355233375
6.6819374513337
0.5642586063343819
0.5653408046667513
0.5643906143335092
0.5688979560000007
0.6764741629995115
1.1022667786667928
2.457386038666906
6.654834311333616
0.564986787666688
0.5648577029993854
0.5671909843331377
0.5718873749992781
0.6759714856658926
1.0977409399996152
2.4918199810005413
6.652929117667251
0.565506595333621
0.5620194326656929
0.5673282103331682
0.5687002133333104
0.6740485389994623
1.0944783393327573
2.4879764176663834
6.810996852000244
0.566727805999714
0.5658627079992584
0.5679716649998833
0.5668798919996334
0.6745588476672614
1.0944952486667414
2.556126720000975
6.8138438786663755
0.5621992769993085
0.5665009436670516
0.5695595950001007
0.5660229103329281
0.7112780966666227
1.1682642386670825
2.524524561332631
6.683311944333885
0.5644082136665626
0.5648824913344773
0.5653663723333011
0.5643622103331533
0.6764282869996047
1.0944982389998283
2.4880173266665224
6.745730056999794
0.5631947726657623
0.5669012076668878
0.5642043696661858
0.5694902056669283
0.6755824326664879
1.1008553226662723
2.454031261333512
6.649612003333459
0.563295761000821
0.5638194333338712
0.5663970136665739
0.5673849169997993
0.6736660749999525
1.0977458906666773
2.493475529333106
6.645387765000123
0.5619211013333066
0.5639381006670495
0.5660253326665649
0.5669957146662151
0.676211063667021
1.0970961256662122
2.5553385983336434
6.816583565333834
0.5623381460003051
0.5655663069998506
0.5638196370000514
0.5683320539998628
0.6750660446668917
1.131244948333915
2.734854002332819
7.966500745333785
0.5647958680001466
0.562932819000101
0.5652454133329835
0.5682611333340901
0.6755103159994178
1.096096773999913
2.4961404030000267
6.750529124999957
0.5665569716669173
0.5632940146667048
0.5661755070001769
0.5697005233329643
0.672824429332953
1.0979424476669617
2.4915211023332327
6.783050693667367
0.5641210259988535
0.5669432406672664
0.5654410326666645
0.566259291999207
0.6731171106657712
1.095478314000502
2.4877358863329087
6.754651403000025
0.5650126259994673
0.5620212696679422
0.5652459596652383
0.5691129076670526
0.6781313633352207
1.0948184203346802
2.456478178666051
6.679476045001745
0.5625800690007358
0.5626618016661572
0.5653761313333234
0.5648131396665121
0.6772354153339014
1.0960091463348363
2.4912231466672288
6.716959428998962
0.5615441193331208
0.5633501690002353
0.5656263949992232
0.5727056840005389
0.7390713366658019
1.231442723001237
2.5211526346659716
6.7502046079995734
0.5649416849992122
0.5662346206663642
0.5654806149990085
0.5649782363337484
0.6759596193332982
1.097855601333625
2.558491744333878
6.87996410766694
0.5626273826674151
0.5689005669992184
0.5641146053324823
0.5677194253330526
0.6780356863334115
1.0919004726650503
2.452681964665923
6.717320270331887
0.5631469349997739
0.5649567776672484
0.5664252810007989
0.5637715409999752
0.6763518869993277
1.0976956416670873
2.5209767223338226
6.717416977332808
0.5637687183322365
0.5633792796688795
0.5612103003331868
0.5663104553350422
0.6777225423332615
1.1051538946679405
2.528069271666027
6.7233949239998765
0.563915959000345
0.5638018906659757
0.5661313223329975
0.5706753566664702
0.6720165496662958
1.098490467332643
2.7294745113334407
7.918219663000248
0.5628766576652803
0.5643007703329204
0.5662289730001552
0.5663688013349505
0.6723405856670676
1.1309756606666876
2.453025418331284
6.749204611000702
0.5658984623320672
0.5649859703335096
0.5637048986670076
0.5689158173336182
0.6759213909996712
1.0996594503327894
2.4583454793331234
6.74861103033254
0.564604138997917
0.563924173333362
0.5620930203331227
0.5668559676669247
0.6753382873321243
1.1645545116662106
2.5615787083334
6.958624392334362
0.5666995266668285
0.5667241326676352
0.5646332343336932
0.5664384470001096
0.6773512586672344
1.1621725749985974
2.552420854666707
6.91359424399828
0.562130663000668
0.5644607053339618
0.5646069990010195
0.5645958153327229
0.6735747673337755
1.0979216226672481
2.5537469426659904
6.779330656000336
0.5631975253333318
0.5624588576659638
0.5635569053350385
0.5651568836656224
0.7440654483337615
1.270322646333322
2.5551364646671573
6.746206256333001
0.5624067456665216
0.5627929289985332
0.5650922210018811
0.5673137479995299
0.6764651796668962
1.0944874756666347
2.5227233946679917
6.7199267093322606
0.5670565846667159
0.564399113667605
0.5648029259985682
0.5661399556690109
0.6770815890001055
1.0963805303338934
2.491019282999332
6.780702964665882
0.5623890280015379
0.5689522423344897
0.5630557283341963
0.567045276665643
0.6749837196669736
1.0986836916660347
2.4920563149995965
6.71428518000054
0.5644964590004141
0.5648820546666684
0.5660233736671216
0.5702210496662398
0.6740096246673298
1.0953292293330985
2.557834549334075
6.787619869331441
0.5630988246654548
0.5748199563325519
0.5686160406670145
0.5690206586671896
0.7064818010003364
1.2732227850016595
2.9625740046661426
7.081326253332615
