0.129
0.107
0.156125
0.199125
0.2435
0.411
0.55875
0.666875
0.1205
0.13775
0.123125
0.166875
0.216
0.4165
0.544875
0.658
0.144
0.122125
0.138625
0.16475
0.228
0.40625
0.530125
0.666
0.10775
0.1095
0.13975
0.158125
0.2245
0.414375
0.544625
0.6485
0.121
0.115125
0.14
0.1295
0.226125
0.413625
0.536375
0.65275
0.117875
0.11075
0.1275
0.147875
0.2145
0.400625
0.536125
0.6315
0.120875
0.1175
0.11675
0.128375
0.246
0.42
0.5555
0.652375
0.12825
0.127625
0.130375
0.119875
0.251125
0.420875
0.545375
0.65125
0.135375
0.11225
0.134375
0.143625
0.206375
0.398625
0.544125
0.633375
0.121875
0.113375
0.13575
0.143625
0.2005
0.381875
0.502
0.600875
0.127
0.127875
0.141375
0.153375
0.234125
0.406625
0.542375
0.649125
0.111375
0.12825
0.131
0.151875
0.213875
0.405375
0.55625
0.661375
0.108625
0.113625
0.133125
0.12
0.23125
0.3685
0.50775
0.616625
0.129125
0.147625
0.131125
0.1275
0.23025
0.3945
0.524625
0.6105
0.1315
0.150875
0.1435
0.147375
0.226
0.414875
0.5275
0.621125
0.118375
0.129
0.13775
0.198375
0.2135
0.404
0.549
0.66675
0.127125
0.119
0.116375
0.154125
0.237375
0.39775
0.534375
0.63825
0.1405
0.149125
0.14075
0.203375
0.23325
0.396375
0.51525
0.634125
0.1335
0.136125
0.1325
0.173
0.22625
0.410125
0.52
0.6215
0.112625
0.1455
0.14475
0.141375
0.227
0.385875
0.507625
0.626625
0.13
0.108
0.1365
0.1505
0.238625
0.393875
0.5155
0.61875
0.1365
0.123875
0.117875
0.14425
0.209625
0.399375
0.537
0.65475
0.140125
0.13075
0.12025
0.1305
0.2225
0.40875
0.524
0.652625
0.12225
0.124875
0.144375
0.14725
0.198125
0.38975
0.5215
0.63425
0.129
0.12225
0.129125
0.1895
0.240625
0.384875
0.52025
0.605125
0.134375
0.124125
0.13025
0.13625
0.22475
0.396125
0.523
0.615625
0.121375
0.120875
0.139
0.168
0.227375
0.38725
0.519875
0.6225
0.121375
0.115875
0.138375
0.1625
0.20575
0.404625
0.506875
0.609375
0.1195
0.146125
0.133
0.173125
0.225
0.413375
0.555375
0.66925
0.11025
0.111875
0.136375
0.2105
0.20925
0.41025
0.547125
0.670625
0.10775
0.120125
0.1255
0.1425
0.21475
0.397
0.5295
0.6405
0.1195
0.1155
0.127375
0.130875
0.24375
0.40575
0.53525
0.63975
0.131625
0.117625
0.143125
0.187375
0.215125
0.406
0.542375
0.653625
0.1485
0.138125
0.1335
0.153
0.248
0.411125
0.546875
0.63575
0.132
0.11675
0.12975
0.144125
0.220625
0.408625
0.533625
0.641125
0.120375
0.14575
0.1525
0.189375
0.2125
0.3615
0.524625
0.637
0.12375
0.122375
0.126875
0.163625
0.222625
0.41725
0.571125
0.688375
0.11575
0.127
0.13375
0.138
0.226125
0.3895
0.545375
0.647625
0.10375
0.1375
0.13525
0.13725
0.21875
0.414125
0.57
0.675
0.11025
0.110625
0.141125
0.13175
0.222125
0.418375
0.5515
0.658625
0.129625
0.125875
0.10325
0.12325
0.26425
0.4095
0.55275
0.6725
0.116
0.12475
0.127375
0.163625
0.224
0.400125
0.561875
0.67
0.118
0.1265
0.11175
0.146125
0.231
0.407875
0.55875
0.662875
0.115375
0.118125
0.1275
0.147
0.2295
0.3895
0.5315
0.6525
0.128875
0.129125
0.139875
0.173875
0.23125
0.41325
0.5665
0.68625
