0.12825
0.130125
0.124
0.135875
0.22025
0.4115
0.535875
0.65875
0.119375
0.133125
0.124375
0.157375
0.219625
0.399125
0.529875
0.67025
0.15225
0.113125
0.12
0.1505
0.22525
0.389875
0.530125
0.64925
0.113875
0.106875
0.121375
0.143
0.23025
0.373
0.536125
0.653625
0.111375
0.129375
0.148125
0.140875
0.2235
0.377125
0.5075
0.624875
0.121
0.145625
0.11175
0.139
0.218875
0.399125
0.527125
0.625625
0.1305
0.126125
0.125625
0.14675
0.222375
0.413375
0.56875
0.678875
0.1235
0.129875
0.108375
0.144875
0.235625
0.401625
0.534125
0.639625
0.10975
0.115625
0.139625
0.138625
0.208125
0.415375
0.5565
0.672125
0.125625
0.15175
0.12225
0.13025
0.208625
0.364875
0.514375
0.63975
0.12625
0.142125
0.12125
0.14625
0.234875
0.417125
0.543875
0.665875
0.15025
0.114875
0.132125
0.140125
0.239375
0.3915
0.5245
0.630125
0.125125
0.1305
0.146
0.13625
0.2195
0.41
0.5415
0.644625
0.115625
0.121
0.12375
0.126375
0.226125
0.36775
0.525875
0.633375
0.125
0.133125
0.107875
0.15175
0.2205
0.392375
0.545375
0.6525
0.119875
0.11425
0.141375
0.139625
0.237625
0.403125
0.552125
0.669125
0.1355
0.131125
0.116625
0.170125
0.216875
0.407
0.51625
0.60925
0.1095
0.131375
0.14075
0.138
0.204625
0.410125
0.534875
0.649875
0.107375
0.124
0.129625
0.132375
0.22025
0.38525
0.511
0.62575
0.12025
0.11225
0.131125
0.137875
0.22525
0.409625
0.541
0.644625
0.1335
0.134
0.12875
0.147
0.213125
0.38525
0.48875
0.60475
0.12825
0.13075
0.121125
0.13625
0.211125
0.41425
0.544875
0.658375
0.132125
0.11825
0.142375
0.154625
0.218625
0.37725
0.5255
0.633875
0.134625
0.14175
0.12225
0.154375
0.226875
0.39825
0.55025
0.654
0.126
0.108125
0.129625
0.138375
0.214
0.3905
0.52975
0.618
0.11
0.1215
0.104
0.15
0.211
0.412125
0.55075
0.64775
0.12475
0.137375
0.13175
0.148875
0.200625
0.3965
0.5395
0.6325
0.131625
0.1245
0.126625
0.13175
0.218875
0.41
0.536
0.616375
0.130375
0.143625
0.1415
0.146625
0.237
0.421625
0.574875
0.685375
0.11625
0.116625
0.105875
0.130375
0.219375
0.420625
0.548375
0.661375
0.103875
0.128875
0.120625
0.134
0.260125
0.416125
0.5375
0.674625
0.108375
0.122875
0.1005
0.1355
0.250875
0.38775
0.54125
0.645625
0.12425
0.12275
0.15775
0.137625
0.241
0.40675
0.55375
0.66925
0.120125
0.1365
0.148125
0.133125
0.22675
0.417875
0.561625
0.664875
0.1305
0.115
0.139875
0.114
0.204625
0.42725
0.5535
0.6505
0.122625
0.125625
0.156125
0.1525
0.2385
0.3885
0.54075
0.64725
0.1275
0.131625
0.1395
0.131375
0.236875
0.41
0.564375
0.6715
0.128625
0.13775
0.123625
0.144625
0.218125
0.391875
0.527375
0.63825
0.127625
0.14775
0.1215
0.1295
0.233625
0.411375
0.551625
0.653
0.11425
0.12825
0.134375
0.140875
0.23575
0.397375
0.5245
0.63275
0.127
0.1085
0.1325
0.130125
0.209375
0.408875
0.544375
0.659125
0.13175
0.120125
0.129875
0.14075
0.238125
0.42225
0.535375
0.623375
0.12875
0.112875
0.141
0.12525
0.203625
0.415625
0.524875
0.630125
0.13425
0.139875
0.146
0.124625
0.208625
0.37625
0.496875
0.6135
0.1165
0.1415
0.150625
0.147375
0.240875
0.402875
0.550375
0.64775
