0.134125
0.130625
0.120375
0.1155
0.247
0.408625
0.55275
0.672625
0.1215
0.1085
0.119
0.14375
0.225875
0.391375
0.53525
0.6675
0.13725
0.121625
0.1265
0.13925
0.247375
0.411125
0.558125
0.6865
0.144375
0.125625
0.107125
0.13975
0.221
0.401625
0.542625
0.649125
0.140375
0.12775
0.132625
0.13
0.20375
0.40725
0.558
0.64475
0.12775
0.1185
0.12125
0.152375
0.224875
0.40825
0.56325
0.661625
0.12125
0.09075
0.144625
0.148125
0.22175
0.41475
0.54175
0.648375
0.126375
0.10775
0.126
0.140125
0.213625
0.38675
0.543375
0.641375
0.12175
0.1325
0.13
0.153625
0.24525
0.417875
0.558125
0.658875
0.1185
0.141375
0.126
0.138875
0.243375
0.412625
0.50625
0.622
0.115375
0.113125
0.120875
0.1345
0.239375
0.4005
0.521125
0.64625
0.120875
0.110375
0.138125
0.1305
0.222375
0.398
0.52825
0.64175
0.138375
0.127875
0.131375
0.126125
0.250875
0.419
0.544375
0.67775
0.125
0.125375
0.139
0.150375
0.222
0.399875
0.531125
0.63225
0.1285
0.14625
0.141375
0.159
0.228625
0.403125
0.5155
0.62075
0.114875
0.114625
0.129875
0.151
0.215625
0.385125
0.510125
0.64
0.12275
0.122
0.111375
0.163375
0.216375
0.38075
0.51125
0.642625
0.115875
0.114625
0.1165
0.130625
0.2135
0.3985
0.506875
0.662
0.122875
0.131375
0.102
0.15375
0.224875
0.389875
0.5075
0.62275
0.132375
0.113625
0.144125
0.171625
0.23775
0.376125
0.516125
0.61675
0.14125
0.13575
0.11675
0.125
0.2315
0.398625
0.513875
0.6345
0.116125
0.128875
0.134
0.139875
0.242125
0.4265
0.555
0.67925
0.148375
0.119875
0.13875
0.14275
0.2015
0.41475
0.548
0.678625
0.143375
0.120375
0.132125
0.13
0.218875
0.428
0.583375
0.694375
0.130625
0.129
0.13575
0.13475
0.216375
0.407
0.5505
0.658375
0.129375
0.1205
0.123375
0.14025
0.21225
0.41225
0.556625
0.654375
0.140125
0.115625
0.13775
0.1305
0.25225
0.418
0.551125
0.65925
0.127
0.122
0.12975
0.12675
0.2135
0.39375
0.534
0.635
0.130125
0.111125
0.126875
0.14675
0.214
0.385875
0.545125
0.665625
0.1115
0.127
0.132625
0.134375
0.227875
0.39225
0.544875
0.65575
0.119875
0.123375
0.12825
0.13575
0.240375
0.41
0.5385
0.672125
0.118125
0.12
0.123
0.15225
0.204625
0.365125
0.507875
0.622125
0.113875
0.120625
0.1295
0.136625
0.217875
0.39725
0.53525
0.629125
0.10525
0.130125
0.128625
0.15475
0.23275
0.39125
0.5295
0.626375
0.123125
0.145125
0.111125
0.138875
0.207875
0.37525
0.51
0.639125
0.122125
0.122375
0.122625
0.141875
0.236625
0.40075
0.558
0.651
0.123375
0.114125
0.119
0.13475
0.22125
0.41275
0.553
0.6425
0.142375
0.125625
0.130625
0.143
0.23025
0.422625
0.53625
0.650875
0.121375
0.139625
0.14175
0.16675
0.24225
0.4065
0.5565
0.660375
0.13175
0.116125
0.124875
0.14525
0.207875
0.394375
0.530625
0.6245
0.11675
0.117125
0.133875
0.1405
0.20425
0.377625
0.514625
0.607125
0.13
0.11675
0.135125
0.14925
0.228875
0.407125
0.529375
0.624875
0.14375
0.138125
0.107
0.146625
0.205875
0.391375
0.528875
0.620875
0.117625
0.12725
0.12325
0.14125
0.2265
0.40025
0.543125
0.665625
0.142
0.127625
0.140375
0.149125
0.222
0.407625
0.54
0.629125
