4.088117512990721
2.7630150229961146
10.1023109589878
10.011232127988478
8.668766155984486
10.839074280986097
22.74605851402157
45.263514728983864
6.6161928749934305
4.054038057016442
10.85855545499362
11.63023043598514
8.74422969398438
14.413275186991086
18.998695379996207
54.40098993500578
2.9461163190135267
3.6453598410007544
15.622260606003692
9.67752828297671
9.386360348988092
12.512213002017234
26.57672957799514
54.37359072000254
5.988508562993957
5.330160462006461
12.314857443008805
9.973496529011754
12.148264286021003
12.591801041999133
22.839057099015918
45.26012873000582
6.623968189000152
2.7498371500114445
10.24532896000892
10.794335751998005
11.0160179240047
14.314111223007785
22.68388789999881
45.300194487004774
6.680323417996988
5.32644327901653
10.991682614025194
8.34999903998687
9.962259846011875
12.502548678021412
22.738472029013792
45.29530161002185
2.76265200402122
9.23155403698911
10.990623658988625
9.145473518990912
9.947194690990727
12.664622804993996
22.8087180640141
54.35439953400055
3.3351752189919353
2.744235208025202
10.252571502991486
8.30060306499945
9.820256031991448
12.673541232012212
22.81079028500244
45.38187990800361
2.7751992930134293
4.683439273998374
13.130891246022657
10.009152888000244
9.844056031986838
12.614218289003475
22.762134263000917
45.35313257598318
2.7864761960227042
3.418164684990188
11.64519610098796
11.68096914398484
9.880585979990428
14.324732193024829
22.766838240000652
45.348548275011126
4.02775001100963
3.388236799975857
11.717296293005347
11.740732678998029
8.73630107101053
12.608272564015351
26.508097054000245
45.23230426799273
4.713553251000121
3.436991840979317
10.818860920000589
9.207068891002564
11.764798607997363
13.293004316015868
23.164136641978985
54.95597045798786
3.042081152991159
6.631982837978285
10.179441534011858
10.888191784004448
9.93300371800433
12.642620434984565
22.557912969990866
54.35212525000679
3.4159492810140364
2.7501207560126204
11.581607886997517
10.072802712005796
9.978086923016235
14.521725352009526
22.816383055993356
45.38685116000124
3.398423353995895
4.090749862021767
11.73835801097448
9.015645411011064
9.96322957900702
12.571072288003052
22.837706802005414
45.35359685900039
4.047797770006582
4.69624511298025
10.838810576999094
10.053429788997164
8.902007324999431
14.353074676997494
18.869079879979836
45.37363950998406
2.746138451999286
3.400693424977362
16.100530133000575
9.203249989979668
8.951291027013212
14.262198180978885
22.77034128998639
54.331006715015974
3.4251815150200855
6.040371025999775
11.618122332991334
9.968932007002877
9.98603379999986
14.364076894009486
22.689159583009314
45.29735160898417
4.683258367003873
4.051239958003862
8.82740727197961
8.364946133980993
9.947501376998844
14.532551242999034
22.756241935974685
54.32834105199436
4.049978731985902
4.049896114011062
11.039064326003427
10.009368625003844
8.736970590020064
10.836967968003592
22.634902917023282
45.22376215597615
7.951755610003602
6.612439457006985
11.08835176800494
9.230614352010889
8.680693689995678
10.833297612000024
26.486005218001083
54.14350907001062
5.336059888009913
2.734047645004466
12.422925369988661
9.992330998007674
8.409439693990862
13.14145056399866
19.39540451701032
54.47553751498344
7.251764567015925
2.7697437680035364
10.388322407001397
8.37498024298111
8.78224664501613
12.50444955099374
22.55054817799828
45.176593187992694
2.73474762000842
4.677056891989196
10.271109068999067
9.969648034981219
8.83423127399874
12.635873174003791
22.66949724801816
54.11920592197566
2.760735741991084
3.376738321996527
8.012356795021333
10.86160800102516
8.888810444012051
12.553840748005314
22.782441791001474
45.20072328101378
2.7268498670018744
3.3728378730011173
11.03336173700518
10.106302970001707
9.953177162999054
12.586640163994161
18.91411780900671
54.121986463986104
2.7789749180083163
4.70769351097988
10.993663109024055
10.896644911990734
8.87022309700842
12.537270667002304
22.630442050023703
54.144085498992354
7.246533311990788
3.4129807179851923
13.774714099999983
8.429661343980115
8.896240946021862
10.703559410991147
22.650003162998473
54.15554815498763
4.087794418999692
4.073980691988254
11.64796894902247
10.040994456008775
13.103431772993645
14.33208375898539
18.925556561996927
45.0561687790032
2.7954766530019697
2.7724203980178572
15.2682322539913
9.136383862991352
9.870465271989815
12.430201209994266
22.63437462897855
63.208113640983356
5.409384419996059
4.677648423996288
14.62630021298537
11.631477863993496
11.546584280993557
13.288221608003369
19.245878059009556
54.68783109000651
3.390482399991015
4.048497848998522
10.907713830005378
10.045901446981588
9.87382908500149
12.575533003982855
22.61356679999153
45.18601176398806
4.021434841008158
4.039710381999612
11.608556924998993
9.19620401400607
8.878071796003496
12.61221168001066
22.52641175399185
45.14038586200331
2.780852452997351
2.790468205988873
11.077322073979303
11.506396879995009
8.866305150004337
12.636671349988319
22.718053536023945
45.035226901003625
4.6819676120067015
3.4375076629803516
11.679194522992475
10.054472908988828
11.025352575990837
12.534473579988116
26.336555902002146
54.10557726200204
6.680963830993278
3.3661179269838613
10.916878446005285
10.810307506995741
8.892829235002864
12.698686905001523
22.70397164102178
54.1341118059936
3.3868577360117342
4.709907194017433
14.514782487007324
9.247077751992038
11.042003982001916
14.371657362993574
22.621447140991222
54.12149036300252
4.700449466996361
4.720666319015436
11.687639996001963
8.348448523989646
8.732526682986645
10.779011350008659
22.579326912993565
45.00059828997473
8.599573565006722
5.943659896001918
14.613048386003356
11.671025876014028
8.887823358993046
12.61993022801471
22.62342538899975
54.24404600801063
5.367095471010543
4.6851461280020885
12.364884654001798
9.899667663004948
8.869776086008642
12.667748666019179
22.655938579991926
45.146234546991764
4.0900234960136
5.400553478015354
12.675246708997292
11.702188518014736
10.743153452989645
13.124195236014202
23.330619084998034
54.316123067023
3.4242814629978966
6.008901203982532
13.906760842975928
10.023582802008605
10.977408170991112
12.578277437016368
22.61790519801434
45.07175811598427
2.7552995609876234
2.769106378982542
8.672801792010432
8.360025636007776
8.820724932011217
12.555683735990897
18.801082836987916
54.06001954799285
2.748915770993335
3.3855415050056763
10.913008556992281
11.478519666008651
8.845616057980806
12.570186828961596
22.616166861029342
45.13224749895744
3.393038787995465
6.644812226993963
12.192040021996945
10.05260354600614
9.914646178018302
12.539776094025001
22.584216106974054
54.17021036002552
