2.4880174399877433
2.5620060740038753
2.7073673069826327
2.6608147219812963
3.128680054011056
3.7907413299835753
5.624107175011886
11.084748743014643
2.4743658720108215
2.5518696709768847
2.5742699730035383
2.7891622990136966
3.0850923630059697
3.6360130160173867
5.7866044639959
11.111385936994338
2.5118436370103154
2.573730656004045
2.6786242639936972
2.6591811280231923
3.060548569977982
3.68812157199136
5.738368907012045
11.09795684099663
2.4862049520015717
2.6045224600238726
2.566629048989853
2.9503073820087593
3.1131941929925233
3.691282763000345
5.800859517999925
11.091731422988232
2.4696796060015913
2.6117543849977665
2.5391336170141585
2.7874211450107396
3.038871034019394
3.637404075008817
5.724757249990944
10.988403352996102
2.5681731160148047
2.5525958510115743
2.565938293002546
3.0876882009906694
3.5718113289913163
4.309486512007425
6.301661137025803
11.562056648981525
3.3035486949956976
3.224964480003109
3.227944856014801
2.786593465018086
2.9386263149790466
3.8412800839869305
5.665439564007102
11.063752212998224
2.5996444699994754
2.4452398709836416
2.7175805900187697
2.6935831239970867
3.033719328988809
3.662079633999383
5.747585325007094
11.103544388985028
2.5075482859974727
2.631523616000777
2.5439448050165083
2.8493542809737846
2.9218171079992317
3.76607686697389
5.697236539010191
11.130399054003647
2.6200825669802725
2.494255091995001
2.7033627450000495
2.6832180679775774
3.0795058619987685
3.6559784839919303
5.7733628599962685
11.016463220992591
2.447149081999669
2.5889517900068313
2.5681360349990427
2.792622047010809
3.088171097013401
3.6823185500106774
5.750136248010676
11.022348477010382
2.578762869001366
2.5062553139869124
2.691530274983961
2.778558484977111
2.913419826014433
3.819060883979546
5.666640167997684
11.094999544002349
2.608669255976565
2.492942704993766
2.6931836679868866
2.6337118220108096
3.0698678490007296
3.6642495919950306
5.776439600012964
11.05442294999375
2.5056401629990432
2.585832000011578
2.666867630003253
2.6340919960057363
3.1496660640113987
3.636896963987965
5.79824640697916
11.040140230994439
2.474347179988399
2.562310235982295
2.5395333880151156
2.825506423978368
2.9907199869921897
3.688226277998183
5.810481413005618
11.1228733320022
2.4556355770037044
2.600860303005902
2.541479840001557
2.8049030539987143
3.0852747420140076
3.6893201890052296
5.761491229990497
10.948913433996495
2.5656996129837353
2.6019697320007253
2.537460243998794
2.7945268299954478
3.0705911690020002
3.622000671020942
5.733656719996361
10.980536341987317
2.5852979539777152
2.5708061309996992
2.565551289007999
2.800062563008396
2.9527984889864456
3.8115713220031466
5.789843058999395
10.984975644998485
2.5748049009998795
2.566121401003329
2.585089292988414
2.793076484987978
2.9808581830002367
3.799443105002865
5.796947574999649
10.969682568014832
2.5969027190003544
2.6069669779972173
2.5395755149947945
2.8262591359962244
2.9548201790021267
3.7626118850021157
5.709042016998865
11.129502175987
2.512855398003012
2.6015132509928662
2.5430161120020784
2.8054153060074896
3.1024793500255328
3.6643921229988337
5.773396137985401
11.129486388002988
2.563695911987452
3.123906541004544
3.3548434039985295
3.520555647002766
3.647905806021299
4.262502749974374
6.298033655999461
11.055900548992213
2.6026255500037223
2.498107669001911
2.702858575998107
2.8087580999999773
3.062906351988204
3.6302272530156188
5.749168997979723
11.164883512014057
2.4470146060048137
2.6078696939803194
2.715157091006404
2.6817489489912987
3.041540008998709
3.770808494009543
5.782876946992474
10.937743644986767
2.599378806015011
2.5928899999998976
2.525490797997918
2.7755540090147406
2.946491764014354
3.7593600599793717
5.7554664709896315
10.979385882004863
2.585933345981175
2.5897859999968205
2.5673818009963725
2.751633280015085
2.986286397004733
3.773385946988128
5.793863920000149
10.915251308004372
2.6128772590018343
2.539848479005741
2.5589212109916843
2.83328240699484
3.0732537930016406
3.657818050996866
5.796714896016056
11.118930803000694
2.4462106690043584
2.597201264987234
2.7337494649982546
2.6652011630067136
3.0461652489902917
3.8141759040008765
5.644017896993319
11.098667565995129
2.600356095004827
2.4573500599944964
2.681926964985905
2.649640632007504
3.021010771015426
3.7606178720016032
5.663769573002355
11.024363153002923
2.5931660489877686
2.485574312013341
2.7264750100148376
2.774711889011087
2.935298065014649
3.7788765180157498
5.765296725003282
10.951434171001893
2.5797261970001273
2.5824241770023946
2.5901969879923854
2.7750741399941035
3.0331835169927217
3.6397438590065576
5.747585531993536
11.182316077989526
2.5116784060082864
2.588789989007637
2.582861975999549
2.7722973659983836
3.08007318599266
3.648708944005193
5.801590670016594
10.946628389996476
2.604949428990949
2.5944773730007
2.5928994989953935
2.860108659020625
2.9484042930125725
3.752816330001224
5.656149397982517
11.115007232991047
2.586224814003799
2.4926766590215266
2.6634975979977753
2.6662118649983313
3.0803383809980005
3.7676439770148136
5.613758521998534
11.042048115981743
2.583526377013186
2.4470670870214235
2.697388473985484
2.6322830380231608
3.0586917809851
3.637256643996807
5.773882180976216
11.122596363013145
2.4995449490088504
2.5878916069923434
2.677022454008693
2.6843020349915605
3.043782877997728
3.6097666420100722
5.749958162981784
11.021947973000351
2.636965824989602
2.8391278810158838
3.2703342720051296
3.1285020030045416
3.661214420979377
4.220064891007496
6.4283612789877225
11.692158224002924
2.9825389760080725
3.2426278610073496
2.556444506975822
2.8341013499884866
2.9377497769892216
3.778362846991513
5.629924156994093
11.114326987997629
2.5856988370069303
2.4366953920107335
2.6686735710245557
2.662626781006111
3.095359044993529
3.7924776340078097
5.626295661000768
11.129435504990397
2.624077340005897
2.4325726440001745
2.6872275219939183
2.6629911689960863
3.071904975018697
3.650073300988879
5.750040529004764
10.996831514989026
2.5642539860273246
2.6208258389960974
2.5689552499970887
2.800225752987899
2.9180632820061874
3.774487885995768
5.652843873016536
11.090689286997076
2.585515094018774
2.489473691995954
2.6623188809899148
2.7722816150053404
2.915808597987052
3.779091731994413
5.6208157579822
11.076950054994086
2.57712327002082
2.466118964017369
2.70610355399549
2.6477057400043122
3.0647086599783506
3.648266750999028
5.831266530993162
11.06578897201689
2.483637656987412
2.5860609899973497
2.5527382389991544
2.7503784979926422
3.0423778950062115
3.671409984002821
5.725461510999594
10.985285389993805
2.60891587799415
2.6008192249864805
2.5493391850031912
2.871625069004949
2.981876698002452
3.752895295008784
5.65236688501318
11.06090089699137
