0.07817685600093682
0.08094123599948944
0.15574979299708502
0.2585943589983799
0.6210906829983287
1.1889742439998372
3.2789970810008526
8.251779520000127
0.08909391199995298
0.0861649220023537
0.16405817099803244
0.2576479709969135
0.6116880339977797
1.179693212001439
3.2712031089977245
8.324001332999615
0.08556502600185922
0.07629515599910519
0.16348597700198297
0.24359552199894097
0.6250501050017192
1.1952270889996726
3.2335032950031746
8.226074304999202
0.08957201500015799
0.07790605199988931
0.15530420600043726
0.24383832500097924
0.636209478998353
1.1983574950027105
3.248257494000427
8.231122196000797
0.08136654199915938
0.08186374100114335
0.1805385279985785
0.2809208109974861
0.6231835280013911
1.1998295030025474
3.2555291009994107
8.22841038000115
0.08304873700035387
0.0822100400000636
0.15949319599894807
0.2533394000020053
0.6174208500015084
1.1936084310000297
3.2523489319974033
8.256127740998636
0.08319793800183106
0.07861745199988945
0.15730700399944908
0.25397879899901454
0.6328968039997562
1.20282610799768
3.309403467002994
8.276335312999436
0.0779801540011249
0.08058054600041942
0.1814332280009694
0.2707644469992374
0.6511470490004285
1.2275373340016813
3.2951269219993264
8.390158677000727
0.07701625699701253
0.07993694800097728
0.15753200400286005
0.2863396990032925
0.5081162999995286
1.336462692997884
3.1233235689978756
8.376241639001819
0.07873165199998766
0.07759815499957767
0.1630903869991016
0.25898678500016103
0.6154588640019938
1.228654133999953
3.2676253200006613
8.35781950800083
0.08377843600101187
0.08853772200018284
0.1621335240015469
0.25958098899718607
0.629391697999381
1.194166706998658
3.2304432570017525
8.251827526000852
0.07683310600259574
0.08629397999902721
0.16192668300209334
0.29622383099922445
0.5285057159999269
1.3343922759995621
3.159188384997833
8.406003298998257
0.0812657800015586
0.08301457400011714
0.16910593699867604
0.24823061600181973
0.6311035520011501
1.3155285379980342
3.1255509539987543
8.38507971099898
0.07719648200145457
0.08126767000067048
0.15995944399764994
0.29200776500147185
0.6184863259986741
1.2014939410000807
3.267569760999322
8.376656413998717
0.07705147600063356
0.08330505699996138
0.1599056329978339
0.2670070179992763
0.6085641139979998
1.1959822829994664
3.2724225589990965
8.218932133000635
0.08641554399946472
0.0847286489988619
0.17814267200083123
0.2983154129979084
0.565063119000115
1.3070178060006583
3.155855885001074
8.395497120996879
0.07986596100090537
0.08646884100016905
0.17541647399775684
0.29597871199803194
0.6397348799982865
1.3480398499996227
3.135608972999762
8.398988725999516
0.08072825700219255
0.08426914600204327
0.16914398999870173
0.26447930200083647
0.6176304350010469
1.1889776079988224
3.260845845001313
8.385439342000609
0.0813370540017786
0.07983625899942126
0.16318800599765382
0.2639397010025277
0.6203952209980343
1.2155407150021347
3.2554995290010993
8.35556365499724
0.07682446699982393
0.08899612999812234
0.17078648199822055
0.28606344999934663
0.6251351490027446
1.2195386570019764
3.3187896169984015
8.281273178999982
0.08123387900195667
0.07890768499783007
0.1707116319994384
0.29558288699990953
0.5249132509998162
1.3188440430021728
3.127782791001664
8.418562659997406
0.08012027500080876
0.07733498200104805
0.16197064299922204
0.24995919199864147
0.6376852909997979
1.1843115310002759
3.227186795000307
8.210470919999352
0.07590338199952384
0.07742937800139771
0.16656112099735765
0.26116124799955287
0.6309006789997511
1.2184933770004136
3.238349721999839
8.42408646200056
0.07659167699966929
0.08237685999847599
0.1984854219990666
0.29176394900059677
0.5130149030010216
1.3136559610029508
3.2650234479988285
8.265413991000969
0.08392895399811096
0.07591447699815035
0.1755740840017097
0.28445366400046623
0.5239103589992737
1.337378563999664
3.163309482999466
8.384631987999455
0.07713927299846546
0.0769805730014923
0.15915352999945753
0.2509417580004083
0.6310303360005491
1.209771024001384
3.2163930869974138
8.205526919002295
0.07857416700062458
0.07961416400212329
0.1547731409991684
0.24792826600241824
0.6209787590014457
1.191455866999604
3.2844858589996875
8.373643756000092
0.07797406900135684
0.07860406699910527
0.16535090900288196
0.2935890289991221
0.5121644780010683
1.3021829309982422
3.1180358359997626
8.433441835997655
0.08506284699979005
0.08222425500207464
0.1639098119994742
0.2635200160002569
0.6500990660024399
1.1885147649991268
3.2507159289998526
8.217399148998084
0.08120625800074777
0.08428291300151614
0.17295911199835245
0.27228928100157646
0.6365904330014018
1.209593378000136
3.273122272999899
8.214491264996468
0.07590631600032793
0.08246679900184972
0.16663919100392377
0.26031795499875443
0.6206079500043415
1.2007484790010494
3.221543332998408
8.421546977995604
0.08191618999990169
0.07890749599755509
0.16289777599740773
0.29047824099689024
0.5128184519999195
1.3239915029989788
3.1204893160029314
8.407631767004204
0.07966168699931586
0.08885036099673016
0.1648789550017682
0.26887147199886385
0.6653467910000472
1.2401415170024848
3.2163528009987203
8.306709099000727
0.08954005399573362
0.08312557000317611
0.18510308799886843
0.29777737500262447
0.5477058789983857
1.3322423930003424
3.114394716001698
8.398769127998094
0.07778148200304713
0.07981117600138532
0.17104811999888625
0.2665771500032861
0.6394759999966482
1.1977772230020491
3.253509115005727
8.29530594899552
0.07589168500271626
0.07672728200122947
0.1626872389970231
0.2612826580007095
0.6312123070019879
1.2084542629963835
3.2873543440000503
8.299064457001805
0.0819654660008382
0.0794427729997551
0.15344286200706847
0.24761629299609922
0.6185395319989766
1.180115224000474
3.2646174559995416
8.25496615999873
0.08642435199726606
0.07885977399564581
0.1546442559993011
0.2545019700046396
0.6230113120036549
1.179857210998307
3.276832885996555
8.234443032000854
0.08191986400197493
0.0727186910007731
0.15468045499437721
0.24613499200495426
0.61576922799577
1.1937546629997087
3.2492790410033194
8.31075495499681
0.07566578199475771
0.08113256600336172
0.1592574410024099
0.2592436960039777
0.6152605259994743
1.182834973995341
3.2605973840036313
8.24929028099723
0.08112557699496392
0.07869958300580038
0.16199685299943667
0.24913041099352995
0.631182851997437
1.1793224280045251
3.2418510900024557
8.246328740002355
0.07219459799671313
0.0887503519988968
0.1617079480056418
0.25881417500204407
0.6344781209991197
1.192999052000232
3.2664869240034022
8.240254222000658
0.08502365999447647
0.08889784899656661
0.16998572000011336
0.2550307799974689
0.6252743329969235
1.1940986229965347
3.276660625000659
8.402288496006804
0.08925254700443475
0.0830314639970311
0.16769682399899466
0.29622055800427916
0.5314421900038724
1.3242168340002536
3.143192158000602
8.439426776996697
0.07784077900578268
0.08603945500362897
0.1668433249942609
0.29622875600034604
0.5430858510007965
1.3669993990042713
3.1280435700027738
8.355354835999606
