0.1095666973973477
0.12360825473370683
0.10233316786043543
0.14133749379476632
0.5542869300049642
0.7338486632153748
0.812566484646479
0.8624920218424226
0.14358642507909117
0.11496980155306298
0.15616911130284727
0.1946361806154731
0.5388265746333045
0.7094477998274374
0.815933275812482
0.8413143514524015
0.08741662390969727
0.13372242175474602
0.13468445356593126
0.1439840944073884
0.5470112878399179
0.7533991790661878
0.8196511031298102
0.8675602873268343
0.11972430224642613
0.13291354663036078
0.12346834581347856
0.13350918992511912
0.46894145677331517
0.7260891763104153
0.7919503063308373
0.8635976855003403
0.12927954748437034
0.11193807680857398
0.11811551056862162
0.21680559690384044
0.47759749925573086
0.7392825245608812
0.7995683239059244
0.8593331348615659
0.09703239447255153
0.20508948123536963
0.14603941705051726
0.16159480480253718
0.18349316620101186
0.7364645473080118
0.8023861662765235
0.855395303179038
0.13492182802164762
0.10305171377029465
0.17814191220685507
0.1493535778713169
0.6198135898977751
0.7796903187011425
0.8196782922429344
0.882291040288635
0.10488390712570056
0.11462503336002135
0.1431144915932746
0.1399119295436349
0.5350280224179343
0.7654123298638911
0.8432078996530558
0.8692287163063784
0.09070631970260223
0.09327475498479217
0.14106116931395743
0.15032105441027374
0.6239270023656641
0.7683001013856032
0.8448800270361608
0.8764447448462318
0.13482079278423925
0.11962971754094469
0.11092649734947385
0.16306669831474008
0.5731466097001345
0.7758525199778463
0.8256982356199066
0.8695308173114962
0.1299151604573958
0.09435632607893767
0.13308742161564
0.19092585761711545
0.49022500922168943
0.7389893028402803
0.8072298045001844
0.8616746587974917
0.17455213596692695
0.1476474834306713
0.13045475424896646
0.15401273049412692
0.5945928210512501
0.750311700242798
0.817967058205919
0.8622613032351204
0.10959723514555364
0.08234746776551907
0.1229562674464974
0.14900970357570117
0.4736807124817227
0.7284328060614117
0.8131729363285923
0.8408214807922372
0.11233514352211016
0.12676493405740885
0.13188518231186966
0.14553917765709853
0.5311869666408068
0.7076803723816912
0.813033359193173
0.8554693560899922
0.17407561279601164
0.17095970087245535
0.09479296496330149
0.15690347597285695
0.5914000830909846
0.7929649633014818
0.8397728846420164
0.8788256474172552
0.13258717176065432
0.10639977041182379
0.12835413976180227
0.20390299899555173
0.5644281819486296
0.7350408953938872
0.8247955230305639
0.8646147223417994
0.1532454231212393
0.11080527461272564
0.15113301753936756
0.1577262834464217
0.6239918064268339
0.7506081167584177
0.822429906542056
0.8830495455127384
0.12612612612612611
0.104867457385443
0.15969926761293668
0.19586492967787933
0.6214919955927151
0.7454792922418821
0.8316806014647741
0.8648000518504115
0.16522263241166277
0.11150455812551797
0.11805921796127476
0.16921570104723876
0.5080238077299781
0.783771566337678
0.8139832743162811
0.8664205530023356
0.12080944350758853
0.13025295109612142
0.1157504215851602
0.18293423271500844
0.5258684654300169
0.7966273187183811
0.856795952782462
0.8809443507588532
0.11840010612894666
0.08039267710267975
0.11097107986203236
0.14460068983815336
0.5340275935261343
0.7513929424250464
0.824820907402494
0.8643539400371452
0.10649717514124293
0.12612994350282486
0.1614406779661017
0.32033898305084746
0.5718220338983051
0.7424435028248587
0.813135593220339
0.8632768361581921
0.0735925271396112
0.21124715980812925
0.11783640494824539
0.1338045947992931
0.6699065892451401
0.747096692754355
0.8317975258773037
0.8635445594546831
0.15545332566609163
0.16535684620791002
0.12657338189253084
0.14574148616701807
0.6167657018720849
0.7706216855153025
0.8294677656379784
0.8591144335825187
0.12419414597999259
0.13938495739162654
0.14020007410151908
0.12463875509447944
0.5596146721007781
0.7487958503149315
0.8246017043349388
0.8689885142645424
0.11577058549877052
0.145876254402871
0.13012560643317606
0.1347112381205556
0.6548813717020004
0.7995613743603376
0.8551206220509071
0.885026915664252
0.11092953327232317
0.09746372074781016
0.12831742711465552
0.16485815139233886
0.6223689371159629
0.7714733952150608
0.8280821022355863
0.8693946921166166
0.09941967986735539
0.11083476819080416
0.09336139276831834
0.21101970537593265
0.5923091639563803
0.7868120655570435
0.8282635036030865
0.8651871691856386
0.10890531502991904
0.11749384019711369
0.1345300950369588
0.10813093980992608
0.5241112284406899
0.7496656107004576
0.8090813093980993
0.8513199577613516
0.10692932217257221
0.07502045440241677
0.14399899301403488
0.17597079740701113
0.550380766568066
0.7838127006104852
0.8307634212348165
0.8742526276040028
0.08460754332313965
0.13525739041794088
0.1170361875637105
0.29963047910295615
0.5474643221202854
0.7406982670744139
0.8149847094801224
0.8722604485219164
0.1310192023633678
0.1296898079763663
0.11100443131462334
0.1400295420974889
0.5312407680945347
0.7531757754800591
0.8141063515509601
0.8641063515509602
0.09210177577524516
0.11171481579644844
0.10780545984627617
0.12218393851046912
0.5932944606413995
0.7733236151603499
0.8469387755102041
0.8676782401272197
0.1973538421429968
0.09678680831649612
0.09939386039236134
0.14768950009776446
0.6257576745095483
0.774815876947142
0.8290425601251386
0.8751222055660561
0.08915172326084192
0.09659163169273814
0.1304845478824876
0.12476154139641359
0.6464453770825385
0.7893297723515198
0.8302174742464709
0.8817245326211369
0.13073739653875094
0.2020316027088036
0.10484073238023577
0.1657888136443441
0.6364434411838475
0.7695635816403311
0.8355279658891397
0.8811136192626035
0.16355379770013917
0.1920457042408262
0.14011572548157913
0.17703068922581117
0.5713030103274006
0.7476745037720648
0.8154984252545228
0.8655973046216948
0.12714350916085285
0.09741148855708417
0.14879050661798265
0.21607876377388016
0.5925539544891439
0.73084697137641
0.847753798004825
0.8709004368520571
0.10816164817749604
0.12823560486001057
0.11984944532488113
0.116283676703645
0.570324881141046
0.7305863708399366
0.8196645536185948
0.8772451135763338
0.13643363104404066
0.12781028641823222
0.1032491530643671
0.13781952571604558
0.516938712657838
0.7580843855866954
0.8176778564829073
0.8564059131506006
0.09580467675378267
0.2170563961485557
0.16217331499312243
0.12592847317744155
0.5914718019257221
0.7904401650618982
0.8330123796423659
0.8664374140302613
0.15205192346697316
0.0979649787032655
0.15867757420052736
0.1558380096004327
0.6032046514772497
0.7499154891488067
0.8289500371847746
0.8581569873571767
0.1465005931198102
0.09760115987873995
0.1287729010148939
0.12053512587320417
0.553314880717016
0.7482535916699617
0.8192302622907605
0.8719520231975748
0.13932190179267342
0.21421148350220837
0.12977396726422447
0.339698623018966
0.5941803065731359
0.7249285528708755
0.835216939464796
0.8631462717588985
0.09157437989767502
0.14675215335794314
0.13088530535587073
0.168577164691406
0.6014506832459038
0.7596010621073764
0.838093387733955
0.8698918463830063
