0.13084065743085554
0.12637171656983961
0.1611798003873082
0.18124037936342421
0.28154327424400416
0.41153979840111227
0.542529420527335
0.6200407170167337
0.1308397100281917
0.13154450261780104
0.17685259766411598
0.19039468385018124
0.2561921063229964
0.3996173983084978
0.5308095046314941
0.6196133709222714
0.10364183393955723
0.14428128788899366
0.1628272486416094
0.1792626521172931
0.2876644662984418
0.39745835017288605
0.5365755085544928
0.6215815707934798
0.13006434699714015
0.16110581506196378
0.16354861773117255
0.1701620591039085
0.2423141086749285
0.4005600571973308
0.5100691134413727
0.596937559580553
0.1174631299181823
0.13184637031632707
0.16087341706185834
0.18567929542967326
0.26421387253113765
0.3975194121632185
0.513523372765647
0.5842409713898588
0.11858940467378662
0.12821190652426773
0.1673892354869409
0.19800148038490006
0.29655281801839906
0.3718409643650206
0.5089880511790208
0.5939515702654119
0.10967843797694858
0.12136203357718015
0.1592021472554076
0.20409452134098205
0.29387926951213095
0.4564496605441819
0.5603915583390348
0.641492553023525
0.12118097729608521
0.1616836401009063
0.17938895636737362
0.1735494721106232
0.302298421003457
0.41665888068765766
0.5588152854339905
0.6403812015322806
0.1361506790970612
0.1318915337655577
0.14793431451422082
0.19554209455302635
0.2719227674979887
0.42255454072216175
0.5516539681037339
0.6452131938857603
0.12054733809761232
0.14508891474156557
0.12509002271342307
0.19965652872417042
0.2624231344523849
0.41177774084538254
0.535704393108415
0.6112680737909257
0.1346074380165289
0.15041322314049588
0.15309917355371902
0.16291322314049586
0.24483471074380164
0.3958677685950413
0.5243285123966942
0.6137913223140495
0.10774178727314496
0.13769813921433494
0.12363886974500345
0.15341144038594073
0.26634504939122444
0.4040431886055594
0.513255226280726
0.6040431886055594
0.10795718939041414
0.12368543508608655
0.15006979990693345
0.17501163331782224
0.26337831549557933
0.40255932992089344
0.5256398324802234
0.6143787808282922
0.12791960890820206
0.12368278109722977
0.14242259641499186
0.17745790331341663
0.2670831070070614
0.36333514394350896
0.5085279739272135
0.580336773492667
0.10937121248848597
0.11063169632035681
0.19251466524458236
0.17336500702962138
0.2626169583555534
0.41183885199011006
0.549037669074514
0.6335385659572406
0.10986637194815634
0.10690244147493218
0.1532703707424897
0.21023811916005225
0.29016376971767305
0.4321812518838541
0.5513915402391238
0.6407113433135738
0.11375554659136748
0.14078257361839452
0.17202276903769442
0.2033974272780243
0.25776522791448164
0.4282640849805029
0.5440813948276635
0.6255210434314912
0.09066981303321837
0.12633871846070066
0.1689508077691051
0.20448357233617717
0.27568524233073155
0.4183154837538573
0.5350789616990379
0.6284262116536576
0.12054230850390378
0.12629246676514033
0.1451255539143279
0.18564043047056342
0.28407891960329185
0.3907469930365056
0.5249525216290356
0.5981219666596328
0.10867614414584613
0.13323572474377746
0.1687526566854012
0.2208000755679403
0.28626080385396496
0.42908421102347327
0.5758749350588013
0.6503093562556086
0.1077930522013747
0.12571985881478728
0.16092327698309492
0.21646851198216607
0.29360951142485603
0.4090655768159019
0.5309307077837637
0.6162920304662828
0.15546654798991247
0.12535232161400386
0.19443208228254957
0.19947584433565743
0.3052465015081838
0.43663155812688526
0.5595608960094941
0.637046926766553
0.10663779388368393
0.12869011843733427
0.15843203111189677
0.19290259855046846
0.2738200459607566
0.3975163514230157
0.5410995227152201
0.6294855930705321
0.09376817429427817
0.14579698474477698
0.14239699369212186
0.21285733458596162
0.30564130094394487
0.3966805350512235
0.5501274996644746
0.6305641300943945
0.1237482488455352
0.12006433871218804
0.15519120012452653
0.196907590930317
0.2992787837907954
0.40611217765786334
0.5263321745446998
0.6079489441187153
0.09944160074453234
0.14388087482550024
0.14946486738017684
0.20483946021405305
0.30158213122382505
0.4493252675663099
0.5829222894369475
0.6552815262912983
0.09085083985537096
0.15785619479152363
0.1458190306192503
0.18124399286008513
0.2908142249073184
0.4379605473934734
0.5283994690832532
0.6221337360977619
0.1015405224380442
0.16526010270149588
0.1749944183969636
0.18137977227059612
0.28604599240901984
0.41701272605492296
0.5373520875195356
0.6316588524224157
0.11785291798107256
0.13125985804416404
0.1493986593059937
0.18690851735015773
0.2819400630914827
0.44962539432176657
0.5511632492113565
0.6255914826498423
0.12730798043449523
0.13462301150134404
0.16969990746045036
0.20680386022121358
0.26448684616401535
0.39571674084519454
0.5324108756004055
0.6128321508835324
0.12302613970916228
0.11548755464358998
0.18021232937817824
0.22223213489160495
0.2549290748505665
0.404362565795343
0.5438040860023196
0.6150414845213668
0.11692005378012205
0.12379770400248216
0.14013858723756334
0.1992450098252146
0.27277898438307996
0.4133829765229083
0.5178405212534906
0.5909608025648981
0.10828114126652749
0.10484806309440965
0.1784736720018557
0.21878914405010438
0.2957086522848527
0.42542333565298074
0.5629784272790536
0.6480630944096497
0.09906908825408414
0.13991055945970612
0.13803960938213014
0.21424660034681026
0.269918773386876
0.39527242858446654
0.5270146938030483
0.6118919412247878
0.14483526268922528
0.11963490650044524
0.16050756901157615
0.21268922528940337
0.2993321460373998
0.39643811219946573
0.5491985752448798
0.6310774710596616
0.09926680423233965
0.14883435044123458
0.15458576634324098
0.19076261140624315
0.30131272775167933
0.42020459235193397
0.5456381437414937
0.6368266233481144
0.13693009897943484
0.1426739832811939
0.14800759013282733
0.18457356787527565
0.29719472793476587
0.42597056259295346
0.5639776398789682
0.6316734191497
0.1212563915266618
0.11678232286340394
0.1587381300219138
0.17384952520087654
0.2850164353542732
0.418644996347699
0.5308162892622352
0.6223520818115412
0.09977345230939942
0.10227010032826298
0.15317397937953672
0.24776919876092285
0.28674464838873737
0.4267418743353831
0.5512506357205603
0.6315132461047668
0.1376354520459324
0.13731198447355653
0.15219149280284652
0.18496954013693462
0.27915251496037524
0.4077308749797833
0.5254191600625371
0.6017035958811796
0.10526822690937108
0.11422517576808244
0.1393142637002793
0.21968602523355485
0.31017047096214967
0.40041413849561786
0.5656361359915246
0.6417220456515458
0.09666272189349112
0.14792899408284024
0.14996449704142012
0.20293491124260354
0.28255621301775147
0.41140828402366864
0.5329230769230769
0.6170887573964497
0.10580960730930737
0.15846061556919386
0.15850676018642426
0.20700475289557474
0.27105348161137005
0.4254995154815191
0.5415070831987449
0.6323658345254026
0.15126432599599782
0.13643805712206658
0.17509550663998544
0.21143350918682918
0.2983445515735856
0.4096325268328179
0.5670365653993087
0.6392122976168819
0.09468099578288668
0.1431097809821793
0.13258967033963634
0.16741486419081303
0.2559742438670476
0.42289030970842967
0.5440983086201424
0.6286219561964359
