0.09056095312389192
0.23147294518119282
0.0981490674420254
0.08545493227430678
0.2243103326005248
0.2353024608183817
0.5936458407205163
0.7549109992199134
0.1177739430543572
0.12704918032786885
0.08052919183203912
0.10720448662640207
0.16896750071901065
0.17090882945067587
0.5142364106988784
0.7606413574920908
0.09100820933812212
0.10505387378142637
0.146549512570549
0.09030271934325294
0.1112108773730118
0.1542457670600308
0.5548358132375577
0.788801949717804
0.12508509189925118
0.11189584751531655
0.11844792375765827
0.11989448604492853
0.13895507147719538
0.20141252552756977
0.5865384615384616
0.7511912865895167
0.09898779398630544
0.12607919023518904
0.10985412325096755
0.15384042869901757
0.12310211372432271
0.14691872581125334
0.18971420065495684
0.7483626079190235
0.11772257041455864
0.11258778222457147
0.10465906516650306
0.12693498452012383
0.13161670316393567
0.1866646530242392
0.5757003700067961
0.7533791436985577
0.15784726398075766
0.0916265784726398
0.13281719783523752
0.11582982561635598
0.125
0.15085688514732412
0.6094407696933253
0.7870565243535779
0.14811849479583666
0.10828662930344275
0.1106218307979717
0.11836135575126767
0.136776087536696
0.2146383773685615
0.5770616493194556
0.8092473979183347
0.12869212571814803
0.228387968908415
0.07563366002027712
0.19553903345724907
0.10490030415680973
0.19641770868536668
0.5624197363974316
0.7620141939844542
0.10530896431679722
0.13972624416488647
0.11472426616029749
0.11923411662315056
0.15444259830682808
0.18078961943191707
0.5757575757575758
0.7499802199541102
0.1363334562891922
0.0984138694208779
0.09199557358908152
0.10431575064551826
0.09147915898192549
0.1931390630763556
0.616599040944301
0.749981556621173
0.07585799593149156
0.18544523918892317
0.09278824069820854
0.13071723866395432
0.1570313012664873
0.10387820723144563
0.6251722553973358
0.7495898681015815
0.11145819486906819
0.07776153130400107
0.11817094244317426
0.11378439452346138
0.12043067925029909
0.1683503921307989
0.15000664628472685
0.785790243254021
0.10504266873545384
0.09069045771916213
0.08665632273079907
0.10791311093871218
0.1243599689681924
0.2039565554693561
0.17564003103180761
0.7599689681923972
0.14582467802243457
0.09963993906661127
0.10047084891289296
0.09846281678437889
0.09597008724553385
0.22676914554770808
0.19145547708073674
0.7794626782994045
0.0845171473669106
0.08021236906299326
0.08336920648586597
0.14485578992681877
0.2299469077342517
0.16838857798823362
0.6305065289137609
0.7752188262304491
0.11259761874279861
0.07470234284982717
0.08827294840609397
0.09006529253616695
0.17315324542312124
0.16156702086800664
0.5304058379208808
0.7689156318013058
0.08782163458422451
0.18445783913409813
0.22354008684943938
0.1077192300213883
0.17719878151532828
0.12048739386868883
0.11342277529327889
0.768811977445071
0.08415580501770512
0.15256535824606343
0.19219468093121375
0.10284035259549461
0.13712047012732614
0.18684547577789498
0.5638514277103895
0.7449709937467038
0.24080944350758854
0.19595278246205733
0.09463743676222597
0.09632377740303541
0.12013490725126476
0.15116357504215852
0.5668802698145026
0.8073524451939291
0.08132130538604404
0.11083841867869461
0.07707614751923587
0.11044043512868135
0.1560758821968692
0.1756434067391881
0.5826479172194216
0.8104934996020164
0.10416666666666667
0.08644067796610169
0.11440677966101695
0.15007062146892655
0.15148305084745764
0.14230225988700565
0.20734463276836157
0.7837570621468927
0.174324665488513
0.08451148699823277
0.08956071699065893
0.19774046957838928
0.13304721030042918
0.15987124463519314
0.5501767230497349
0.7768871497096693
0.10440227461504058
0.18069132962749984
0.11462526356143378
0.08657593763976743
0.13481566673056034
0.1836304389495879
0.5818797520925181
0.7952207526675612
0.11263430900333457
0.13027047054464616
0.1760652093367914
0.08907002593553168
0.13671730270470545
0.1164875879955539
0.5870322341608003
0.750129677658392
0.11949225759287566
0.0760284442081478
0.17245962650362198
0.18382401807669302
0.13105602445670234
0.2498836977470592
0.6050375490130923
0.7991626237788263
0.13452738920120277
0.1233494574454177
0.2307491175317035
0.12223820107203556
0.17472872270885084
0.15570662831742713
0.21061576676689764
0.7921296901555759
0.22766405203749762
0.0911293922581468
0.11268414004208915
0.09827179389069575
0.12990242969198393
0.18200369874370256
0.6113130540144124
0.79459218162107
0.0848292854628652
0.09848644843365012
0.25131995776135163
0.13326293558606125
0.13044702569517774
0.19317141851460753
0.1828229496656107
0.7742344244984161
0.123733400465731
0.08785952545786394
0.18251620618037637
0.09497136383661653
0.12744666121215936
0.18276795267165963
0.5647303165712128
0.7759456227578828
0.08766564729867482
0.16265290519877676
0.08110346585117227
0.11244903160040774
0.1835499490316004
0.23279816513761467
0.4948394495412844
0.7680300713557594
0.09763663220088627
0.15686853766617428
0.12001477104874446
0.11912850812407681
0.10420974889217134
0.19527326440177253
0.5886262924667651
0.780576070901034
0.09183673469387756
0.08103631062814737
0.1924860853432282
0.11032335011926848
0.12191889742910152
0.17863768884177048
0.6046912271402067
0.7884309567983038
0.07573486280388451
0.19683243172782378
0.21475591474939712
0.22655282539268723
0.12442156032066741
0.1074757218275435
0.178452714592974
0.7694062438897217
0.09004196871423122
0.21626605621264147
0.17963881470176776
0.07389037263131121
0.13417270761795752
0.1235533511382424
0.5912501589724024
0.8243037008775277
0.1272886882367695
0.11079759217456735
0.16829696513669426
0.14296463506395787
0.20980687233508905
0.16760722347629797
0.5756207674943566
0.7491848507649862
0.0972679997070241
0.25437632754705924
0.1013696623452721
0.14033545740862813
0.14209331282502013
0.23826265289679924
0.5811909470446056
0.7627627627627628
0.07276520831974963
0.18967203494816456
0.07315641911716764
0.12890395774923388
0.12981678294320922
0.20408163265306123
0.15172458759861773
0.7626002477668383
0.09429477020602219
0.07501320655044902
0.0758716323296355
0.18462757527733756
0.122094558901215
0.21724775488642367
0.6188589540412044
0.771526677231907
0.16107175854635047
0.14836772405297197
0.11579919926085618
0.0900831536803203
0.16068678780412687
0.1632275947028026
0.5437326763165999
0.754388666461349
0.2014442916093535
0.1420220082530949
0.12132049518569464
0.1263411279229711
0.1701513067400275
0.08026134800550207
0.5738651994497936
0.7749656121045392
0.19058887161111487
0.11723345277533635
0.2397403826651342
0.08836454600770739
0.19390169697789197
0.22270299506456628
0.5823135690622676
0.7896017848691772
0.07407407407407407
0.07341505206273889
0.10992487149070779
0.1398444708053249
0.08758402530644524
0.18874390404639516
0.17095030974034534
0.7792276262027151
0.06767991686152247
0.08008573655494934
0.09690828786697843
0.12308391790075345
0.16056118472330475
0.21362691608209924
0.23304754481683554
0.7513639906469213
0.09189819312220711
0.08976102584029531
0.1178032510847743
0.17343436305938734
0.17382293892882586
0.1848325885629169
0.1876821449387993
0.20937763098244933
