13.084038761997363
4.145881254007691
6.338709243005724
4.423270669009071
27.307425535007496
29.733454112996696
37.11597998099751
48.24724267699639
6.514275238005212
5.8185867889988
12.902491964996443
9.148505837001721
5.273495763001847
34.67261208999844
43.720118345998344
65.81103373299993
8.256523482996272
6.005145998002263
4.704800837003859
3.4998332430113805
3.663673098999425
29.636253129006946
36.81114097799582
56.08671875100117
4.204875862997142
7.522475275007309
3.5001300040021306
5.240211711003212
6.37167643099383
29.76545820699539
37.18953862800845
54.35218693400384
11.043684033997124
3.4698897729977034
3.5472069660027046
13.491282905990374
3.6498611720016925
30.334750573005294
37.68707451299997
45.89642509999976
6.69969906800543
6.718300545006059
6.917377870006021
3.5573487439978635
7.143780123005854
29.095168504994945
36.66315923401271
39.059106864006026
4.273759114003042
6.730399727995973
22.78221195000515
9.682442188001005
8.212937611999223
29.632433695995132
37.02887002599891
56.252711346998694
6.0731493909988785
4.309388712994405
20.580105511995498
5.388572714000475
6.55774148600176
30.222938156002783
37.68416786500893
56.59960862000298
3.3906206029932946
5.005578884010902
6.106879197992384
6.195898855992709
3.5397966699965764
29.550554408997414
36.725328433007235
56.085884605010506
3.4462027620029403
7.822094817995094
3.517422409990104
5.463341285998467
27.652755767005146
30.303743060008856
37.67198306901264
51.15102000700426
5.075718977997894
4.245094803001848
3.5684297400002833
11.538589870004216
10.90139749798982
29.994059684002423
37.07535137698869
56.30421489699802
3.470764062003582
3.4244315160030965
20.612022304005222
9.038746859005187
3.697622728999704
30.459962777997134
36.909898804995464
57.086624969990226
5.076180296004168
5.849360827996861
3.510339918997488
6.174490617006086
16.262446243010345
29.51196613899083
37.19324956201308
56.19749519700417
4.261048611995648
4.226048728000023
26.56623876100639
9.880297390001942
33.290030268006376
36.28183293400798
44.79401125399454
43.840976960986154
5.181566888000816
6.103836490001413
17.013371306005865
8.573301847995026
10.268447373993695
30.482729133000248
38.10690022200288
57.30038332201366
4.163552929996513
4.982167616995866
3.4278626699961023
7.823969909994048
20.713500719997683
29.808624148994568
36.900103467996814
42.782560471998295
4.242028762004338
3.412674003993743
15.828322593006305
3.575893870991422
7.28081203000329
30.04206609200628
37.38687066800776
43.03692126899841
4.967279194010189
8.354064368992113
25.214250596007332
11.350848444999428
26.87103699200088
29.60681992500031
37.34192558701034
49.34071050499915
7.80945485898701
9.439435538995895
9.58086798399745
6.2185729350021575
3.6625950140005443
29.81575432799582
37.215660572997876
53.67281588399783
6.09175106100156
7.036275031990954
5.487104560001171
3.556810622001649
28.122339299006853
30.49976340100693
37.71675826499995
56.85436914600723
5.899262234990601
3.4057922719948692
18.645290215994464
6.243440821999684
8.343548564997036
30.099813583001378
38.088596960995346
56.63997620600276
3.2406396379956277
7.32316532600089
5.095655222001369
3.4722908370022196
7.966443755998625
28.92191342500155
35.975705987002584
36.6998858480074
3.31595236499561
5.753420945999096
14.617121742994641
10.477236870996421
5.309724609993282
29.477952137007378
36.77357967400167
56.15151102200616
4.026772387005622
5.610316428996157
5.867213855002774
7.601761279001948
9.584638383996207
28.678679308999563
36.14980350800033
55.00308234299882
3.2960093720030272
3.297345280996524
7.824722103003296
12.995358744999976
5.328968956004246
29.10141555899463
36.18763281799329
55.66663109099318
10.78308260301128
4.127115183000569
7.846036064001964
15.857346086995676
6.29657957800373
30.32650854399253
44.37681725699804
67.43602908500179
8.817461205006111
9.91206695701112
15.348120217007818
10.291651220992208
32.009565831001964
34.65277128800517
36.7606881820102
55.75897858499957
3.3074389770044945
6.605227605003165
11.198219322002842
22.591386154002976
16.737017626001034
29.030861613005982
36.516888876998564
44.980612293991726
3.0042829159938265
3.7725840839993907
3.215310605999548
3.1796429209935013
3.329188493997208
27.255110263999086
34.22890558600193
53.72178657000768
5.430697506002616
3.0510088830051245
8.124741930994787
3.2107360229856567
25.038957222001045
27.66984165699978
34.94698039899231
47.000809632998426
14.964428257997497
5.224228766994202
3.868938469007844
7.891699646002962
3.2244824539957335
26.940002543007722
33.98759518300358
47.73178837200976
2.9713905620010337
3.0230932319973363
11.920066488994053
3.1716117030009627
8.249912507992121
27.21158893199754
34.66798560699681
54.33072366399574
4.541168951996951
3.131610170006752
10.371170907994383
5.671866044998751
6.780584213993279
27.67520843699458
34.958175232997746
53.97946691099787
4.663106253996375
3.825189771989244
8.108218295004917
3.250554338010261
25.201956427001278
27.940415592995123
35.27663822199975
51.87371894798707
9.963917378001497
3.777692367002601
11.99042797999573
4.016827797997394
3.3425219420023495
27.308831574002397
34.446074713996495
41.09380825900007
3.625245404007728
2.9008205870050006
4.626394345003064
3.8804519169934792
4.014085603994317
26.49242059601238
33.863939657006995
53.00173794600414
5.419912531986483
3.078965312000946
3.3020623579941457
10.035003336990485
25.427770701004192
27.990664092998486
35.43078086100286
40.227724876007414
8.757211639007437
3.164641780007514
3.435165977003635
16.717317786009517
3.42009958899871
28.496426942001563
35.55331695599307
41.84019306200207
3.8510648910014424
6.095853980994434
4.857544982005493
8.568216335988836
30.163324394990923
33.314286217006156
41.89169602400216
65.96377361599298
5.595568254997488
6.518408010000712
3.841318406004575
3.9202807109977584
4.270144213995081
28.270179525992717
35.62331590800022
47.26901359698968
3.2500256480125245
4.740951428990229
3.4102923709870083
6.72115543000109
4.355917941997177
28.656530535008642
35.77237908101233
47.57452676100365
5.509642678996897
3.194487854008912
3.3103478499979246
5.127775209999527
4.348850198002765
28.75253077999514
36.06412442799774
40.69972659299674
6.449598912993679
6.35367281800427
17.505954445005045
3.4002437089948216
23.40975164200063
28.477573833995848
35.495106763002696
54.69261950299551
5.328507434998755
3.8174164539959747
10.386420876006014
4.009393742991961
24.965601335992687
27.614959235987044
34.63254325800517
53.82781176599383
2.79436238600465
8.416341699004988
2.9288726700033294
8.164367613993818
22.926758111992967
25.659545578993857
32.846997396991355
45.46955306098971
