0.166875
0.210125
0.232625
0.335125
0.365625
0.41425
0.46975
0.506125
0.1845
0.200875
0.265375
0.319375
0.3805
0.42375
0.471
0.51425
0.1275
0.117
0.22325
0.335
0.375375
0.425875
0.46025
0.506125
0.132
0.1925
0.267875
0.346625
0.38
0.4315
0.478625
0.519375
0.162
0.2195
0.253
0.32375
0.36675
0.4195
0.465875
0.5005
0.155625
0.177125
0.300125
0.3135
0.394375
0.439875
0.47075
0.514
0.101375
0.24275
0.2825
0.335875
0.378375
0.44725
0.486125
0.5365
0.137375
0.165
0.2615
0.289125
0.3795
0.43475
0.48525
0.523125
0.165
0.22775
0.241125
0.34525
0.39275
0.43775
0.488375
0.534625
0.16375
0.16675
0.292125
0.350875
0.386625
0.443125
0.4955
0.539625
0.169
0.188375
0.249375
0.321625
0.386
0.447375
0.495125
0.537
0.121
0.22325
0.22925
0.318625
0.376375
0.43375
0.481375
0.52
0.182
0.189125
0.256375
0.334875
0.398875
0.44825
0.4915
0.52925
0.142125
0.1715
0.244375
0.328125
0.39625
0.442125
0.4835
0.5295
0.109
0.202125
0.27975
0.343125
0.412625
0.467625
0.508125
0.552625
0.15675
0.170625
0.298125
0.357
0.40425
0.458125
0.501875
0.544
0.18075
0.19825
0.269375
0.336125
0.397
0.4505
0.500125
0.532375
0.17675
0.214625
0.27075
0.36575
0.39575
0.451625
0.500625
0.54425
0.168125
0.211125
0.300875
0.34225
0.41225
0.453375
0.506125
0.548375
0.181625
0.199
0.305875
0.324
0.394375
0.4645
0.51
0.54775
0.157625
0.150375
0.28975
0.359875
0.416625
0.47275
0.52775
0.567625
0.156
0.188
0.285375
0.35425
0.377375
0.451875
0.495125
0.544625
0.18125
0.212125
0.253625
0.340125
0.402875
0.454875
0.49825
0.53175
0.163625
0.1655
0.281375
0.35475
0.4145
0.46025
0.493625
0.545125
0.156875
0.178
0.304375
0.3635
0.393375
0.44575
0.488
0.53675
0.177875
0.179875
0.263625
0.339625
0.40225
0.470875
0.518625
0.55825
0.170875
0.206375
0.28175
0.361125
0.403
0.46
0.501625
0.558125
0.167125
0.1855
0.25975
0.36475
0.421875
0.477
0.535125
0.573
0.09875
0.191875
0.23875
0.321875
0.366625
0.411875
0.44325
0.493875
0.110875
0.165875
0.259
0.307125
0.377
0.4135
0.459
0.494125
0.160875
0.15725
0.272875
0.342
0.3835
0.428
0.467625
0.505
0.165625
0.204125
0.279125
0.352875
0.36575
0.431
0.464875
0.50875
0.159375
0.1455
0.292875
0.35575
0.381
0.434125
0.487125
0.5305
0.1555
0.145625
0.257125
0.3395
0.38825
0.449375
0.487875
0.537625
0.09875
0.194125
0.281125
0.356375
0.404
0.453
0.5
0.543375
0.17075
0.19125
0.298
0.358
0.39775
0.451125
0.49425
0.537125
0.146875
0.131
0.286125
0.33225
0.37025
0.4245
0.46725
0.518125
0.125625
0.16675
0.223625
0.276
0.358125
0.413
0.44425
0.4885
0.14725
0.194875
0.241625
0.322625
0.384875
0.421
0.47225
0.508125
0.1345
0.181625
0.2755
0.33375
0.37925
0.431125
0.46575
0.511875
0.154625
0.15275
0.24925
0.284125
0.385125
0.4345
0.48325
0.528375
0.164
0.154375
0.26525
0.322
0.372
0.44575
0.49
0.528875
0.132875
0.165875
0.25775
0.340375
0.408375
0.44975
0.49925
0.54675
0.147
0.172
0.268875
0.332375
0.387875
0.437625
0.498
0.533875
0.1495
0.188
0.270125
0.3245
0.370625
0.42375
0.46875
0.50275
