0.0019617050129454583
0.005971515987766907
0.03257238501100801
0.2115418550092727
1.3176156629924662
8.036796416010475
52.12027408299036
414.455169466004
0.0018705049878917634
0.005962113995337859
0.032373678986914456
0.21091301398701034
1.3601079169893637
8.408746139000868
52.76880731500569
408.723944724974
0.0018636049935594201
0.006285315990680829
0.03223818200058304
0.21048453499679454
1.2917350819916464
8.176220680004917
50.71446320897667
406.5662085750082
0.002286606002599001
0.006189314997754991
0.0367093890090473
0.21333962099743076
1.33716006699251
8.497289984981762
54.27155905100517
418.2346259560145
0.0018784049898386002
0.0060392150189727545
0.033146083005703986
0.21041182801127434
1.3331996409979183
8.236218142992584
53.54145997701562
404.4419606050069
0.0018861049902625382
0.0060157160041853786
0.03764629497891292
0.21454263999476098
1.3162736109807156
8.229807502008043
55.24661028498667
406.1558576539974
0.0018863049917854369
0.006036114995367825
0.03259318199707195
0.21859704999951646
1.3594225220149383
8.496390084008453
56.21879889801494
437.88753471901873
0.0018849149928428233
0.006244649994187057
0.0324955569813028
0.20946834998903796
1.3367421709990595
8.353896064014407
58.23451450798893
419.8126297009876
0.0018580080068204552
0.006487428006948903
0.037048762023914605
0.21005182102089748
1.3236400999885518
8.492117235990008
57.29969889699714
416.29894016400794
0.0018825060105882585
0.005953618994681165
0.03220700297970325
0.21608509198995307
1.3357658879831433
8.498939421988325
53.290389597998
417.1473511469958
0.0018838070100173354
0.005934221990173683
0.03864103899104521
0.2132879710115958
1.3492012789938599
8.213436717982404
52.19604612400872
408.05070789399906
0.0018550050153862685
0.005911715008551255
0.034634189010830596
0.2143219519930426
1.3513722929928917
7.8742554940108676
54.868388921022415
399.3852059979981
0.0018741060048341751
0.006512922002002597
0.040394234005361795
0.21198650600854307
1.3236419140012003
7.9869107700069435
51.56967807302135
398.7661052249896
0.0018588060047477484
0.0063850219885353
0.03502312098862603
0.20608331100083888
1.2952238699945156
8.286451768974075
50.73540038600913
397.6964865529735
0.001952907012309879
0.006469221989391372
0.032127712009241804
0.2106592380150687
1.3325131680176128
8.214926073007518
53.26016353600426
412.106533424987
0.0021670080022886395
0.006013420003000647
0.03262481398996897
0.21178843901725486
1.313976684003137
8.330851761013037
54.74729915600619
427.8176738169859
0.0019061070051975548
0.006007820018567145
0.03289511101320386
0.21189441200112924
1.3677452910051215
8.368432416988071
52.397199461003765
413.04092127698823
0.0019203060073778033
0.006184021010994911
0.03367511500255205
0.21090552199166268
1.3555778419831768
8.288776886009146
52.939718379988335
409.1395823050116
0.0018781060061883181
0.005938120011705905
0.032910805981373414
0.2114447799976915
1.3446890249906573
8.110232930019265
52.925366971991025
424.46740733701154
0.0018978059815708548
0.005950320017291233
0.0323174080112949
0.215478219994111
1.357018834009068
8.469646703015314
56.8473548280017
431.49889720001374
0.002250905003165826
0.00984692299971357
0.033050779020413756
0.2198496220225934
1.3123019239865243
8.197795685002347
54.09862764101126
411.00725806999253
0.001866706006694585
0.005913517001317814
0.032493194012204185
0.2139739179983735
1.4209845019795466
8.767350842012092
56.65035734200501
451.1540575970139
0.002082004997646436
0.005961813993053511
0.03333848001784645
0.21178060601232573
1.3168045489874203
8.442128213995602
59.631484699988505
425.3548726940062
0.0019105050014331937
0.005937216017628089
0.03980301000410691
0.20720777101814747
1.3448465050023515
8.31737873601378
57.814273288997356
427.30353308600024
0.0018814009963534772
0.005989403027342632
0.03273831299156882
0.2115213840152137
1.3892975840135477
8.481957495008828
54.51444578898372
423.801124177
0.0018729039875324816
0.005912511987844482
0.032209363009314984
0.21524622000288218
1.387083714012988
8.69931840299978
56.266326829005266
446.50595932701253
0.001869903993792832
0.006179113988764584
0.03459287600708194
0.2144507689808961
1.3683303919970058
8.328309222008102
56.42246361999423
416.1471055970178
0.001877204020274803
0.005938412999967113
0.03266037200228311
0.21139886899618432
1.3527881019981578
8.608996004011715
54.90312037701369
435.53837682300946
0.0018746079877018929
0.006204827019246295
0.03262883998104371
0.2123684050166048
1.340372489998117
8.326914503006265
53.35751602801611
410.5244428339938
0.0018809059984050691
0.006014916987624019
0.03230819501914084
0.2082224109908566
1.2995477100193966
8.158595554006752
50.596385362994624
398.2698698549939
0.0018981010071001947
0.006350305018713698
0.03273262601578608
0.22701058798702434
1.296733196999412
7.980636977008544
50.7244828119874
396.0906886270095
0.0018707039998844266
0.006349714007228613
0.032642770995153114
0.21071005400153808
1.3324412780057173
8.302012706000824
52.142939183017006
402.31699766998645
0.0018599989998620003
0.006207995000295341
0.03268547501647845
0.212484837975353
1.309298744017724
8.223521573003381
53.0828196190123
404.80471936499816
0.001877203001640737
0.006189109990373254
0.03245135198812932
0.2157422470045276
1.3362422549980693
8.001938425004482
50.88940782600548
389.2155708129867
0.0018746030109468848
0.005962011986412108
0.03269476498826407
0.21183951798593625
1.333551636984339
8.246428027021466
52.71337392000714
408.39492436600267
0.0018694030004553497
0.006337610015179962
0.03317235299618915
0.21252853999612853
1.334109736024402
8.437814592005452
54.61485177499708
425.92386135898414
0.002021403983235359
0.005946311022853479
0.033619360998272896
0.21958060399629176
1.3723520229978021
8.303910976974294
55.06031097698724
428.1948895099922
0.0018906040058936924
0.005946510995272547
0.03248496001469903
0.21063459099968895
1.3083704259770457
8.140945802006172
57.69226712800446
412.9327237580146
0.0018695039907470345
0.00600831100018695
0.03231596000841819
0.21334229799686
1.2953521180024836
8.054189335001865
53.41113491699798
414.7358691279951
0.0018883039883803576
0.005996610998408869
0.03241555698332377
0.20798207097686827
1.3636127290083095
8.255793927994091
53.91412359799142
409.2268327919883
0.0018559040036052465
0.006256410997593775
0.03228025999851525
0.2137132920033764
1.359955893974984
8.628445729991654
55.25930204600445
439.37566203600727
0.0018774040217977017
0.005934710003202781
0.03242775399121456
0.212454053980764
1.2730889239755925
8.293968776008114
53.11246822800604
406.49259584600804
0.0018646030221134424
0.00597341000684537
0.033599360001971945
0.210302874998888
1.3458450949983671
8.32040291299927
52.18469013998401
422.3742178310058
0.0018797039811033756
0.005932411004323512
0.03473576600663364
0.2166084070049692
1.37134147901088
8.43018053600099
55.66921893102699
440.8855633290077
0.001870103005785495
0.005951411003479734
0.032748859986895695
0.21226088801631704
1.2997814730042592
8.039829077984905
51.48483163799392
411.8408762999752
