0.18803418803418803
0.3789173789173789
0.4188034188034188
0.5441595441595442
0.6239316239316239
0.698005698005698
0.24633431085043989
0.3196480938416422
0.5777126099706745
0.624633431085044
0.6686217008797654
0.7653958944281525
0.3136094674556213
0.4911242603550296
0.5059171597633136
0.5502958579881657
0.6745562130177515
0.7603550295857988
0.34226190476190477
0.3482142857142857
0.4851190476190476
0.5684523809523809
0.6964285714285714
0.7559523809523809
0.28700906344410876
0.32628398791540786
0.4350453172205438
0.5800604229607251
0.6525679758308157
0.7522658610271903
0.30434782608695654
0.4463768115942029
0.4666666666666667
0.5942028985507246
0.663768115942029
0.7246376811594203
0.30357142857142855
0.31845238095238093
0.4642857142857143
0.5654761904761905
0.6428571428571429
0.7470238095238095
0.27246376811594203
0.3652173913043478
0.45507246376811594
0.5565217391304348
0.6434782608695652
0.7072463768115942
0.34017595307917886
0.40762463343108507
0.4662756598240469
0.5689149560117303
0.6422287390029325
0.7595307917888563
0.27245508982035926
0.3413173652694611
0.4341317365269461
0.5419161676646707
0.6916167664670658
0.7544910179640718
0.14285714285714285
0.3125
0.46726190476190477
0.5416666666666666
0.6428571428571429
0.7291666666666666
0.29429429429429427
0.38738738738738737
0.43843843843843844
0.5675675675675675
0.6996996996996997
0.7537537537537538
0.25301204819277107
0.4307228915662651
0.47289156626506024
0.5993975903614458
0.713855421686747
0.8132530120481928
0.20364741641337386
0.3981762917933131
0.49544072948328266
0.6170212765957447
0.7112462006079028
0.817629179331307
0.3293051359516616
0.40483383685800606
0.46827794561933533
0.6283987915407855
0.7371601208459214
0.7945619335347432
0.16568047337278108
0.378698224852071
0.378698224852071
0.6331360946745562
0.6627218934911243
0.757396449704142
0.33432835820895523
0.34328358208955223
0.47761194029850745
0.6238805970149254
0.6477611940298508
0.7582089552238805
0.3086053412462908
0.37091988130563797
0.42136498516320475
0.56973293768546
0.6795252225519288
0.7359050445103857
0.27627627627627627
0.42042042042042044
0.4624624624624625
0.6066066066066066
0.7537537537537538
0.7957957957957958
0.26586102719033233
0.3474320241691843
0.5045317220543807
0.5770392749244713
0.7069486404833837
0.7673716012084593
0.3170731707317073
0.38414634146341464
0.4298780487804878
0.6189024390243902
0.5701219512195121
0.801829268292683
0.2696969696969697
0.3242424242424242
0.4303030303030303
0.5121212121212121
0.6727272727272727
0.7606060606060606
0.3220858895705521
0.3619631901840491
0.5337423312883436
0.5828220858895705
0.7822085889570553
0.7852760736196319
0.3253012048192771
0.29819277108433734
0.5602409638554217
0.6024096385542169
0.7168674698795181
0.7680722891566265
0.26512968299711814
0.3659942363112392
0.4956772334293948
0.5936599423631124
0.7118155619596542
0.7204610951008645
0.30523255813953487
0.35755813953488375
0.4418604651162791
0.5261627906976745
0.6598837209302325
0.75
0.17052023121387283
0.4190751445086705
0.3959537572254335
0.5635838150289018
0.6127167630057804
0.7427745664739884
0.3304093567251462
0.41812865497076024
0.4853801169590643
0.5789473684210527
0.6871345029239766
0.7807017543859649
0.25
0.4339080459770115
0.5057471264367817
0.5258620689655172
0.6724137931034483
0.7586206896551724
0.3196480938416422
0.36950146627565983
0.5219941348973607
0.530791788856305
0.6392961876832844
0.7448680351906158
0.3058823529411765
0.36176470588235293
0.47058823529411764
0.5941176470588235
0.6441176470588236
0.7529411764705882
0.29376854599406527
0.37091988130563797
0.4599406528189911
0.5727002967359051
0.6379821958456974
0.7507418397626113
0.19469026548672566
0.35693215339233036
0.4365781710914454
0.5457227138643068
0.6460176991150443
0.7404129793510325
0.3074626865671642
0.4059701492537313
0.564179104477612
0.6238805970149254
0.7522388059701492
0.8059701492537313
0.3460410557184751
0.39296187683284456
0.4633431085043988
0.6334310850439883
0.6422287390029325
0.7536656891495601
0.3712574850299401
0.3712574850299401
0.47305389221556887
0.5718562874251497
0.688622754491018
0.7634730538922155
0.3
0.42
0.4657142857142857
0.5857142857142857
0.6542857142857142
0.76
0.2558139534883721
0.4011627906976744
0.48255813953488375
0.6162790697674418
0.6482558139534884
0.7616279069767442
0.3284457478005865
0.35777126099706746
0.530791788856305
0.5689149560117303
0.6832844574780058
0.750733137829912
0.3032069970845481
0.4227405247813411
0.478134110787172
0.5597667638483965
0.6793002915451894
0.7667638483965015
0.2861356932153392
0.4306784660766962
0.5103244837758112
0.6430678466076696
0.7699115044247787
0.8230088495575221
0.3159420289855073
0.37681159420289856
0.5217391304347826
0.6318840579710145
0.7101449275362319
0.7391304347826086
0.3165680473372781
0.4526627218934911
0.5088757396449705
0.6035502958579881
0.7396449704142012
0.7751479289940828
0.3615819209039548
0.3728813559322034
0.5028248587570622
0.5649717514124294
0.7005649717514124
0.7570621468926554
0.2507204610951009
0.33429394812680113
0.5389048991354467
0.5821325648414986
0.6945244956772334
0.792507204610951
0.2988165680473373
0.34911242603550297
0.48520710059171596
0.5887573964497042
0.6597633136094675
0.7662721893491125
0.25671641791044775
0.417910447761194
0.45671641791044776
0.5582089552238806
0.6955223880597015
0.764179104477612
0.23738872403560832
0.4688427299703264
0.41839762611275966
0.5608308605341247
0.6498516320474778
0.7359050445103857
0.3153153153153153
0.3153153153153153
0.5465465465465466
0.5885885885885885
0.7357357357357357
0.7657657657657657
0.3421828908554572
0.4631268436578171
0.5368731563421829
0.5457227138643068
0.6843657817109144
0.7522123893805309
0.2680722891566265
0.286144578313253
0.39156626506024095
0.5933734939759037
0.7289156626506024
0.8072289156626506
0.25
0.3994252873563218
0.5229885057471264
0.6091954022988506
0.6752873563218391
0.7758620689655172
0.2434017595307918
0.36363636363636365
0.436950146627566
0.5894428152492669
0.7155425219941349
0.7888563049853372
0.2608695652173913
0.4289855072463768
0.5159420289855072
0.5855072463768116
0.7188405797101449
0.7797101449275362
