0.20797720797720798
0.2905982905982906
0.3903133903133903
0.5156695156695157
0.6581196581196581
0.7948717948717948
0.26392961876832843
0.41642228739002934
0.5043988269794721
0.5630498533724341
0.7360703812316716
0.8357771260997068
0.3136094674556213
0.3106508875739645
0.5710059171597633
0.6153846153846154
0.6952662721893491
0.8136094674556213
0.31547619047619047
0.35119047619047616
0.5029761904761905
0.5803571428571429
0.7202380952380952
0.8422619047619048
0.2054380664652568
0.256797583081571
0.44410876132930516
0.5287009063444109
0.6676737160120846
0.8398791540785498
0.3130434782608696
0.42318840579710143
0.48985507246376814
0.5130434782608696
0.6753623188405797
0.8
0.1875
0.25892857142857145
0.46130952380952384
0.5327380952380952
0.6666666666666666
0.8571428571428571
0.2144927536231884
0.4115942028985507
0.37681159420289856
0.5449275362318841
0.672463768115942
0.808695652173913
0.2668621700879765
0.31671554252199413
0.5190615835777126
0.6041055718475073
0.7302052785923754
0.8181818181818182
0.2694610778443114
0.3473053892215569
0.46706586826347307
0.5718562874251497
0.6407185628742516
0.8173652694610778
0.21726190476190477
0.25892857142857145
0.44345238095238093
0.5863095238095238
0.7261904761904762
0.8005952380952381
0.35135135135135137
0.3663663663663664
0.4174174174174174
0.5435435435435435
0.6906906906906907
0.7987987987987988
0.16566265060240964
0.31626506024096385
0.45180722891566266
0.6114457831325302
0.7168674698795181
0.8885542168674698
0.2917933130699088
0.24924012158054712
0.48024316109422494
0.6200607902735562
0.7142857142857143
0.8541033434650456
0.14803625377643503
0.3595166163141994
0.5075528700906344
0.6283987915407855
0.7583081570996979
0.8640483383685801
0.40828402366863903
0.4171597633136095
0.46449704142011833
0.6183431952662722
0.727810650887574
0.8579881656804734
0.2835820895522388
0.35522388059701493
0.46567164179104475
0.5552238805970149
0.7104477611940299
0.8029850746268656
0.24925816023738873
0.3560830860534125
0.4391691394658754
0.5727002967359051
0.7329376854599406
0.827893175074184
0.3933933933933934
0.45045045045045046
0.5525525525525525
0.5705705705705706
0.7897897897897898
0.9129129129129129
0.2688821752265861
0.3413897280966767
0.48036253776435045
0.5317220543806647
0.7129909365558912
0.8368580060422961
0.24390243902439024
0.36585365853658536
0.43597560975609756
0.5457317073170732
0.7195121951219512
0.8292682926829268
0.23030303030303031
0.3787878787878788
0.49393939393939396
0.5272727272727272
0.7151515151515152
0.8575757575757575
0.3067484662576687
0.4263803680981595
0.5030674846625767
0.5766871165644172
0.7116564417177914
0.852760736196319
0.3463855421686747
0.3795180722891566
0.49096385542168675
0.6174698795180723
0.7198795180722891
0.8192771084337349
0.2478386167146974
0.3314121037463977
0.3919308357348703
0.5821325648414986
0.7377521613832853
0.8126801152737753
0.29941860465116277
0.35174418604651164
0.43023255813953487
0.5843023255813954
0.7005813953488372
0.8343023255813954
0.2023121387283237
0.2976878612716763
0.4046242774566474
0.5606936416184971
0.6763005780346821
0.838150289017341
0.2777777777777778
0.34210526315789475
0.5263157894736842
0.5321637426900585
0.8099415204678363
0.8888888888888888
0.16666666666666666
0.39655172413793105
0.45689655172413796
0.5603448275862069
0.7212643678160919
0.8218390804597702
0.26392961876832843
0.3812316715542522
0.5043988269794721
0.6158357771260997
0.6979472140762464
0.8533724340175953
0.20294117647058824
0.16470588235294117
0.4088235294117647
0.5352941176470588
0.6941176470588235
0.8411764705882353
0.27299703264094954
0.3560830860534125
0.4599406528189911
0.5905044510385756
0.629080118694362
0.8249258160237388
0.2536873156342183
0.30678466076696165
0.3746312684365782
0.5339233038348082
0.6932153392330384
0.8348082595870207
0.34626865671641793
0.3970149253731343
0.4417910447761194
0.5940298507462687
0.755223880597015
0.826865671641791
0.2287390029325513
0.35777126099706746
0.4780058651026393
0.5894428152492669
0.6979472140762464
0.8035190615835777
0.19161676646706588
0.3413173652694611
0.46407185628742514
0.5149700598802395
0.7065868263473054
0.844311377245509
0.23142857142857143
0.38
0.4657142857142857
0.54
0.7085714285714285
0.8257142857142857
0.27325581395348836
0.3372093023255814
0.4186046511627907
0.6337209302325582
0.7616279069767442
0.8837209302325582
0.2316715542521994
0.35777126099706746
0.45454545454545453
0.6011730205278593
0.7448680351906158
0.841642228739003
0.26239067055393583
0.4606413994169096
0.5102040816326531
0.6034985422740525
0.6967930029154519
0.8571428571428571
0.3775811209439528
0.4749262536873156
0.5634218289085545
0.6578171091445427
0.7699115044247787
0.8967551622418879
0.3188405797101449
0.32753623188405795
0.5246376811594203
0.6115942028985507
0.7652173913043478
0.8347826086956521
0.33727810650887574
0.3609467455621302
0.5355029585798816
0.6627218934911243
0.757396449704142
0.863905325443787
0.3220338983050847
0.3757062146892655
0.5028248587570622
0.5706214689265536
0.7344632768361582
0.8531073446327684
0.29394812680115273
0.40057636887608067
0.4812680115273775
0.5994236311239193
0.7146974063400576
0.8472622478386167
0.2692307692307692
0.3698224852071006
0.4556213017751479
0.5562130177514792
0.6982248520710059
0.8579881656804734
0.14029850746268657
0.3402985074626866
0.4626865671641791
0.5850746268656717
0.7164179104477612
0.8388059701492537
0.17507418397626112
0.2789317507418398
0.45103857566765576
0.5370919881305638
0.7062314540059347
0.857566765578635
0.21021021021021022
0.3303303303303303
0.5615615615615616
0.5585585585585585
0.8168168168168168
0.9099099099099099
0.168141592920354
0.3746312684365782
0.5250737463126843
0.584070796460177
0.7197640117994101
0.8525073746312685
0.25
0.3614457831325301
0.42168674698795183
0.5692771084337349
0.7469879518072289
0.8885542168674698
0.20114942528735633
0.3103448275862069
0.4827586206896552
0.6350574712643678
0.7385057471264368
0.8074712643678161
0.23460410557184752
0.2932551319648094
0.45454545454545453
0.501466275659824
0.6891495601173021
0.8592375366568915
0.2289855072463768
0.3072463768115942
0.4927536231884058
0.5710144927536231
0.7130434782608696
0.8695652173913043
