0.07580689899987192
0.11543633499968564
0.30230965000009746
0.45622882200041204
0.8358911830000579
1.5717716189992643
0.1506814630001827
0.2649556419992223
0.29658815700076957
0.4715426620005019
0.8377527959992221
1.5821371470001395
0.1354531049992147
0.1315789379996204
0.3056270439992659
0.47200244499981636
0.8323823310001899
1.581726780000281
0.10914869800035376
0.1462719000001016
0.24376907599980768
0.47453345299982175
0.8380761879998317
1.575783881999996
0.10759437500018976
0.13270954299969162
0.20925200900001073
0.47247465800046484
0.8352138810005272
1.575854201999391
0.14735930000006192
0.1677837119996184
0.3054440830001113
0.40672253299999284
0.8407334570001694
1.5747663119991557
0.05050920599933306
0.060411783000745345
0.3022002400002748
0.4710079719998248
0.8369116339999891
1.5720132400001603
0.13563078900006076
0.15767381800014846
0.29963424200013833
0.4766301379995639
0.8374921289996564
1.5715901679996023
0.10019858499981638
0.168954935000329
0.2617297699998744
0.47707508799976495
0.8317372070005149
1.574379783999575
0.1286066890006623
0.14947318400027143
0.2990806289999455
0.47023248099958437
0.8338354150000669
1.573304291000568
0.10975852199953806
0.05737523200059513
0.30418553500021517
0.42335692699998617
0.8372058169998127
1.577058116000444
0.18370495199997094
0.22985431699999026
0.31228225199993176
0.46679223099999945
0.8335272140002417
1.5752039419994617
0.041907379999429395
0.1864451490000647
0.19901863999984926
0.47354544199970405
0.8346763819999978
1.5697365460000583
0.12084832500022458
0.03442627700042067
0.29604644299979554
0.4770183189993986
0.8391136210002514
1.570044945000518
0.042592407000483945
0.13001832900044974
0.3090220690000933
0.4745497739995699
0.8344385059999695
1.5777287090004393
0.167686386999776
0.20854161900024337
0.3056212589999632
0.4840645999993285
0.8352133830003368
1.573232406999523
0.12538872200002515
0.1750555489998078
0.2995699319999403
0.4670931760001622
0.8398751380000249
1.5766232979995038
0.10060976799923083
0.1546329249995324
0.2995171789998494
0.4720601449998867
0.8368265449998944
1.5736533199997211
0.1411157140000796
0.202828196000155
0.29919283100025496
0.3706968460001008
0.8359058319992982
1.574083834000703
0.10165639900060341
0.10504094999942026
0.3061983070001588
0.4676848079998308
0.8360955509997439
1.574653618999946
0.12702409599933162
0.1387458709996281
0.2614804199993159
0.4752534059998652
0.835713706000206
1.5758978089997981
0.11068461700051557
0.20485889300016424
0.30060523100019054
0.4744211429997449
0.8370848160002424
1.5759928679999575
0.10921121800038236
0.1753183609998814
0.3015680130001783
0.474743832999593
0.8402900510000109
1.5782844360001036
0.16047327100022812
0.12111736099996051
0.3051885980003135
0.4771121370004039
0.8354990339994401
1.5770919610004057
0.07576248599980318
0.1933768870003405
0.29967774000033387
0.4735930449996886
0.8326138189995618
1.5728662629999235
0.08293757399951573
0.21931579900046927
0.3028421850003724
0.470860643999913
0.8370340399997076
1.5748919790003129
0.05979099300020607
0.1554336780000085
0.2997832749997542
0.47021743599998445
0.839354156999434
1.5696591610003452
0.1381034460000592
0.20380686099997547
0.30062649799947394
0.4746238440002344
0.8339263689995278
1.5750641770000584
0.042032596000353806
0.10778285299966228
0.30319837000024563
0.468466556999374
0.8414295269994909
1.5738276280007995
0.05375751700012188
0.25451580000026297
0.3094290400003956
0.4720402450002439
0.8357731090000016
1.5796447640004772
0.05957302999922831
0.043844296999850485
0.3016537450002943
0.4743780720000359
0.8420534919996499
1.577576845999829
0.0755329060002623
0.18591609299983247
0.2207831099995019
0.47901454200018634
0.8333327390000704
1.572250952000104
0.11050203800004965
0.14741548099937063
0.2997133050002958
0.471876980000161
0.8365357570000924
1.5794146850003017
0.1598001900001691
0.2388051389998509
0.22260662699954992
0.4758505729996614
0.8450336389996664
1.5727154310006881
0.07621469399964553
0.19720248199973867
0.30195757199999207
0.42485397499967803
0.8360830889996578
1.5754525900001681
0.05056836299991119
0.23822697200012044
0.3033171990000483
0.46954909800024325
0.8337201069998628
1.5750732919996153
0.05440300099962769
0.18531081899982382
0.28054011299991544
0.47700221200011583
0.781463841999539
1.572965024000041
0.09235567499945319
0.10152442599974165
0.3011087189997852
0.46877397100070084
0.8342409249999037
1.573861847000444
0.050120363000132784
0.16636157899938553
0.2132113620000382
0.4785474729997077
0.8341731410000648
1.5777152629998454
0.05163547899974219
0.21267214699946635
0.30447129599997425
0.47142538799926115
0.8323561589995734
1.5746260189998793
0.17709072399975412
0.19452713500049867
0.31557408799926634
0.47149506799996743
0.8400325680004244
1.5773063520000505
0.10811078899951099
0.12118498499967245
0.2494353530000808
0.4786386709993167
0.8416906530001143
1.574121269999523
0.11972052900000563
0.18459844300014083
0.3020493269996223
0.4753910029994586
0.8345708690003448
1.577320704000158
0.07583180199981143
0.20306090699978085
0.2670512799995777
0.472769385999527
0.834539976999622
1.5785026330004257
0.08475608299977466
0.2207545270002811
0.22131166700000904
0.4751878779998151
0.8416485650004688
1.5760140590000447
0.04218085299999075
0.1878998310003226
0.2010189550001087
0.47662418199979584
0.8341840359998969
1.5722890570004893
0.04294926799957466
0.1561229369999637
0.30630251099955785
0.42710259599971323
0.8403657270000622
1.575125628999558
0.042976751000423974
0.12588383499951306
0.3008970560003945
0.41264141099964036
0.8360185250003269
1.5772062280002501
0.050193914999908884
0.1299482900003568
0.29840130699994916
0.4724886679996416
0.8361287280004035
1.5717184129998714
0.03393004999998084
0.11531259599996702
0.30296522099979484
0.4698678180002389
0.8390818480002054
1.5732720480000353
0.05933861399989837
0.20570875800058275
0.3126435330004824
0.46824888399987685
0.8345803369993519
1.5709981189993414
0.046266131999800564
0.1664587870000105
0.3051802849995511
0.39368257600017387
0.842646312999932
1.5810731600004146
0.06707685299988952
0.13329136600077618
0.3014344430002893
0.4755965849999484
0.6401704410000093
1.572734063000098
0.033665404000203125
0.15908913499970367
0.30167773599987413
0.4695007660002375
0.834412465999776
1.5709370050008147
