0.7463333333333333
0.7748666666666667
0.8159333333333334
0.8488
0.8558666666666668
0.8787333333333333
0.8969999999999999
0.9096
0.7716666666666666
0.8012666666666666
0.8438666666666667
0.8769333333333333
0.8735333333333333
0.9068000000000002
0.9192666666666666
0.9339333333333334
0.7889333333333333
0.8182666666666666
0.8553333333333333
0.8740666666666665
0.8971333333333333
0.9158000000000002
0.9352
0.9408666666666667
0.7996
0.8272666666666666
0.8684666666666667
0.8994
0.9074666666666668
0.9242666666666667
0.9390666666666666
0.9440666666666665
0.8095333333333334
0.8379999999999999
0.8779999999999999
0.8922000000000001
0.9194000000000001
0.9351333333333333
0.9471999999999999
0.9571999999999999
0.7838666666666667
0.8168000000000001
0.8546666666666667
0.8943999999999999
0.9027333333333333
0.9298
0.9488666666666667
0.9445333333333334
0.6784
0.7046
0.7583333333333334
0.8169333333333334
0.8462
0.8762000000000001
0.9039333333333334
0.9162666666666667
0.6356666666666666
0.6834
0.7472000000000001
0.7871333333333332
0.8150666666666666
0.8728666666666667
0.8931333333333333
0.9130666666666667
