0.8865925759988992
0.8955091306609878
0.917162418331524
0.9892760739991596
1.1850593546696473
1.6533664523303742
2.979287739673358
6.349516568336791
0.7837438613302462
0.7784669133349477
0.9611618933364904
1.047090785340212
1.2469613103360946
1.6907025093290333
2.93984362433063
6.32815555933242
0.8042283129907446
0.789108306664275
0.995952416327782
1.074575855998167
1.2610303459999461
1.6922265780012822
2.932728136331813
6.32947755799493
0.7895056739992773
0.801508938340703
1.0084363486676011
1.0702905776658251
1.2445468019965726
1.705289978669801
2.9616926116771842
6.3494369416681975
0.7940562140138354
0.8022180503273072
1.021756820671726
1.0747715463415564
1.2585708570065133
1.6841385243363522
2.9607513023171728
6.381499040338288
0.7922435583216915
0.7848197350200886
1.0742559959956755
1.2238125043319694
1.4758045939961448
1.6805071753333323
2.9330461016700915
6.368243325006915
0.7921305853330219
0.7897132519962421
1.0095184266586632
1.0740702576683059
1.2724228839894447
1.7084826956658314
2.9463308156700805
6.352724657675329
0.7793194236680089
0.7886428823306536
1.0223948086689536
1.0809646606697545
1.2605367846651159
1.7133562683399457
2.9345824113309695
6.3710189900011756
0.7968329706636723
0.7910264253247684
1.0281061583179205
1.0756403903360479
1.2573041603221402
1.6987402609956916
2.964172100328142
6.334543983655749
0.7988753226624491
0.7828286043271268
1.020829592346369
1.0751379603461828
1.2686329256684985
1.7120718106646866
2.9406061403181716
6.319422327001424
0.793191596341785
0.7898635846601488
1.0206606146821287
1.0814849863333318
1.265943899314152
1.689135495670295
2.9422699873296856
7.896197244340631
0.9432521216707149
0.908637676659661
1.0074776943365578
1.0764347920000243
1.2683097673483037
1.721141802991042
2.963346910003262
6.328907122001207
0.7847005496635878
0.7966659086717603
1.0177628366703477
1.079984630671485
1.2677049980071995
1.7285105683258735
2.9413872643199284
6.358492450672202
0.7868095486580083
0.8001084490000115
1.0213626113254577
1.0774519960104953
1.281916762003675
1.694115878335045
2.988373712345492
6.304060928989202
0.7804490276709354
0.7926056720122384
1.0183282570020917
1.0747158450152103
1.2554659193265252
1.7242201723371788
2.9503748233352476
6.3387152613334665
0.7799458929997248
0.7865003473319424
1.0211976279873245
1.0870449360033188
1.2575007176783402
1.7044689893470302
2.9686776006710716
6.334113117326827
0.8006563639986174
0.9080014130061803
1.2129232463388082
1.2395198556478135
1.3299352863396052
1.7174765093271465
2.9645545213328055
6.355464319659707
0.7864316830042904
0.7811658770078793
1.0222582633432467
1.0728329000024435
1.2674037373314302
1.7177986316673923
2.958428191651668
6.3646952623385005
0.7964350180021332
0.7933385120122693
1.0136835490023561
1.0703745316714048
1.274559460997504
1.6996760623296723
2.9665830423279353
6.326166841657444
0.7937550549977459
0.7850259000066823
1.0104500513310388
1.0862096809917905
1.2804527546686586
1.7037510256729245
3.0069405433314387
6.392334234997786
0.8063026273351473
0.7933755603250271
1.020008848339785
1.077506197335121
1.276158313334842
1.7026157536699127
2.954433702999571
6.367508595333978
0.8038216866746856
0.7895458160007062
1.0112839916546363
1.083674946334213
1.2771859483230703
1.7095155369897839
3.731559251997775
8.618344902012419
0.8509898756747134
0.7914957213409556
1.019108478668689
1.0951329086674377
1.273733905662084
1.7246049759948316
2.9627309599988316
6.315249741009514
0.7994599363300949
0.8025064849935006
1.0244146199935737
1.0818738073285203
1.27585580732557
1.7120914270053618
2.970297215001968
6.3420613216682495
0.7881519186679119
0.7955412403486358
1.0265679356719677
1.084702453003653
1.2644444176597365
1.7035394156603918
2.9714171149923154
6.32284571500107
0.7991028920029445
0.790375736328618
1.0211199986806605
1.0852364643360488
1.2678511693472199
1.7000288509977206
2.96133693800463
6.4118965069937985
0.7941511373307245
0.8012973570051448
1.034351523994701
1.089197233338685
1.2789092219997353
1.708180494325158
2.9413187366638645
6.388579447986558
0.792770341669287
0.793399077335683
1.0720165286717627
1.2532980956699855
1.4833252230018843
1.6865701466837588
2.9463035943335854
6.32955804966817
0.7926894766569603
0.7984565250129284
1.0141196476567227
1.0858198663433238
1.2737592176708858
1.7202827693351235
2.929486487332421
6.343222589998429
0.7805623073363677
0.7994760126554562
1.0197499786736444
1.0819101403273332
1.2727784320013598
1.701387900665092
2.9556829246575944
6.340678326998993
0.7907478663352473
0.8028490643482655
1.0222918963312015
1.096245886660957
1.275263881679469
1.6977479026730482
2.944992213995041
6.317564863992932
0.7946587459979734
0.7908098366654789
1.0234910023282282
1.0937637166740994
1.2618905833320848
1.701445915668349
2.935650062000301
6.354804503003834
0.8041239713299243
0.7936290113332992
1.0167761189998903
1.07992143999824
1.259750905019852
1.7016153883305378
2.9533579840014377
6.336237325323357
0.9402097149965508
0.9728822643422367
1.1403482299938332
1.0791166686685756
1.273149369992704
1.7095385669963434
2.96909659600351
6.338443919657341
0.7845253973403791
0.789067242333355
1.0212564756705735
1.0880327810009476
1.2789676413328077
1.71497676766982
2.937859595665941
6.347512008340952
0.801777605995691
0.8040158110088669
1.0143194876727648
1.0870337423208791
1.2768129323376343
1.69181694999376
2.9397341840085573
6.323644237990568
0.7909415543448025
0.7920853889954742
1.0164136696548667
1.0768883920100052
1.2714345276763197
1.7316057523324464
2.973872634329988
6.33849500999592
0.789979411327901
0.7953858249917781
1.0315618360085257
1.076594818655091
1.2594199250064169
1.7052489443255279
2.9444434823235497
6.354731135012116
0.7865131339931395
0.797799996342898
1.032537570000083
1.0887148486702547
1.3392294636772324
2.0470360926604676
3.891496478676951
6.378976732996914
0.7890629000030458
0.7913242116725693
1.0187164696787174
1.076077803998487
1.2724616269988474
1.7361109220073558
2.996289965657828
6.3978656373219565
0.7828963020001538
0.7851219989922053
1.0213083656562958
1.0738527346596431
1.2605218990065623
1.7115818726694367
2.9475361523315464
6.374616790009895
0.7942854596670562
0.7957695616642013
1.0095483640034217
1.0747815696716618
1.259066126338439
1.7028491410019342
2.9407531046599615
6.313643186663588
0.7993030619982164
0.7938160796766169
1.0202367153251544
1.0730684553370036
1.2696154110017233
1.7019440940057393
2.9584705016653365
6.317225165005463
0.7901957343371274
0.8010085293305261
1.0137617283229095
1.075703725994875
1.263483558005343
1.7111871483308885
2.9482409026725995
6.364134747651406
0.8345228176622186
0.9722926840089107
1.1859787186646524
1.1511455923318863
1.2596129143300157
1.70908800867619
2.955932722009796
6.354212018991045
