0.34095238095238095
0.29
0.3333333333333333
0.4604761904761905
0.6190476190476191
0.6742857142857143
0.8095238095238095
0.8161904761904762
0.3404761904761905
0.36333333333333334
0.3333333333333333
0.5480952380952381
0.6504761904761904
0.7842857142857143
0.8590476190476191
0.8723809523809524
0.3761904761904762
0.3333333333333333
0.26142857142857145
0.5371428571428571
0.6757142857142857
0.8028571428571428
0.8123809523809524
0.8838095238095238
0.3352380952380952
0.3333333333333333
0.3252380952380952
0.5623809523809524
0.68
0.7223809523809523
0.8504761904761905
0.8828571428571429
0.3304761904761905
0.3333333333333333
0.6023809523809524
0.3333333333333333
0.7333333333333333
0.8419047619047619
0.8466666666666667
0.8928571428571429
0.33666666666666667
0.3333333333333333
0.3333333333333333
0.4523809523809524
0.6566666666666666
0.7928571428571428
0.8666666666666667
0.8938095238095238
0.31952380952380954
0.33666666666666667
0.3557142857142857
0.3333333333333333
0.5780952380952381
0.6057142857142858
0.7328571428571429
0.8023809523809524
0.33380952380952383
0.3314285714285714
0.35523809523809524
0.569047619047619
0.5919047619047619
0.638095238095238
0.6938095238095238
0.7976190476190477
0.26761904761904765
0.3333333333333333
0.3333333333333333
0.33380952380952383
0.5642857142857143
0.64
0.69
0.7614285714285715
0.3333333333333333
0.3333333333333333
0.3342857142857143
0.36095238095238097
0.5976190476190476
0.6042857142857143
0.6133333333333333
0.7223809523809523
0.3576190476190476
0.3333333333333333
0.3333333333333333
0.530952380952381
0.6214285714285714
0.6795238095238095
0.7357142857142858
0.7780952380952381
0.3271428571428571
0.3333333333333333
0.30666666666666664
0.5323809523809524
0.6290476190476191
0.6714285714285714
0.7447619047619047
0.7790476190476191
0.32
0.33476190476190476
0.33380952380952383
0.5128571428571429
0.5971428571428572
0.6442857142857142
0.7628571428571429
0.8138095238095238
0.3323809523809524
0.3333333333333333
0.3333333333333333
0.3376190476190476
0.6290476190476191
0.6614285714285715
0.7123809523809523
0.7885714285714286
0.3404761904761905
0.3333333333333333
0.35285714285714287
0.49666666666666665
0.6419047619047619
0.7033333333333334
0.7671428571428571
0.8142857142857143
0.32904761904761903
0.2957142857142857
0.3357142857142857
0.5961904761904762
0.6719047619047619
0.6861904761904762
0.7457142857142857
0.7928571428571428
0.3333333333333333
0.3333333333333333
0.3333333333333333
0.3376190476190476
0.5919047619047619
0.6338095238095238
0.6623809523809524
0.7266666666666667
0.4033333333333333
0.2757142857142857
0.3333333333333333
0.5780952380952381
0.6480952380952381
0.7228571428571429
0.7457142857142857
0.8242857142857143
0.3333333333333333
0.310952380952381
0.3333333333333333
0.5133333333333333
0.6376190476190476
0.679047619047619
0.7757142857142857
0.81
0.33380952380952383
0.2661904761904762
0.3476190476190476
0.579047619047619
0.6466666666666666
0.6752380952380952
0.768095238095238
0.8338095238095238
0.3333333333333333
0.3357142857142857
0.3514285714285714
0.5933333333333334
0.6319047619047619
0.7066666666666667
0.8238095238095238
0.8376190476190476
0.3342857142857143
0.3395238095238095
0.3333333333333333
0.5619047619047619
0.6014285714285714
0.7047619047619048
0.7871428571428571
0.7957142857142857
0.32666666666666666
0.3333333333333333
0.3333333333333333
0.3333333333333333
0.6376190476190476
0.6833333333333333
0.7466666666666667
0.8314285714285714
0.3333333333333333
0.3333333333333333
0.3333333333333333
0.4695238095238095
0.6195238095238095
0.689047619047619
0.7866666666666666
0.819047619047619
0.3342857142857143
0.3333333333333333
0.33380952380952383
0.6433333333333333
0.6719047619047619
0.7076190476190476
0.7628571428571429
0.8271428571428572
0.3333333333333333
0.30333333333333334
0.3333333333333333
0.6123809523809524
0.7219047619047619
0.7752380952380953
0.8147619047619048
0.8442857142857143
0.32
0.31857142857142856
0.3504761904761905
0.3438095238095238
0.7133333333333334
0.7442857142857143
0.8252380952380952
0.8576190476190476
0.3333333333333333
0.27095238095238094
0.3680952380952381
0.5057142857142857
0.6533333333333333
0.6647619047619048
0.7919047619047619
0.8214285714285714
0.33476190476190476
0.3333333333333333
0.3352380952380952
0.52
0.6638095238095238
0.7333333333333333
0.7738095238095238
0.8228571428571428
0.3333333333333333
0.3271428571428571
0.3333333333333333
0.6342857142857142
0.6861904761904762
0.7280952380952381
0.7661904761904762
0.8504761904761905
0.33666666666666667
0.3333333333333333
0.5223809523809524
0.6052380952380952
0.7061904761904761
0.7747619047619048
0.799047619047619
0.8561904761904762
0.3333333333333333
0.3333333333333333
0.4695238095238095
0.6390476190476191
0.7004761904761905
0.7423809523809524
0.7623809523809524
0.8333333333333334
0.23857142857142857
0.3333333333333333
0.5895238095238096
0.6571428571428571
0.7409523809523809
0.7842857142857143
0.8333333333333334
0.8590476190476191
0.3333333333333333
0.33380952380952383
0.3376190476190476
0.5004761904761905
0.6323809523809524
0.6938095238095238
0.8028571428571428
0.8414285714285714
0.30523809523809525
0.28809523809523807
0.3333333333333333
0.5938095238095238
0.6795238095238095
0.6952380952380952
0.8347619047619048
0.8271428571428572
0.3323809523809524
0.3323809523809524
0.3333333333333333
0.5004761904761905
0.5761904761904761
0.6142857142857143
0.7261904761904762
0.7566666666666667
0.3323809523809524
0.35523809523809524
0.3495238095238095
0.33285714285714285
0.5747619047619048
0.7271428571428571
0.7861904761904762
0.8161904761904762
0.3333333333333333
0.3333333333333333
0.3323809523809524
0.3333333333333333
0.5928571428571429
0.6209523809523809
0.6942857142857143
0.7966666666666666
0.32571428571428573
0.3333333333333333
0.3333333333333333
0.33666666666666667
0.5947619047619047
0.7461904761904762
0.7980952380952381
0.8161904761904762
0.3333333333333333
0.3333333333333333
0.3333333333333333
0.520952380952381
0.6204761904761905
0.7566666666666667
0.7880952380952381
0.8533333333333334
0.2633333333333333
0.3333333333333333
0.3333333333333333
0.5076190476190476
0.6057142857142858
0.7233333333333334
0.8166666666666667
0.8423809523809523
0.3323809523809524
0.3333333333333333
0.36333333333333334
0.3333333333333333
0.5980952380952381
0.7657142857142857
0.82
0.8547619047619047
0.3333333333333333
0.3319047619047619
0.33380952380952383
0.3333333333333333
0.5704761904761905
0.7119047619047619
0.7361904761904762
0.7947619047619048
0.3333333333333333
0.3323809523809524
0.3333333333333333
0.36857142857142855
0.6214285714285714
0.7314285714285714
0.8033333333333333
0.8304761904761905
0.3333333333333333
0.3333333333333333
0.37
0.40714285714285714
0.5519047619047619
0.6747619047619048
0.7252380952380952
0.7519047619047619
