2.20636822199837
2.291917751329796
9.821422311002001
7.814722227330397
8.334724433322359
10.671642125991639
13.090900566671431
30.63889292800256
1.6367457689969644
2.212123312667245
9.331006668672975
7.772960973331162
5.889354243001435
10.95589061700351
22.379986136656953
42.36767075967509
2.583622263996707
2.0918680586716314
10.477042432001326
8.31167305400595
7.22580426633552
10.175989906332688
21.349645037659986
38.67834461798581
2.1916758853282468
2.3026667826634366
10.29920666567826
6.8692246136682416
7.960978505667299
9.344863248329299
19.664086487338256
41.047477394662565
1.858490280341357
2.022593762657683
8.884672747992832
8.694856512680417
7.6431596179900225
10.440337635673737
23.434948792331852
38.487136265010726
2.4167872770146155
2.7689907693323526
8.31837295301375
7.452056937327143
7.786355096992338
8.85249836933023
18.559422463333856
37.19313021333073
2.6554166696635852
2.1419103346609822
7.2560614579900475
6.166845443668232
7.66465765866451
14.19864112966267
21.21351328101203
31.921580785662325
2.5661197540078624
2.587430189664398
8.311165255669039
6.587211380673883
8.12559294134068
9.878748587012524
19.125767141988035
37.1490434933221
2.2291386566745737
2.5053306253200085
7.435267406661296
5.940933461000289
6.578561885330903
9.387774907663697
14.752940456334423
35.84980529667033
2.05437529667203
2.3145872920091883
7.2285090010069935
6.208169072342571
6.821932779673564
6.533058210664119
15.288604705342246
37.13749375366024
3.146520819000822
2.572705283004325
8.917737645339608
7.348224339337321
6.34693569499844
7.827115763007896
16.405688692999927
33.2276497859954
2.1026127873337828
2.1302312903280836
8.514644720999058
7.082227071669574
6.343165542998274
9.075353114002306
16.387514860999847
35.84276676867739
2.0188891970028635
2.20574386100634
8.165368175648231
8.394437589682639
7.040299507653496
9.88702702333103
13.69739705066119
33.23489776666005
1.9335691496768657
2.188234796669955
7.751435694992931
6.52359085600862
7.494455872006559
9.343208896665601
19.105722539000755
30.96997296299863
2.5432102943401937
2.315339191321982
9.152719710002808
6.687770845339401
5.642051145327666
7.564158029330429
18.0478171199987
41.0621995756616
2.395016842017261
2.574072410003282
8.783024232000267
6.63941224400575
6.595730937997966
7.846131052996498
17.476237970986404
35.8361101510042
2.511100036324933
1.9516523279986966
8.786357562659154
7.220275033983246
5.782174966356251
8.617791318664482
15.288987144672623
34.511988564006366
1.9420341013271052
2.000685083020168
9.442150763973283
7.1324891570063
6.223434157650142
8.09404901766296
16.963382473331876
37.11331384665876
2.6891967186820693
2.122857282306844
9.574223951009722
7.09956922166748
5.59507833198101
10.193174468023548
15.26819103131614
44.98779986234149
2.9016010080037327
1.7413676896636996
10.567107235993413
6.545294081035536
6.165212502023981
9.105755855989022
14.19153079202321
33.14852246966135
2.042431348663134
2.4973849850163483
9.633264751988463
7.616483812026369
5.786408485689511
10.655397353014754
17.023615036334377
41.67907361699812
2.620791885671982
2.14692906466856
10.481181333345981
6.793238493672106
6.912424007353063
7.299722611671314
18.024420281348284
46.27617507833444
2.865250044987382
2.417386828320256
9.347074607018536
6.9628276356767556
6.755213092003639
11.753142163661929
19.628607306998067
44.953506854983665
2.7774202743312344
2.6946904596795016
10.084013114663927
6.050505865656305
7.515665395340572
10.435395107003083
14.761272659331249
35.7717223483487
1.9291535073231596
2.1246886510246745
8.518660899678556
7.154894283332396
5.9954903400115045
9.311673916992731
20.18508633732563
46.24123976331126
1.937550604653855
2.385378167304831
8.165910090649655
8.520764186318653
6.260065018335202
10.92308258798827
15.79115331035185
54.10226751367251
2.310746328012707
2.1187308066679784
9.927216462325305
7.537064920645207
9.47398052199666
10.41584313598772
16.349685204661608
33.19127763734044
3.2842761266316907
2.410466240680156
8.827966830673782
7.460004627335972
6.148670104662112
9.585042307366772
18.4853358513404
43.70705641299719
2.7897116226570993
2.290926702999665
10.528679654351436
8.613040609673286
8.0525953109803
11.191281809355132
19.628284073007915
37.075544782661986
2.5084036186647913
2.2955889883451164
9.64026643865509
6.311014788652149
8.355932240335582
9.713577098678797
15.27819066065907
37.10865014999096
2.1318875719831945
1.9230118889827281
9.728680537664331
7.9803976243129
8.563813680006811
12.975182365335058
16.885761386307422
40.26119088431975
2.4954376306656436
2.4078065703312554
8.589920291327871
6.425325212359894
7.414246779342648
7.509393282991368
16.34785560433132
48.846998288334966
1.9317338639909092
2.6932369133573957
9.969043182306146
7.246688659690942
5.195677102000142
8.302467378322035
21.25859070466443
34.48480436966444
3.3551765123265795
1.842120102994765
9.869394959319228
6.644187268335372
7.07410460167254
9.3551258246686
18.513429516674176
38.396404277009424
1.8567388533459355
2.393702562665567
10.141347987674331
7.515853690332733
7.834503477012428
9.097775179349506
20.211702907651972
34.494673820348304
2.200256393329861
2.672319115663413
7.841791892327213
6.823578605001482
7.123976811320365
8.848351039302846
18.529866900663666
47.54766837133017
2.031308021997878
2.2224489170087813
9.05842879335008
9.503477280358007
7.910492403005871
7.278963977994863
20.20635639866426
35.8245907483118
2.2072684579955726
1.9302274416550063
10.23438912833808
8.73229620900626
8.629882749984972
10.69853737502126
20.150297091323107
38.40120434268223
2.321725750012168
2.590546984322524
8.325614512335354
7.321748480355988
6.844572017648413
9.851054218015634
19.631613669005066
42.29058240299734
2.41894353099633
2.0255460493305386
8.130623358670467
8.489371495651236
8.717617044652192
10.606534529671384
21.25776724301977
39.71438089300258
1.8382599986701582
1.8982330986958307
10.440670047343398
7.96431092764639
7.190728008999334
11.969082439667545
19.44611889764201
39.89369345634865
2.2115901293388256
3.7367606760041476
9.610469330335036
7.338886783652318
7.089097746337454
11.96202948099623
21.273883325998515
47.56462364597246
2.2615827323364406
2.485013543977402
9.618120246334001
8.22941711298578
7.756164689005042
13.985069041664246
20.76082363767394
33.20961253032632
2.222075754990025
1.7491288336653572
10.394715433649253
9.190064405983625
7.045150158985052
10.426987699330008
18.02404011335845
30.57918211868188
2.776756690659871
2.6066648493288085
10.55019658167536
6.834919280314352
6.948153410339728
7.036148948342695
14.201920867315494
34.524547179656416
