0.6658507989923237
0.6446737573375382
0.8519757816635926
0.8583473290006319
0.9904585206628932
1.4186038329983905
2.5971304026655466
5.74858000666427
0.639184172997678
0.6367102390019378
0.8007489613373764
0.8998441790026845
1.02747522899881
1.4329297526710434
2.6219201476681824
5.792113461332822
0.6840206883304442
0.6830859436692359
0.8852243426663335
0.9402116280010281
1.0543480846633126
1.464818093998474
2.6723639746633125
5.752588224995027
0.6989757743334243
0.7047736180005207
0.8842876936638883
0.9325634016713593
1.0439917873348652
1.8022684500028845
3.3845715573309767
7.1484456349959755
0.7093439500022214
0.7055870740005048
0.8886451163319483
0.9210764500021469
1.046755905665729
1.4620515536662424
2.6465025786698484
5.837642209997284
0.700672752330623
0.7113963109974671
0.8936119533318561
0.9386346403286249
1.0515995166642824
1.4673246789946763
2.651194915335509
5.768014891000348
0.7086633976675026
0.7007088973332429
0.8983249666683454
0.9332831140006116
1.061810135341754
1.4665034646701922
2.6443351649989686
5.758992085999732
0.7073455996675572
0.7061105593359874
0.8921307609950114
0.954601548005788
1.0466478763410123
1.4694207726618818
2.64061260233575
5.7548006060048165
0.703356873326508
0.7033162543327004
0.8901035086601041
0.9791542246675817
1.052958833669739
1.4558535800024401
2.6452841786667705
5.754885154005024
0.6941477693326306
0.7051762246652894
0.8983435169987691
0.9396465509974709
1.2040212566644186
1.7852472396674177
3.228360058342029
5.737303390332575
0.7145671566637853
0.7051032316667261
0.8876986620016396
0.9371736859951246
1.0680726513334473
1.4668250976634833
2.63475683167538
5.735034582326382
0.6991053823342858
0.7005246803310001
0.8979941853322089
0.9522747873367431
1.0633946680027293
1.4609212179978688
2.6337832209974295
5.772559551997499
0.7217247466711948
0.7094115470002483
0.888279869662559
0.9295890076706806
1.057871833666771
1.4670858769968618
2.643717310997696
5.846848408337489
0.6966376423273081
0.7014735539996764
0.9077902126640159
0.9387895913290171
1.0582219279943577
1.460241851338651
2.655295227004293
5.7849577263308065
0.6941829336671314
0.6992741130088689
0.9069224239938194
0.9412308503378881
1.0424697359994752
1.471605620671956
2.6404829126695404
5.769298991993613
0.6993748816651836
0.6996032399959707
0.8901474733380988
0.9894885940011591
1.2811029560058766
1.8129110803371684
2.8941537409991724
5.8027666780011105
0.7023721706646029
0.7033835036660699
0.8939838976657484
0.9348454346666889
1.059475223334933
1.4746017983319082
2.6344306053263913
5.777751817998554
0.6913862916699145
0.6997656786697917
0.8915944740050085
0.9503617253309736
1.061812245665351
1.484536638003192
2.622923671005992
5.770826290672024
0.7029281456634635
0.6926868266649157
0.90266875733505
0.939266655332176
1.0680101173299288
1.4639780533276887
2.6605610130015216
5.749473634001333
0.6986670023325132
0.6888907800021116
0.9048361963311132
0.9352974763314705
1.0504504380029782
1.4898044913279591
2.644416902335555
5.747349616334152
0.7012315553341372
0.7047293650005789
0.91065362499891
0.9285913049970986
1.0512701856690303
1.4669019486609614
2.6455540289947144
5.7583459890011
0.7072411419988688
0.7102487500039084
0.9094359263399383
0.9552774660017652
1.0548353306609595
1.7241767346616446
3.409771748668087
6.565992979667499
0.696496427670354
0.6998790813280115
0.8949856986679757
0.9266175893280888
1.0426221506641014
1.4526128689952504
2.6422626503335778
5.76541556432979
0.6942813556670444
0.6974925339988355
0.8967317339944808
0.9411682143302945
1.0551191353345832
1.4864049170040137
2.6497837663288615
5.789194472667684
0.7137244566644464
0.7119253523317942
0.9014120960055152
0.9312554323356986
1.0643593760032672
1.4586421669955598
2.6419148966670036
5.785079263999553
0.7104868423339212
0.7024005329973685
0.8982191459993677
0.9477083896684538
1.0571599979981936
1.476842299666411
2.665798794662502
5.7897849736715825
0.6958324626660518
0.6973486943267441
0.8944367060030345
0.9277003549941583
1.0588107586712188
1.4615988690056838
2.6442886030029817
7.1154973943290925
0.8251675050026582
0.7716398983320687
0.9040537736679349
0.9455109443321513
1.0506752816727385
1.454155513997345
2.6548401259982106
5.760593560664954
0.7065619993324314
0.7007950139959576
0.8949523540019678
0.9410460376675474
1.0572721379964303
1.458297249332342
2.652158363329363
5.763612773667167
0.7091643819973493
0.7094994146609679
0.9002070096660949
0.9361533346721748
1.057202648667347
1.4608795629950084
2.6700849029972837
5.779429674662727
0.7010812533311158
0.7095758083354061
0.9092485923271548
0.9398954716695395
1.0754465556625898
1.4661521353312612
2.642554650999955
5.768472816673845
0.7089862230010718
0.7097784016659716
0.9026739923283458
0.9378735226637218
1.0530940526611328
1.4690551430006356
2.6402613160025794
5.7989855093328515
0.6964574693362616
0.7014072179978635
0.9036071349983104
0.9428931709990138
1.0496615123314161
1.7503115379998537
3.412923358332288
6.443569816673214
0.7012446949956939
0.7088871816667961
0.902928779333403
0.9461564909967516
1.0618417880032212
1.4734984106665554
2.6390954480011715
5.764501002335844
0.7052643379962925
0.7144648883307431
0.8932492186722811
0.9442466786664833
1.0591305390019745
1.4678792350023286
2.6397979496687185
5.741031678665119
0.6943566053378163
0.7088127743384879
0.8803301506656377
0.946823988337807
1.05893524333563
1.4565962043319207
2.6435899403343988
5.790058908663923
0.712730509340569
0.6969410016657397
0.8961237823338403
0.9341160799958743
1.0533528873299172
1.4739182400032103
2.651548313331053
5.722330830331582
0.70176502999675
0.7005201170007543
0.8972414676730599
0.9471353253369065
1.0524343640039053
1.4566357936661614
2.6412249489949318
5.824285860993162
0.7056339236733038
0.8559302483287562
1.0310873369987046
1.043745533330366
1.0678129263299827
1.4704865100065945
2.6613168490002863
5.7727756593327895
0.7073387443379033
0.6950273770053172
0.8908603196711434
0.9472921989945462
1.0723851903312607
1.5271962063319127
2.7272081926688165
5.85777952966843
0.7099244786659256
0.7090577160027655
0.914205936001963
0.9667083623304885
1.0840425979986321
1.4948777540024214
2.728099601328722
6.022025985002983
0.7363198899984127
0.7126447900033478
0.8859920450049685
0.9552088563311069
1.0715038923372049
1.4691735366698897
2.6734842666677046
5.907525521339267
0.7015562416684892
0.7005156046652701
0.9094522853314023
0.9791718329943251
1.076105852999414
1.495509783999296
2.727100274661401
5.937001010000434
0.7206473733385792
0.7462606373349748
0.9959040363367725
1.1151329743346043
1.150135722666164
1.4824077759985812
2.6559226593381027
5.769803805669653
0.7034864853339968
0.7005037413327955
0.8958472596617261
0.9438732516670522
1.0521747370027394
1.461967591996654
2.6489724796653413
5.785265042000295
