0.36233333333333334
0.2643333333333333
0.364
0.56
0.6313333333333333
0.6956666666666667
0.7696666666666667
0.7896666666666666
0.2996666666666667
0.379
0.44266666666666665
0.5803333333333334
0.631
0.7146666666666667
0.782
0.8293333333333334
0.384
0.335
0.358
0.488
0.6566666666666666
0.7313333333333333
0.7856666666666666
0.8246666666666667
0.363
0.36333333333333334
0.418
0.5673333333333334
0.6513333333333333
0.7316666666666667
0.795
0.8443333333333334
0.259
0.4776666666666667
0.4826666666666667
0.6416666666666667
0.7053333333333334
0.761
0.8116666666666666
0.8623333333333333
0.36633333333333334
0.26466666666666666
0.49166666666666664
0.5973333333333334
0.6246666666666667
0.711
0.7853333333333333
0.843
0.364
0.37033333333333335
0.38166666666666665
0.525
0.593
0.6203333333333333
0.6896666666666667
0.7396666666666667
0.333
0.369
0.392
0.558
0.593
0.6306666666666667
0.677
0.722
0.3496666666666667
0.343
0.45466666666666666
0.501
0.5556666666666666
0.6473333333333333
0.6963333333333334
0.729
0.31533333333333335
0.4126666666666667
0.33866666666666667
0.518
0.5453333333333333
0.578
0.633
0.674
0.3393333333333333
0.33566666666666667
0.39366666666666666
0.505
0.593
0.655
0.7116666666666667
0.7413333333333333
0.20266666666666666
0.35033333333333333
0.4653333333333333
0.5196666666666667
0.6143333333333333
0.651
0.715
0.7603333333333333
0.352
0.331
0.4003333333333333
0.5273333333333333
0.5366666666666666
0.653
0.7146666666666667
0.7573333333333333
0.369
0.428
0.44766666666666666
0.5203333333333333
0.6133333333333333
0.659
0.711
0.746
0.38266666666666665
0.33266666666666667
0.44533333333333336
0.5163333333333333
0.6246666666666667
0.703
0.748
0.787
0.339
0.352
0.4846666666666667
0.55
0.6116666666666667
0.6866666666666666
0.7176666666666667
0.7593333333333333
0.319
0.31666666666666665
0.483
0.529
0.5653333333333334
0.6073333333333333
0.6573333333333333
0.679
0.321
0.31433333333333335
0.39866666666666667
0.582
0.6536666666666666
0.703
0.745
0.78
0.28
0.33066666666666666
0.43766666666666665
0.5203333333333333
0.606
0.6586666666666666
0.7316666666666667
0.7793333333333333
0.374
0.35533333333333333
0.423
0.5066666666666667
0.6366666666666667
0.689
0.7156666666666667
0.764
0.322
0.36933333333333335
0.30966666666666665
0.61
0.6573333333333333
0.6923333333333334
0.75
0.7943333333333333
0.38666666666666666
0.289
0.504
0.5263333333333333
0.6216666666666667
0.6753333333333333
0.736
0.7693333333333333
0.3473333333333333
0.384
0.4786666666666667
0.5513333333333333
0.6383333333333333
0.6823333333333333
0.7176666666666667
0.754
0.3353333333333333
0.31066666666666665
0.438
0.5663333333333334
0.6326666666666667
0.659
0.7333333333333333
0.7743333333333333
0.39066666666666666
0.3983333333333333
0.43533333333333335
0.574
0.6546666666666666
0.6903333333333334
0.7246666666666667
0.7643333333333333
0.37933333333333336
0.2733333333333333
0.43166666666666664
0.508
0.6853333333333333
0.7193333333333334
0.7706666666666667
0.804
0.357
0.331
0.49633333333333335
0.5873333333333334
0.6906666666666667
0.7276666666666667
0.7796666666666666
0.816
0.2846666666666667
0.4256666666666667
0.4593333333333333
0.523
0.589
0.683
0.7296666666666667
0.778
0.34
0.31366666666666665
0.33866666666666667
0.5053333333333333
0.641
0.683
0.7446666666666667
0.776
0.3443333333333333
0.315
0.5083333333333333
0.5803333333333334
0.6723333333333333
0.7406666666666667
0.7896666666666666
0.8286666666666667
0.4003333333333333
0.22533333333333333
0.48433333333333334
0.6106666666666667
0.6806666666666666
0.7503333333333333
0.7923333333333333
0.8383333333333334
0.334
0.363
0.43266666666666664
0.6293333333333333
0.6813333333333333
0.7126666666666667
0.7483333333333333
0.7946666666666666
0.3343333333333333
0.36433333333333334
0.44233333333333336
0.6716666666666666
0.6883333333333334
0.7416666666666667
0.7793333333333333
0.839
0.36833333333333335
0.37433333333333335
0.399
0.5766666666666667
0.625
0.661
0.7266666666666667
0.7756666666666666
0.38533333333333336
0.2813333333333333
0.40166666666666667
0.569
0.6496666666666666
0.709
0.7633333333333333
0.8063333333333333
0.35333333333333333
0.3436666666666667
0.347
0.5306666666666666
0.5893333333333334
0.621
0.6693333333333333
0.7353333333333333
0.35833333333333334
0.3423333333333333
0.37733333333333335
0.4513333333333333
0.5626666666666666
0.6533333333333333
0.7246666666666667
0.784
0.3476666666666667
0.3923333333333333
0.43566666666666665
0.41433333333333333
0.5593333333333333
0.6136666666666667
0.6646666666666666
0.735
0.345
0.28933333333333333
0.32
0.5183333333333333
0.59
0.6586666666666666
0.743
0.7856666666666666
0.24766666666666667
0.336
0.4003333333333333
0.48133333333333334
0.574
0.6843333333333333
0.754
0.8123333333333334
0.38966666666666666
0.2966666666666667
0.412
0.4886666666666667
0.5786666666666667
0.6536666666666666
0.7683333333333333
0.813
0.311
0.31366666666666665
0.4676666666666667
0.5353333333333333
0.6056666666666667
0.6946666666666667
0.7643333333333333
0.8163333333333334
0.30133333333333334
0.309
0.332
0.52
0.5566666666666666
0.653
0.708
0.7606666666666667
0.3373333333333333
0.302
0.382
0.51
0.6126666666666667
0.6543333333333333
0.7473333333333333
0.7943333333333333
0.33466666666666667
0.32766666666666666
0.36966666666666664
0.44066666666666665
0.5383333333333333
0.5926666666666667
0.668
0.71
