0.4212696723332859
0.4266182560000213
0.42581502366670065
0.4283060639999879
0.5366028083333276
0.9581290919999977
2.3206755609999163
6.76692039233338
0.42556609433328657
0.42653078100003466
0.42656470533340024
0.42769113399996667
0.538753254000009
0.9568435506666901
2.3547337750000374
6.869049542333262
0.4263776153332704
0.4245011103334188
0.427134861333343
0.4289524266666073
0.5367226766666136
0.957190232999892
2.9210197513331573
8.638795552000223
0.42560102966672275
0.42516479333319995
0.4254410586666684
0.4292382996665462
0.5362866133333833
0.9585509589999978
2.352577790333271
6.800161625999863
0.42225644466680023
0.42334964633331157
0.42325791233330773
0.4279475230000571
0.5367129069998858
0.9593598173332794
2.4549105389999872
7.230553569666578
0.4245560183332297
0.42710169899964967
0.42722395100008725
0.4276185750001484
0.5387984253332737
0.958454602333101
2.2886156070001866
6.732253403666618
0.4247192926671535
0.4262749486664082
0.426049536666748
0.43148790566677536
0.5378853653334469
0.9578760479998891
2.253179411666679
6.403151150999899
0.42747269366645924
0.4240920813332802
0.42593454933315417
0.42835561866650096
0.5377689506664561
0.9245055600000948
2.359742691999903
7.531651781000012
0.4264268710000276
0.4252406996668772
0.42600140133314807
0.42773187133358687
0.537240469666358
0.9615938306669705
2.318905018333377
6.600604652999816
0.42590259800029645
0.42575773066649464
0.42599236433337256
0.4278084353333422
0.5382367356666388
0.9576203503332484
2.284594993333485
6.5332888026666
0.42483922766678006
0.42648019833359285
0.4278879013333305
0.4284106026667966
0.5397697716665183
0.9571278143333378
2.3204174493330356
6.568397410667482
0.42604008633376605
0.42680517799999507
0.42721022133324976
0.42865258600068046
0.5387409563330342
0.9234062516667715
2.2226986170007876
6.36442464799984
0.4258831856677716
0.4275438416667991
0.4290263639995828
0.4279468149998138
0.5367719703335752
1.0649951643342017
2.558005228333665
6.665703569999702
0.42550154266670387
0.42653087599986367
0.4313828199992713
0.427913696333538
0.537812575334101
0.9570638076669032
2.3560947946662054
6.563604156333288
0.42549365766656894
0.4256684713333622
0.42592288500054565
0.4283570930001588
0.5370296983334507
0.9584910289995605
2.3205493440006344
6.763610667666096
0.42706886766609387
0.4254904429999442
0.42650832133282773
0.4287643343329061
0.5372206113327896
0.9574202120002155
2.455448247333455
7.096758321332648
0.4276447906674245
0.42625325600056385
0.42560758099959156
0.4299895156673301
0.5378169649999714
0.9585022099993997
2.3215078663330737
6.466995130000214
0.42549708566669625
0.42654136800047127
0.42741618800027936
0.428705809667008
0.5361147400011154
0.9569226289998672
2.7061186683337533
8.323896498332639
0.426182320999942
0.42426247700010816
0.42702534500009887
0.42791077633288904
0.5374829053337938
0.9302588523338878
2.2849005186672002
6.497551254666178
0.42220364866686094
0.4251632539999264
0.4230990480003432
0.42780030266658287
0.5361005793335304
0.9579186200001762
2.3204672303333305
6.467129153999849
0.42521469333284284
0.42629701533345116
0.42587263533338654
0.42787363000024925
0.5362855630003954
0.925627802666592
2.3203483926663466
6.498204271333331
0.42869500033339136
0.42673545833289
0.42664245533402817
0.42814935633274825
0.5387976606665082
0.9586335243335876
2.456879735666613
7.099907623999873
0.4270735509999213
0.42770654400010244
0.4275137676668237
0.4287150943334079
0.5393323216667341
1.0588952399994014
2.396142971666753
6.4014665806668445
0.4315269979997538
0.42684602666728705
0.42700179833263974
0.4282913390015892
0.5368173643328191
0.9590241646668195
2.4877075536666475
7.137546855331796
0.42529020999912365
0.42598191233264515
0.4255325126662986
0.4284344870005346
0.5362816776675269
0.9588615523340801
2.387416747000922
7.065601561333703
0.4225755953326977
0.42302122033409734
0.4238767809983983
0.4283450520003195
0.5363187849992149
0.9595855063319808
2.4194098410007427
7.337014416333356
0.42745132666702074
0.4254497190013353
0.42556845033323043
0.42791248833358014
0.5374864230010038
0.9594775256676561
2.4558621303319037
6.966742153666321
0.425739343000411
0.425147007000002
0.4255632413345059
0.4298472510005619
0.5374097803335948
0.8579368626669748
2.2207530239999564
7.572457953666647
0.4264108836675102
0.4278926860000259
0.4257716459990964
0.42931175400008215
0.5383176543352116
0.958221749333461
2.2554049256662743
6.467226600998401
0.42644944366596366
0.4256107743325022
0.42825464699975174
0.4310255866657826
0.5362694106661365
0.923887723999845
2.2541189059993485
6.9346232356668525
0.42364083399904
0.4264529743328846
0.4257474060007856
0.4291497806661937
0.5359244083350253
0.9569823689986757
2.4213132430001374
7.104419705000812
0.4240139016668157
0.42547278499963187
0.4256631513332347
0.4295126920005714
0.5360142529995452
0.9597350273337119
2.3879313346660638
7.0986834956687135
0.4303314889984904
0.428785784667222
0.42763091466501163
0.4288662176671399
0.5362139463334946
0.9581772796676281
2.455849011667548
7.267635286001071
0.42841308166801656
0.42538350766699295
0.42577807499765186
0.42832938100157963
0.5415148909996788
1.0612922619996727
2.255380847999428
6.500445758999073
0.42609137499918387
0.4243706373332922
0.4267009093321879
0.4276915846664148
0.5373926166685123
0.8577277536666467
2.220870965001571
6.465912226998626
0.42492589099977823
0.4256564946663275
0.4297061386653998
0.42889180433364044
0.5404262419991331
0.857040377666029
2.121059477334105
6.135925457001576
0.42590533366698463
0.4280391060007484
0.4288421419999698
0.4316523159989932
0.5374212399995789
0.9567722933340216
2.319055274666122
6.599778691334602
0.42524733533355175
0.4251303680017979
0.4304074146663576
0.4288554440002675
0.5361313723333296
0.9577795656672
2.3556190346668395
6.564417449333026
0.4266644186670116
0.4291374903356579
0.42692828333262395
0.4284226859987636
0.5368113849993582
0.9580826836669681
2.321088557667584
6.606458254665388
0.4254912083342788
0.4269716120009737
0.42735727966646664
0.43060291966685327
0.5368787799998245
0.8909789456665749
2.2203119286677975
6.436799468000875
0.4250063723338826
0.4259728079996421
0.4271950769992448
0.42777957833338104
0.5392461506659553
0.9574949056659534
2.3199503013323315
6.805410379335323
0.4252473926668851
0.42557110266716336
0.4257512206665221
0.42839421466730226
0.5383944186663333
0.935854928666231
2.353985009334186
6.664076848998472
0.4252470866655737
0.4250292036655689
0.4272551620003166
0.43137175933346344
0.5377815719984937
0.9594126716656319
2.28637053666777
6.6726715676680515
0.4256317690002713
0.42924594100016594
0.4256838606670499
0.42857223100024083
0.5362856113315502
0.9582176139980826
2.38598481200097
6.901637960999021
0.42482837466498796
0.42589780933243065
0.426286708998911
0.4274533780007914
0.5358736916665899
1.067140670333174
2.5669457929992254
6.670028331000746
