0.6483333333333333
0.664
0.7037333333333333
0.7330666666666665
0.7482666666666666
0.7671333333333334
0.7807333333333333
0.7905333333333333
0.6542
0.6813333333333335
0.7038
0.733
0.7501333333333333
0.7719333333333334
0.7868
0.7987333333333334
0.6978666666666667
0.7230000000000001
0.7442
0.7603333333333333
0.7792666666666668
0.7964
0.8029999999999999
0.8166666666666667
0.6798666666666666
0.6998
0.7255333333333333
0.7495333333333334
0.7638
0.7856666666666666
0.8033999999999999
0.8162
0.7153333333333334
0.7447999999999999
0.7645333333333333
0.7807333333333333
0.8009999999999999
0.8149333333333335
0.8285333333333333
0.8387333333333334
0.6563333333333332
0.6887333333333332
0.7242666666666666
0.7430666666666667
0.7626666666666666
0.7802
0.7961333333333334
0.8054
0.6082666666666666
0.6330666666666667
0.6650666666666667
0.6859999999999999
0.7069333333333334
0.7224
0.7312666666666667
0.7449333333333333
0.5883333333333335
0.6130666666666666
0.6418666666666667
0.6564
0.6746666666666667
0.6901333333333334
0.7064
0.7226
