1.58212468601414
1.578021372668445
1.9520581473382965
2.436427876004018
3.8864171843257886
7.774900077997397
18.335881928001374
46.69233189135169
1.5726456573271814
1.5667865303306219
1.9163135470007546
2.4111820133305932
3.8858500636706594
7.628239821002353
18.351024729325825
46.76663972066793
1.5818627553429299
1.514822910336079
1.9399617243325338
2.453491603664588
3.9315527776586046
7.618377740989672
18.341416244327167
46.90904233966527
1.8436928653294065
1.7958777906605974
1.9345119663339574
2.403847311992043
3.920739639317617
7.626261408334055
18.24021146266993
46.845925191989714
1.5744581986606743
1.5683497380135425
1.8920631700117763
2.4424378403346054
3.877784453002581
7.658957980000802
18.34619915066287
46.75576272799905
1.5777323420043103
1.5662649086734746
1.8847744223409488
2.4332387473453614
3.9058345653368938
7.653632213672002
18.341807290998986
46.72306470599142
1.5546404976630583
1.5642328573352036
1.920178568000362
2.448153123346856
3.871310908337667
7.649864597003519
18.35957896866603
46.8289663993443
1.545302953668094
1.5718079873283084
1.8963836073429168
2.498990521999076
4.178957221001231
7.900166601660506
18.386460201999096
46.701633954663215
1.580873156664893
1.5707428476695593
1.9086005106704154
2.4420010799949523
3.882139355002437
7.647673305677017
18.259786195325432
46.74360485966705
1.5690583773248363
1.5169727323324576
1.9176629629995052
2.4142145896718525
3.902427134666747
7.646758825314464
18.324208569004742
46.73150083068564
1.5700936649906605
1.5292395190141785
1.932252654999805
2.407746088671653
3.9143111439965046
7.605540050659329
18.305375213337054
46.72366693432559
1.5715905146692724
1.5294333720036473
1.9278710866637994
2.4227047383319587
3.904989938668829
7.637538656999823
18.35911532700023
46.767177405660426
1.8277492980026484
1.8113486796695117
2.0083799900021404
2.4250856110011227
3.8890083716639006
7.6158584090007935
18.325318295673544
46.73252626499743
1.553361268665564
1.5599525613458052
1.8850980686741725
2.4220614999940153
3.8769508193363436
7.639157949655782
18.312142467329977
46.71505868699751
1.588401310669724
1.526131610997254
1.9316594926737405
2.4543013629930406
3.900407135670927
7.595325687997199
18.239595477323746
46.535478645654315
1.5729538270000678
1.5517073690037553
1.9009402976565373
2.428858384334793
3.869276549987262
7.64531797900175
18.345360707326716
46.514804948334735
1.5852889326633886
1.5285351763304789
1.938321871663599
2.532325241326665
4.174077463006445
7.876842229006191
18.30986869999712
46.599248857683655
1.5517779076568938
1.561296934329827
1.892065912000059
2.441737325997868
3.9120809429926644
7.612300601991592
18.312928911997005
46.61690354700355
1.5771250113418016
1.528871562331915
1.9205833846644964
2.4380932143249083
3.8504350806664056
7.628672492661281
18.266746613323146
46.58878096099943
1.5649508463393431
1.5625106790103018
1.9151325409960311
2.4588597040080153
3.8730303429959654
7.644049232670416
18.31754690366021
46.75205524500537
1.5626279056596104
1.557623770320788
1.9439203179887652
2.43388278298274
3.9416846476572878
7.730713715330542
18.637928297665592
46.83667023132633
1.567555088326723
1.5324161876730311
1.9298763266706374
2.4330622813431546
3.8312075356564796
7.637747824337566
18.346388502337504
46.73542628667201
1.5622479246618848
1.5378949523243743
1.9257476466688483
2.410329475669035
3.916329957991062
7.637663855003969
18.29210845133639
46.62754534033593
1.569031708330537
1.5773549553317328
1.9211622753355186
2.4482149433364007
3.8649715180120743
7.62358890134298
18.349543792670982
46.70090143967536
1.5930554513373256
1.5670475593360607
1.8777853560071283
2.4348865606686254
3.858497615001397
7.62085663434118
18.33633819334015
46.68877766032043
1.7351357559964526
1.7063608283448655
2.156580524664605
2.5566454113286454
3.9131157246786947
7.646100668993313
18.351780570345
46.74734793165893
1.5884601709937367
1.515987677994417
1.917669459663254
2.4229577010070593
3.908167453996915
7.603055384999607
18.32477734067167
46.87154541601194
1.5646799379998508
1.5788651679952939
1.9007723016644984
2.427057376325441
3.9018684519978706
7.632277822015264
18.285768751336338
46.62200441098927
1.5862867373313445
1.5274355373403523
1.9347215076656237
2.417251207671749
3.881280377332587
7.623920764327825
18.249801467667567
46.713410811673384
1.5714372863294557
1.5463891063312378
1.945472973001112
2.3964173893230813
3.8966189053317066
7.6392509333381895
18.3646754543297
47.05968424265544
1.7020525053376332
1.5270766226555377
1.9121698953288917
2.42474266566569
3.8935832220013253
7.65011985199332
18.279654475996114
46.72775308932372
1.565843144315295
1.57666342498851
1.9268195243203081
2.42214883932805
3.8841903703384255
7.644953028657862
18.317108459343824
46.773215570991546
1.5626998063332092
1.519872732324681
1.9437885803345125
2.4204877486724095
3.903154256006625
7.638269096331594
18.288327169332963
46.858318383989776
1.5936908753452979
1.5314662226786215
1.925143773657813
2.4129030656670998
3.9016808180022053
7.645770760660525
18.36908838733022
46.81725877533123
1.5586578303288359
1.5131216520094313
1.930119289337502
2.5249976916626715
4.183196720327639
7.980242875996434
18.548097543680342
46.69707775534092
1.5655945403365574
1.5702608333376702
1.9391569273235898
2.427064485324081
3.8928440243277387
7.635833497333806
18.352000911671592
46.7056986669971
1.5720948726714898
1.5844162773282733
1.9200224863210071
2.3964757346742167
3.903513736993773
7.720160831677883
18.3123041796692
46.730410110001685
1.5689038953278214
1.576826644333778
1.8980003563531984
2.391094304000338
3.9232735620171297
7.620053521997761
18.344687173657196
46.72464817566409
1.5499266756814905
1.552252273337217
1.8948743429985673
2.4520138710019332
3.8772442356760926
7.663512513662378
18.352439030005673
46.95612217266656
1.8604643686655133
1.778294294665102
1.902676494665987
2.4477249326688857
3.914493110331629
7.63402566833732
18.35205674766136
46.841012237671144
1.563667847328664
1.5221789966744836
1.9258601936744526
2.404747002001386
3.9120636396692134
7.648224954667967
18.41442492931189
46.75641818566752
1.5624453990118734
1.5145255060051568
1.90667805634439
2.4426708109870865
3.8801837669937718
7.67166565033646
18.387274193334935
46.906856314997036
1.5755311436563109
1.5157339403425187
1.9141835223514743
2.397155755345011
3.915098374001294
7.637453740996231
18.314521595990907
46.92105288233142
1.5393753736570943
1.5348583129913702
1.936221337004099
2.4305489726636247
3.8968904726595306
7.586237064320206
18.65831877666642
46.79817170800137
1.5653655933274422
1.5705653226565726
1.8962208493321668
2.4203543973368746
3.91401917032393
7.6101139886595774
18.363311454993283
46.78961408233348
