0.32761904761904764
0.34285714285714286
0.6190476190476191
0.6923809523809524
0.7652380952380953
0.8395238095238096
0.8823809523809524
0.9085714285714286
0.32047619047619047
0.30714285714285716
0.5247619047619048
0.7071428571428572
0.7971428571428572
0.8423809523809523
0.8928571428571429
0.9223809523809524
0.3223809523809524
0.31285714285714283
0.6552380952380953
0.7695238095238095
0.8123809523809524
0.871904761904762
0.9028571428571428
0.9323809523809524
0.3504761904761905
0.3271428571428571
0.5471428571428572
0.7433333333333333
0.8352380952380952
0.8819047619047619
0.9133333333333333
0.9428571428571428
0.31238095238095237
0.31761904761904763
0.6409523809523809
0.79
0.8514285714285714
0.8928571428571429
0.9123809523809524
0.9519047619047619
0.36238095238095236
0.34095238095238095
0.6276190476190476
0.7485714285714286
0.8180952380952381
0.8847619047619047
0.9223809523809524
0.9452380952380952
0.3628571428571429
0.3457142857142857
0.5061904761904762
0.6142857142857143
0.6914285714285714
0.7766666666666666
0.8219047619047619
0.8942857142857142
0.3361904761904762
0.2976190476190476
0.42142857142857143
0.6014285714285714
0.6861904761904762
0.7761904761904762
0.8519047619047619
0.8809523809523809
0.33
0.3585714285714286
0.5114285714285715
0.6657142857142857
0.7214285714285714
0.7714285714285715
0.8080952380952381
0.8495238095238096
0.31047619047619046
0.3457142857142857
0.4633333333333333
0.6466666666666666
0.6714285714285714
0.7533333333333333
0.8095238095238095
0.8561904761904762
0.33666666666666667
0.3171428571428571
0.5961904761904762
0.6309523809523809
0.7085714285714285
0.7738095238095238
0.8285714285714286
0.8728571428571429
0.379047619047619
0.3580952380952381
0.5795238095238096
0.6833333333333333
0.7423809523809524
0.7919047619047619
0.8452380952380952
0.8885714285714286
0.3519047619047619
0.35428571428571426
0.5214285714285715
0.6304761904761905
0.7357142857142858
0.8066666666666666
0.8590476190476191
0.8919047619047619
0.3080952380952381
0.31333333333333335
0.4742857142857143
0.5728571428571428
0.6819047619047619
0.7657142857142857
0.8395238095238096
0.8842857142857142
0.319047619047619
0.34476190476190477
0.5338095238095238
0.6752380952380952
0.7690476190476191
0.819047619047619
0.8642857142857143
0.8957142857142857
0.35095238095238096
0.3138095238095238
0.5276190476190477
0.7085714285714285
0.7533333333333333
0.7952380952380952
0.8380952380952381
0.8714285714285714
0.35904761904761906
0.3161904761904762
0.520952380952381
0.64
0.6919047619047619
0.7457142857142857
0.770952380952381
0.8128571428571428
0.30904761904761907
0.34285714285714286
0.6285714285714286
0.7314285714285714
0.76
0.8157142857142857
0.8585714285714285
0.8890476190476191
0.3080952380952381
0.3261904761904762
0.5980952380952381
0.6880952380952381
0.76
0.8304761904761905
0.8495238095238096
0.9019047619047619
0.3514285714285714
0.38047619047619047
0.5033333333333333
0.6019047619047619
0.7057142857142857
0.7923809523809524
0.840952380952381
0.8933333333333333
0.3523809523809524
0.30095238095238097
0.5447619047619048
0.7238095238095238
0.800952380952381
0.8471428571428572
0.8795238095238095
0.920952380952381
0.3580952380952381
0.3595238095238095
0.6533333333333333
0.7223809523809523
0.7761904761904762
0.8252380952380952
0.8571428571428571
0.8871428571428571
0.2842857142857143
0.30142857142857143
0.5871428571428572
0.7023809523809523
0.7661904761904762
0.8228571428571428
0.8766666666666667
0.9214285714285714
0.3342857142857143
0.29714285714285715
0.579047619047619
0.6761904761904762
0.7595238095238095
0.810952380952381
0.8423809523809523
0.89
0.35095238095238096
0.3323809523809524
0.5623809523809524
0.6466666666666666
0.7176190476190476
0.7923809523809524
0.8576190476190476
0.9076190476190477
0.3242857142857143
0.31333333333333335
0.5771428571428572
0.7466666666666667
0.7819047619047619
0.8590476190476191
0.8861904761904762
0.9161904761904762
0.38571428571428573
0.27714285714285714
0.6533333333333333
0.7542857142857143
0.8257142857142857
0.8652380952380953
0.9004761904761904
0.9276190476190476
0.3280952380952381
0.33476190476190476
0.5447619047619048
0.6661904761904762
0.7609523809523809
0.83
0.8576190476190476
0.8895238095238095
0.3342857142857143
0.2995238095238095
0.5028571428571429
0.6414285714285715
0.7328571428571429
0.81
0.8652380952380953
0.9161904761904762
0.35333333333333333
0.3557142857142857
0.53
0.7485714285714286
0.8095238095238095
0.8604761904761905
0.9047619047619048
0.9266666666666666
0.3357142857142857
0.3219047619047619
0.5766666666666667
0.758095238095238
0.839047619047619
0.8904761904761904
0.9280952380952381
0.9357142857142857
0.3080952380952381
0.3304761904761905
0.6471428571428571
0.6923809523809524
0.7561904761904762
0.839047619047619
0.8833333333333333
0.9219047619047619
0.3742857142857143
0.34904761904761905
0.6438095238095238
0.790952380952381
0.8480952380952381
0.8895238095238095
0.9171428571428571
0.94
0.34523809523809523
0.3719047619047619
0.4919047619047619
0.6433333333333333
0.7219047619047619
0.809047619047619
0.8733333333333333
0.910952380952381
0.319047619047619
0.3647619047619048
0.5738095238095238
0.7233333333333334
0.7980952380952381
0.8509523809523809
0.8904761904761904
0.9342857142857143
0.3547619047619048
0.3157142857142857
0.5033333333333333
0.5814285714285714
0.6619047619047619
0.7519047619047619
0.8371428571428572
0.8752380952380953
0.3142857142857143
0.4057142857142857
0.5661904761904762
0.6652380952380952
0.7495238095238095
0.7933333333333333
0.8519047619047619
0.8776190476190476
0.3028571428571429
0.3342857142857143
0.5114285714285715
0.6833333333333333
0.7352380952380952
0.7976190476190477
0.8428571428571429
0.8928571428571429
0.31952380952380954
0.3219047619047619
0.5985714285714285
0.6747619047619048
0.7661904761904762
0.8366666666666667
0.8766666666666667
0.9133333333333333
0.33380952380952383
0.31857142857142856
0.5823809523809523
0.7042857142857143
0.7719047619047619
0.8295238095238096
0.87
0.9147619047619048
0.33
0.34
0.5666666666666667
0.6419047619047619
0.79
0.8595238095238096
0.900952380952381
0.9319047619047619
0.3742857142857143
0.34809523809523807
0.5523809523809524
0.7233333333333334
0.7742857142857142
0.8404761904761905
0.8952380952380953
0.9295238095238095
0.3519047619047619
0.35428571428571426
0.5104761904761905
0.6123809523809524
0.7252380952380952
0.7885714285714286
0.861904761904762
0.8971428571428571
0.32142857142857145
0.3357142857142857
0.5571428571428572
0.7080952380952381
0.7490476190476191
0.8080952380952381
0.8571428571428571
0.8957142857142857
0.36095238095238097
0.33476190476190476
0.47095238095238096
0.5857142857142857
0.6547619047619048
0.7314285714285714
0.7666666666666667
0.8228571428571428
