0.15214288766825726
0.3016514386642181
0.7392013920034515
1.8161264009977458
5.032249091668443
15.92956875632808
67.70238945933427
301.70031779433583
0.15070133333210833
0.3015573696660188
0.7415555363259045
1.873466070998499
5.0426473229987705
15.769232929664819
67.00118309633399
293.195470357338
0.1516212640029456
0.30600480900708743
0.7141426749973713
1.8177546723309206
4.846088937333358
14.505547417332613
59.860951454999544
277.6946880790056
0.15101329400204122
0.3029471226618625
0.7299192386611443
1.878509484997873
5.0005093140061945
15.099926383331573
61.690210787332035
275.92524558099586
0.15081334199931007
0.3014144709983763
0.7166848503305422
1.8102371223358205
4.741017127336818
13.919669101330024
57.37057763433646
251.9647152089989
0.1515055160028472
0.3083427083377804
0.730953957667225
1.8957330596652657
5.054913655330893
15.222224611997566
65.40710161033105
293.7181282223367
0.16469587366251895
0.30005507833266165
0.731284415004969
1.878849329004879
5.329822232665417
16.879474306333577
72.36447591799758
332.6832119160002
0.15139207033401667
0.30336303799413145
0.7321825263255354
1.8704370059955788
5.213222992999363
17.383537849998294
75.3007889870011
354.2450265006676
0.15145023566825935
0.30563806066735805
0.734442859669798
1.9100227333401563
5.2693941170048975
16.970121849667823
73.07193755233311
349.10999793566106
0.15189880899561103
0.3012808630010113
0.7383326416699371
1.8894373946629155
5.307766325665095
18.235006849000154
79.61033792533756
382.2698999246592
0.15062255033505303
0.30317657966710004
0.7322530400027366
1.9211229799984721
5.164045352003693
16.598930455661804
72.46016233166058
342.14495223266323
0.1516563220017512
0.30883680133653496
0.7227914873316573
1.8839962903342287
5.24075300633073
17.07705645633784
71.9819023446665
334.21381871999864
0.15088959166799518
0.30173004733903025
0.7359889253323976
1.9038161670032423
5.247060345999974
17.41880437300036
72.37175347233521
343.11039535466506
0.15370879133600587
0.30870497299959726
0.7298088850026639
1.8566523973277071
5.0620750896681175
16.60744543466232
71.51500794233773
333.790242903992
0.1511016116613367
0.30126686033812194
0.7265213550029633
1.8488484940025955
4.964343950996408
15.139397317669742
65.27567233899997
296.60223804333265
0.1529272470070282
0.3012499136675615
0.7293320503328383
1.8719623253273312
4.902454327656112
15.903071945668975
68.20456127234502
323.0017606256685
0.15131994965486228
0.3026106999896001
0.7240429569986494
1.8826921609967637
5.241731834656093
17.425528225663584
76.60062729900044
373.3662495669948
0.15166345066973008
0.3035401353263296
0.7283624256767022
1.8438779460072208
4.788691390334861
15.281406858674018
66.77432840966503
310.86610370334046
0.15063381166934656
0.29874759999802336
0.7185323053272441
1.897043784323614
5.164228667349865
16.950099040007142
70.16496535366362
323.5951172883409
0.15193484999084225
0.3017310756646718
0.732835962990066
1.922847331336622
5.136966607659512
16.170192077668617
68.4932469180009
310.4246327683213
0.1504238006697657
0.302092664661662
0.7298730119946413
1.8898196330022377
4.96335983031895
15.526339313665327
64.44465181266423
293.9043489426646
0.15085977466272502
0.30115055198742385
0.7283414856647141
1.8760299723459564
4.8992966293299105
15.80625603266526
65.3942520256581
313.46763587232755
0.152565552998567
0.3039639153381965
0.7188320896724084
1.8535406976686015
5.047088227331794
16.07602661365915
69.17534837767016
321.265573190661
0.1510953446656155
0.3053072026717321
0.7358370803315969
1.8412992826585348
4.956920341666167
16.436021511326544
69.57199591332271
331.93744542766945
0.15196924633346498
0.30318958634355414
0.7268409589887597
1.7718147579871584
4.688031853661717
15.143679758669654
65.49314185099986
308.17301121132914
0.1515267453311632
0.30484985099368106
0.7182633043266833
1.7376556173257995
4.693027535327322
14.0719021736586
59.900596717333734
277.30160443434335
0.15500764667134112
0.3025203986617271
0.7167914126669833
1.7871662889956497
4.814584916670962
14.708037693004977
63.120618131002026
292.7280887669961
0.1509714316634927
0.30187665900060284
0.7266442913387436
1.8732937890066144
5.052885299325378
16.041343659327442
68.14164032866636
320.3070508246601
0.1502512773440685
0.3025290150156555
0.7309114529925864
1.8710218053408123
5.023108472999108
16.03879493865922
66.02746390899604
300.14249056765885
0.1512301743205171
0.3056197516755977
0.7203491189963339
1.8271457620042686
4.844946334342239
14.62335984731908
61.29460946300727
274.9481401096661
0.15305819266359322
0.30770467799933005
0.7088452753184052
1.8433242023359828
4.886615668666006
14.78078354333411
62.625127362679144
282.2465024166643
0.15124916800414212
0.29909833834002103
0.6973709333396982
1.7763172733345225
4.659256839338923
14.516852629332183
60.57767436400172
267.02801619502134
0.15202780232842392
0.3001612216564051
0.6912808033424275
1.7308931793280256
4.582564731991927
13.71305404433709
55.426130051006716
248.35129320100532
0.15229122598733133
0.304892951331567
0.7291934759996366
1.86645074999736
4.929363017668948
16.203662652987987
67.83917791899876
311.0921106566772
0.15045048533162722
0.30224646398952854
0.7152360793261323
1.8180785110065092
4.908256238995818
15.546371270320378
63.7109107276677
298.4003922243331
0.15844712566467933
0.30266361066605896
0.746137285993124
1.924421322987958
5.232797490985831
17.321425219328376
73.20363705966156
334.48459713932243
0.15022321266587824
0.3040326033272625
0.7312757373438217
1.9453724543369997
5.370751684327843
17.51363468100317
72.1718527583289
334.24115097500425
0.15104402166131572
0.3037498966635515
0.7407335359991217
1.9645508406683803
5.409485261334339
17.899059132672846
73.74134133266246
344.81611023268005
0.1514212910066514
0.303558808004406
0.7352795516587017
1.9796788996706407
5.273358677329573
17.00280922400998
70.15069893367279
318.94281188265694
0.15051775433433554
0.30124146533974755
0.7427616646649161
1.9522402109966304
5.346268752337589
17.15382815365835
69.75980379400426
312.39292223066633
0.15098933966752762
0.3008161816687789
0.7347739259906424
1.9597819580133848
5.391519091994269
17.38101049500013
70.29553754765463
314.68147545532946
0.15286405799755207
0.3037947903406651
0.7359372263308614
1.829289021009269
4.942005032324232
15.189465953987868
61.241241348334974
274.00754586433567
0.15103757999410541
0.29996455532576266
0.7349078483433308
1.8627695920004044
5.09987851967647
16.54130577466761
70.46957561866536
326.9083338930116
0.15060192667685138
0.3034443729945148
0.723299462988507
1.9410581196619507
5.208744918005929
16.866208278001675
69.91044604067186
316.61779993366025
0.15348978067049757
0.30665913166012615
0.7317321690109869
1.9734569680100928
5.521066779998364
19.215258469009616
80.9705187806588
380.93313520833425
