0.03208448000009412
0.05192451000016263
0.059717677000207914
0.10260818400001881
0.1984927329999664
0.3603638920001231
0.010707142000001113
0.0574736280000252
0.05790657200009264
0.10512510400008068
0.19706192099988584
0.35863091100009115
0.056737547000011546
0.038062705000129426
0.057620764999910534
0.10097586100005174
0.19801143699987733
0.36964311800011274
0.013145055999984834
0.06440226499989876
0.06008148399996571
0.11031507400002738
0.19386098299992227
0.3727151849998336
0.04698925100001361
0.020540287000130775
0.06185359799997059
0.12732437799991203
0.19971115999987887
0.37282015999994655
0.015206379999881392
0.05844943700003569
0.06253253199997744
0.1031277009999485
0.19833978499991645
0.3694283950001136
0.008183327999859102
0.060670761999972456
0.06109994200005531
0.10885538599995925
0.21825698400016336
0.3692142440002044
0.04614171699995495
0.05759877599984975
0.05890160199987804
0.11497824499997478
0.22314291800012143
0.3561914709998746
0.015068059999975958
0.05949946300006559
0.059842677000006006
0.10675221299993609
0.18647858799999995
0.3658437880001202
0.00905762900015361
0.05671047800001361
0.06238881800004492
0.11418881500003408
0.19661240599998564
0.37706330099990737
0.015253756999982215
0.060992122000016025
0.061022055000194086
0.10893821800004844
0.19001497700014625
0.38270463799995014
0.012539360999880955
0.03580013800001325
0.06405617099994743
0.11865427700013242
0.19463961499991456
0.3755511290000868
0.04484173399987412
0.06563645000005636
0.075577419000183
0.10764284400011093
0.19416135899996334
0.3615926810000474
0.05730096999991474
0.039738593000038236
0.06413831899999423
0.09978419300000496
0.19170679500007282
0.361241894999921
0.031505467999977554
0.05693847100019411
0.06416779899996072
0.1115712060000078
0.18992731299999832
0.37870790700003454
0.009874024000055215
0.0639664499999526
0.06111300500015204
0.11007795599994097
0.19371621899995262
0.3706668880001871
0.05239296900003865
0.059886919000064154
0.05977202600001874
0.11893730099995992
0.19647249500008002
0.3667932240000482
0.04155596600003264
0.0588424610000402
0.06499613400001181
0.10661062000008314
0.1912855309999486
0.36405149100005474
0.00834722900003726
0.05734218699990379
0.05881804699993154
0.10856371599993508
0.1870721230000072
0.35782739999990554
0.05734617400003117
0.06072932699999001
0.06513780499994937
0.1007200730000477
0.1938002829999732
0.382357834000004
0.013500650999958452
0.0582043629999589
0.05980111899998519
0.10866258999999445
0.1944433440000921
0.36396083500017085
0.045214422999833914
0.06279672599998776
0.05801672300003702
0.10493837599983635
0.19037509499980843
0.3512538750001113
0.01707689899990328
0.057078646000036315
0.06407713199996579
0.11298936599996523
0.1880676380001205
0.3693358730001819
0.030454985999995188
0.05719960999999785
0.058351434000087465
0.11383814900000289
0.1925833390000662
0.3650397569999768
0.05256255699987378
0.062225193000131185
0.06459735499993258
0.10820380600011958
0.20510957500005134
0.3698209570000017
0.04925842699981331
0.061736790999930236
0.06149260099982712
0.1086580060000415
0.19980002100010097
0.36905223400003706
0.03319233599995641
0.02408403200001885
0.06464854200021364
0.11090490300011879
0.19753120700011095
0.37760736499990344
0.05028158500022073
0.06005918999994719
0.06575943600000755
0.10902935900003285
0.21017431299992495
0.3822922120000385
0.010212910000063857
0.05945707199998651
0.06136595399993894
0.10979750799992871
0.19983043599995653
0.3779987150001034
0.05749216300000626
0.05944153499990534
0.05894384099997296
0.10161303200015936
0.18575018899991846
0.3405314379999709
0.011897776000068916
0.057677665000028355
0.06375083400007497
0.11038005399996109
0.2000825679999707
0.3720206540001527
0.00967469300007906
0.015040398999872195
0.06834837199994581
0.1098137559999941
0.19043699200005904
0.3730756960001145
0.011864267999953881
0.058067717000085395
0.058739606000017375
0.11309069999992971
0.19862672999988717
0.37008482099986395
0.05791435800006184
0.04376633199990465
0.0610318169999573
0.10292061900008775
0.20477511400008552
0.3736461749999762
0.060281608999957825
0.05893691799997214
0.060405833999993774
0.10447756799999297
0.19665723899993282
0.38157936499987954
0.06342847900009474
0.06071240400001443
0.060923025999954916
0.10528582900019501
0.1917049369999404
0.3844526819998464
0.012302888000021994
0.060664761999987604
0.06223281000006864
0.10782144699987839
0.1897653910000372
0.37839106399997036
0.0199468060000072
0.05954055900019739
0.05927007400009643
0.11037606499985486
0.19398215000001073
0.37529798800005665
0.011397074000115026
0.06727908900006696
0.060975066000082734
0.11028650600019319
0.19661017399994307
0.36082339500012495
0.05575166299990997
0.06117861999996421
0.05802192200007994
0.0993186319999495
0.1987628560000303
0.3526225020000311
0.026142673999856925
0.07273522199989202
0.06050984500006962
0.10891510800001925
0.19622211199998674
0.3643847989999358
0.03706844499993167
0.04372360399997888
0.05975814499993248
0.10865559400008351
0.20062603800010947
0.35870799300005274
0.013610034000066662
0.05892073099994377
0.05705434800006515
0.1099226159999489
0.2100158329999431
0.38310779700009334
0.031337915999984034
0.05994720100011364
0.061093753000022843
0.10871935900013341
0.20636487199999465
0.37407720099986363
0.009625491999941005
0.06046297400007461
0.059796746999836614
0.10989660800009915
0.1945788600000924
0.3585167679998449
0.011649803000182146
0.056895172999929855
0.056018956000116304
0.1088538779999908
0.20526694399995904
0.37920852899992497
