0.42702702702702705
0.372972972972973
0.5783783783783784
0.6756756756756757
0.7675675675675676
0.8918918918918919
0.43820224719101125
0.5393258426966292
0.4943820224719101
0.8089887640449438
0.8595505617977528
0.9325842696629213
0.4619883040935672
0.52046783625731
0.7251461988304093
0.8713450292397661
0.9181286549707602
0.9707602339181286
0.42473118279569894
0.5268817204301075
0.6666666666666666
0.8333333333333334
0.8548387096774194
0.9354838709677419
0.3463687150837989
0.5418994413407822
0.5251396648044693
0.7039106145251397
0.8212290502793296
0.9329608938547486
0.38372093023255816
0.5116279069767442
0.6046511627906976
0.7325581395348837
0.8430232558139535
0.9069767441860465
0.4438202247191011
0.6460674157303371
0.7471910112359551
0.8089887640449438
0.898876404494382
0.898876404494382
0.42702702702702705
0.6216216216216216
0.6648648648648648
0.7783783783783784
0.8216216216216217
0.8918918918918919
0.4157303370786517
0.5786516853932584
0.6348314606741573
0.8314606741573034
0.8707865168539326
0.8764044943820225
0.49740932642487046
0.5233160621761658
0.694300518134715
0.772020725388601
0.8186528497409327
0.8652849740932642
0.3763440860215054
0.510752688172043
0.521505376344086
0.6451612903225806
0.8279569892473119
0.8870967741935484
0.48044692737430167
0.41899441340782123
0.6871508379888268
0.7821229050279329
0.7821229050279329
0.8770949720670391
0.4594594594594595
0.6108108108108108
0.6486486486486487
0.8108108108108109
0.8918918918918919
0.8918918918918919
0.43859649122807015
0.6198830409356725
0.672514619883041
0.7426900584795322
0.847953216374269
0.9415204678362573
0.3709677419354839
0.7150537634408602
0.7688172043010753
0.8978494623655914
0.8978494623655914
0.9408602150537635
0.5810055865921788
0.6536312849162011
0.8100558659217877
0.8659217877094972
0.8938547486033519
0.9553072625698324
0.5058139534883721
0.6511627906976745
0.7732558139534884
0.9069767441860465
0.9476744186046512
0.9476744186046512
0.6067415730337079
0.6348314606741573
0.8258426966292135
0.8370786516853933
0.9438202247191011
0.9719101123595506
0.5083798882681564
0.553072625698324
0.8547486033519553
0.9050279329608939
0.9497206703910615
0.9329608938547486
0.5406976744186046
0.6162790697674418
0.75
0.8546511627906976
0.9069767441860465
0.9534883720930233
0.6606060606060606
0.6
0.7696969696969697
0.9212121212121213
0.9030303030303031
0.9515151515151515
0.47368421052631576
0.5380116959064327
0.8070175438596491
0.9239766081871345
0.935672514619883
0.9590643274853801
0.39572192513368987
0.5828877005347594
0.7486631016042781
0.7967914438502673
0.8288770053475936
0.9197860962566845
0.37222222222222223
0.6611111111111111
0.6611111111111111
0.75
0.8722222222222222
0.8944444444444445
0.4032258064516129
0.7526881720430108
0.9086021505376344
0.8333333333333334
0.9139784946236559
0.9408602150537635
0.3352601156069364
0.5664739884393064
0.7514450867052023
0.8265895953757225
0.8786127167630058
0.9075144508670521
0.5865921787709497
0.6815642458100558
0.7486033519553073
0.8324022346368715
0.9385474860335196
0.9553072625698324
0.4941860465116279
0.6395348837209303
0.8546511627906976
0.8895348837209303
0.9418604651162791
0.9476744186046512
0.48128342245989303
0.5561497326203209
0.5882352941176471
0.8609625668449198
0.9144385026737968
0.9411764705882353
0.4388888888888889
0.5722222222222222
0.7777777777777778
0.9166666666666666
0.9166666666666666
0.9611111111111111
0.4256410256410256
0.6410256410256411
0.7743589743589744
0.8051282051282052
0.8512820512820513
0.9333333333333333
0.4095744680851064
0.5425531914893617
0.6117021276595744
0.8085106382978723
0.8776595744680851
0.8829787234042553
0.43646408839779005
0.6353591160220995
0.6795580110497238
0.7900552486187845
0.8950276243093923
0.9337016574585635
0.34759358288770054
0.6042780748663101
0.7272727272727273
0.8877005347593583
0.9251336898395722
0.9625668449197861
0.4508670520231214
0.45664739884393063
0.5028901734104047
0.7572254335260116
0.9190751445086706
0.9421965317919075
0.4787234042553192
0.6276595744680851
0.7712765957446809
0.9042553191489362
0.9148936170212766
0.9361702127659575
0.3812154696132597
0.5580110497237569
0.6574585635359116
0.7569060773480663
0.8950276243093923
0.9116022099447514
0.4540229885057471
0.5862068965517241
0.7126436781609196
0.8045977011494253
0.9195402298850575
0.9425287356321839
0.4666666666666667
0.6055555555555555
0.7333333333333333
0.9222222222222223
0.9222222222222223
0.9833333333333333
0.43646408839779005
0.5580110497237569
0.7292817679558011
0.8011049723756906
0.9337016574585635
0.9613259668508287
0.3735632183908046
0.5459770114942529
0.764367816091954
0.7758620689655172
0.8793103448275862
0.9137931034482759
0.3712574850299401
0.6287425149700598
0.7125748502994012
0.8922155688622755
0.9461077844311377
0.9461077844311377
0.42196531791907516
0.5549132947976878
0.7572254335260116
0.9017341040462428
0.9479768786127167
0.9421965317919075
0.3439153439153439
0.544973544973545
0.5608465608465608
0.7671957671957672
0.873015873015873
0.8941798941798942
0.5
0.521978021978022
0.6593406593406593
0.7307692307692307
0.9010989010989011
0.9010989010989011
0.4521276595744681
0.6702127659574468
0.7659574468085106
0.8829787234042553
0.9095744680851063
0.9521276595744681
