0.3769230769230769
0.36153846153846153
0.38461538461538464
0.4461538461538462
0.4846153846153846
0.5692307692307692
0.312
0.344
0.432
0.416
0.592
0.6
0.35537190082644626
0.4628099173553719
0.4793388429752066
0.4049586776859504
0.5537190082644629
0.5371900826446281
0.4122137404580153
0.3282442748091603
0.366412213740458
0.42748091603053434
0.4961832061068702
0.5572519083969466
0.38095238095238093
0.36507936507936506
0.36507936507936506
0.4365079365079365
0.48412698412698413
0.5952380952380952
0.33884297520661155
0.4380165289256198
0.45454545454545453
0.4049586776859504
0.48760330578512395
0.6115702479338843
0.44
0.328
0.432
0.352
0.512
0.488
0.35384615384615387
0.4
0.3769230769230769
0.45384615384615384
0.5230769230769231
0.5307692307692308
0.3492063492063492
0.4603174603174603
0.4126984126984127
0.49206349206349204
0.5079365079365079
0.5238095238095238
0.3235294117647059
0.3382352941176471
0.38235294117647056
0.4117647058823529
0.4485294117647059
0.4411764705882353
0.32061068702290074
0.31297709923664124
0.3511450381679389
0.4198473282442748
0.45038167938931295
0.4580152671755725
0.40476190476190477
0.35714285714285715
0.4126984126984127
0.42063492063492064
0.4603174603174603
0.5396825396825397
0.4230769230769231
0.35384615384615387
0.4230769230769231
0.47692307692307695
0.5692307692307692
0.5076923076923077
0.35537190082644626
0.371900826446281
0.4049586776859504
0.4132231404958678
0.5702479338842975
0.5950413223140496
0.3893129770992366
0.4122137404580153
0.42748091603053434
0.4122137404580153
0.5343511450381679
0.6030534351145038
0.3888888888888889
0.38095238095238093
0.42063492063492064
0.5158730158730159
0.5079365079365079
0.6031746031746031
0.32231404958677684
0.4628099173553719
0.39669421487603307
0.47107438016528924
0.5206611570247934
0.628099173553719
0.28
0.352
0.416
0.424
0.56
0.552
0.3464566929133858
0.3700787401574803
0.48031496062992124
0.5196850393700787
0.5669291338582677
0.6535433070866141
0.28688524590163933
0.48360655737704916
0.45901639344262296
0.5163934426229508
0.4180327868852459
0.6229508196721312
0.358974358974359
0.37606837606837606
0.4017094017094017
0.5982905982905983
0.5641025641025641
0.6068376068376068
0.33884297520661155
0.34710743801652894
0.3884297520661157
0.4297520661157025
0.47107438016528924
0.5619834710743802
0.3560606060606061
0.4318181818181818
0.3409090909090909
0.3787878787878788
0.49242424242424243
0.6060606060606061
0.3228346456692913
0.3464566929133858
0.4015748031496063
0.4251968503937008
0.48031496062992124
0.48031496062992124
0.3893129770992366
0.35877862595419846
0.4351145038167939
0.549618320610687
0.5114503816793893
0.5725190839694656
0.32786885245901637
0.38524590163934425
0.38524590163934425
0.4262295081967213
0.4672131147540984
0.4672131147540984
0.25396825396825395
0.40476190476190477
0.3412698412698413
0.4126984126984127
0.4523809523809524
0.5555555555555556
0.4380165289256198
0.38016528925619836
0.48760330578512395
0.4380165289256198
0.5454545454545454
0.628099173553719
0.44274809160305345
0.366412213740458
0.4198473282442748
0.5190839694656488
0.5267175572519084
0.5877862595419847
0.33858267716535434
0.3858267716535433
0.41732283464566927
0.5275590551181102
0.5511811023622047
0.6614173228346457
0.38686131386861317
0.3284671532846715
0.4233576642335766
0.45985401459854014
0.48905109489051096
0.5474452554744526
0.44696969696969696
0.4166666666666667
0.4015151515151515
0.3939393939393939
0.45454545454545453
0.6212121212121212
0.33858267716535434
0.4015748031496063
0.4251968503937008
0.5039370078740157
0.5039370078740157
0.6062992125984252
0.3816793893129771
0.366412213740458
0.45038167938931295
0.5419847328244275
0.5877862595419847
0.6030534351145038
0.30327868852459017
0.3360655737704918
0.36065573770491804
0.39344262295081966
0.5163934426229508
0.5901639344262295
0.3939393939393939
0.29545454545454547
0.48484848484848486
0.45454545454545453
0.4621212121212121
0.6287878787878788
0.31496062992125984
0.3543307086614173
0.3543307086614173
0.5039370078740157
0.5275590551181102
0.5905511811023622
0.4098360655737705
0.3360655737704918
0.45901639344262296
0.4672131147540984
0.5327868852459017
0.6229508196721312
0.3492063492063492
0.42063492063492064
0.4444444444444444
0.3888888888888889
0.49206349206349204
0.5634920634920635
0.3515625
0.4453125
0.453125
0.5
0.5
0.6015625
0.4065040650406504
0.3252032520325203
0.4065040650406504
0.4065040650406504
0.5447154471544715
0.6178861788617886
0.4152542372881356
0.3389830508474576
0.4576271186440678
0.5677966101694916
0.5677966101694916
0.635593220338983
0.3442622950819672
0.4098360655737705
0.45901639344262296
0.5245901639344263
0.5737704918032787
0.6229508196721312
0.3383458646616541
0.39849624060150374
0.39097744360902253
0.45112781954887216
0.5037593984962406
0.5714285714285714
0.390625
0.3671875
0.40625
0.4296875
0.5546875
0.65625
0.4696969696969697
0.4166666666666667
0.3787878787878788
0.5151515151515151
0.5606060606060606
0.6363636363636364
