0.14349015000004783
0.19058311899993896
0.1544167639999614
0.2481431489999295
0.8366580929999827
1.1103000790000124
0.0905093000000079
0.2813205150000613
0.0858453839999811
1.1942863250000073
0.8406796109999277
1.765944768000054
0.09143616899996232
0.3641334239999878
0.3197530859999915
0.2561693679999735
0.9280135359999804
4.778991431999998
0.11586079200003496
0.107279422999909
0.15903451999997742
0.20804324399989582
0.6926329809999743
3.9711948650000295
0.1635003249999727
0.19340430899990224
0.44294960500008074
0.20589337199999136
0.8518783440000561
1.4239809439999362
0.13750393900011204
0.3794564669999545
0.20587072699993314
0.20234172300001774
0.6272235779999846
1.1252593259999912
0.11266950799995357
0.21766206900008456
0.245857112000067
0.2501951410000629
0.693286143000023
1.5990112380000028
0.2832523490000085
0.21516096499999549
0.15308345099992948
0.204423643000041
0.6926866599999357
1.2779721599999903
0.15761649199998828
0.30169652300003236
0.20038993399998617
0.47809232800000245
1.0185760229999232
1.4467642649999561
0.1135933750000504
0.27027675900001213
0.28161908899994614
0.20010601000001316
0.5352153549999912
0.950738670000078
0.11309779500004424
0.22203313600005004
0.13167838599997594
0.3729650770000035
0.5506803800000171
1.4301021359999595
0.11440062100007253
0.11220341500006725
0.21649801099999877
0.32185057999993205
0.4807668079999985
1.6013799280000285
0.3953062670000236
0.2595747540000275
0.30012359099998775
0.3620975049999515
0.6946911909999471
1.1277444529999912
0.18409629099994618
0.2511237719999144
0.3497010889999501
0.40143287099999725
1.2170501030000196
1.5838151650000327
0.13765364599998975
0.29482252200000403
0.1826947660000542
0.16842223300000114
0.8506683489999887
0.9659075259999099
0.11560800000006566
0.2489948510000204
0.17485930599991661
0.5207413319999432
1.6012259949999361
1.5884639029999335
0.09380684799998562
0.16279640599998402
0.15066958099998828
0.27607946699993136
0.846220300999903
1.743302799999924
0.1424825909999754
0.21565868300001512
0.5206805450000047
0.28026598400003877
0.9975646870000219
1.442453579999892
0.1812136940000073
0.2456964450000214
0.1512217499999906
0.44347665300006156
1.0844396479999432
2.8541112059999705
0.12024820199985697
0.8275432010000259
0.1501259700000901
0.6866673799997898
0.5298574630000985
2.3857959680001386
0.1205271349999748
0.19255325399990397
0.378184931000078
1.1631440610001391
0.6940434859998277
1.758728549999887
0.18585106099999393
0.2997145549998095
0.28840291599999546
0.5640166450000379
0.5301810500000101
1.6017545800000335
0.09400042800007213
0.21852719000003162
0.13402433700002803
0.24514830400016763
1.0756027209999957
1.1181364369999756
0.1191557820000071
0.21554966300004708
0.1791947720000735
0.41152526899986697
0.6142540149999149
1.1140955319999648
0.1431994179999947
0.1682522109999809
0.2906626500000584
0.6544966290000502
0.6206368089999614
1.2782292690001213
0.11609459999999672
0.2998282260000451
0.174959736999881
0.28432059300007495
0.6935867449999478
1.6060156250000546
0.0928069910000886
0.22067671800004973
0.18117405900011363
0.44043230699980995
0.46217532699984076
1.4308155569999599
0.21322464800005037
0.21478127500017763
0.33913370499999473
0.44667895599991425
0.6182628110000223
1.1174992629998997
0.23296670199988512
0.193807864000064
0.16118536499993752
0.690721258999929
1.3163665040001433
1.7558094739999888
0.1708474429999569
0.24635599499993077
0.1835055020001164
0.3631706989999657
0.9291343889999553
4.78559613199991
0.23678985600008673
0.1639721679998729
0.15143204199989668
0.4926660090000041
0.3909253190001891
1.7410580509999818
0.11427390299991202
0.22002744199994595
0.18205434799983777
0.16132564899999124
0.9985310500001106
1.1066951200000403
0.14158029100008207
0.24173387999985607
0.1985187139998743
0.27963050299990755
0.5327000839999982
1.5926698579999083
0.1656994790000681
0.32062902799998483
0.19324083799983782
0.6810943560001306
0.9209277109998766
1.1135435380001582
0.23386338199998136
0.10909710800001449
0.1788291069999559
0.21108687300011297
0.9226795839999795
1.5947114299999612
0.0917804470000192
0.13431086600007802
0.28706092699985675
0.23676072299986117
1.7054588849998709
4.800684992000015
0.14362944599997718
0.16384426600006918
0.17611379499999202
0.3612443380000059
1.0022748359999696
1.4395728869999402
0.137123216999953
0.2188942620000489
0.19821376499999133
0.2400365650000822
2.3199695079999856
2.3769493380000313
0.22747586699983913
0.25464293000004545
0.2575381199999356
0.24878753300004064
0.5492946289998599
2.2320403229998647
0.19908510499999466
0.21847756499983007
0.22689756599993416
0.3980890210000325
0.8433129149998422
1.9129636580000806
0.3502105320001192
0.10678621900001417
0.4252252490000501
0.20168761299987636
0.9352828820001378
1.9132337109999753
0.11996334700006628
0.13359010299996044
0.2155282740000075
0.5687464899999668
1.6916813949999323
1.5903515889999653
0.23146319899979062
0.22122232399988206
0.2642116800000167
0.8011887659999957
2.300901821000025
1.4236639979999381
0.1145498690000295
0.18664524499990875
0.1730156389999138
0.6460347239999464
0.5355755890000182
1.6067733090001184
0.09291328199992677
0.24404899799992563
0.20849911799996335
0.4378428210000038
1.083227025000042
1.4394366530000298
0.15836392699998214
0.10734613699992224
0.21544613700007176
0.5165151940000214
0.8396365209998748
1.1230259320000187
