0.0012312839999140124
0.0014589769998565316
0.004514890999871568
0.015991772000006677
0.06079105399999207
0.22009190699986902
0.0010980719998769928
0.0018266310000853991
0.004465612999865698
0.014511738000010155
0.048740787000042474
0.1654455330001383
0.0008310609998716245
0.0013192159999562136
0.00401620500019817
0.014002861000108169
0.04726074899986088
0.15880663600000844
0.00081145900003321
0.0013599630001408514
0.004270907000091029
0.013963115000024118
0.05071860399993966
0.1869886099998439
0.0008712159999504365
0.0014053590000457916
0.00435993399992185
0.014346391999879415
0.056134731999918586
0.20843758199998774
0.0009352879999369179
0.0014016110001193738
0.004353866999963429
0.015970742000035898
0.05781069399995431
0.20515528000009908
0.0007830419999663718
0.001488379000193163
0.004316594000101759
0.013701702999924237
0.04801515400004064
0.16269489400019665
0.0008372459999463899
0.00139000300009684
0.00432533200000762
0.014107699000078355
0.04897162899987961
0.1797345300001325
0.0008361010000044189
0.002341629000056855
0.0043495229999734875
0.014291183000068486
0.04967385600002672
0.1677617579998696
0.0009390959999109327
0.0015096760000687937
0.004576150000048074
0.015457657000069958
0.0534606859998803
0.19554371399999582
0.0008722060001673526
0.0013884429999961867
0.004418866000150956
0.01595376899990697
0.052710350000097606
0.20497958700002528
0.0008964879998529796
0.0014057559999400837
0.0046279880000383855
0.015391430999898148
0.05259748100002071
0.19900423899980524
0.0008366170000044804
0.0014983930000198598
0.004320114999927682
0.013398296000104892
0.046393245999979627
0.15328052699987893
0.0008612340000127006
0.0014849770000182616
0.004444866000085312
0.01639895600010277
0.05313032599997314
0.18679252200013252
0.000882346000025791
0.0014692940001168608
0.004404134999958842
0.014119926000148553
0.04735252499995113
0.14734150300000692
0.000778461999971114
0.001338675000170042
0.004894246000048952
0.014310000000023138
0.05113652399995772
0.1744863339999938
0.0008792710000307125
0.0013054099999862956
0.004259995999973398
0.01209316399990712
0.04343658999982836
0.15456598700006907
0.000868713000045318
0.0014427070000238018
0.0044139039998754015
0.01322415300001012
0.04646307500001967
0.1392065959998945
0.0008873249998941901
0.0013643960000990774
0.0044202100000347855
0.013009889000159092
0.043427528000165694
0.1388204439999754
0.00084801899993181
0.0014220269999896118
0.004620812999974078
0.014107547999856251
0.0508141870000145
0.15570850900007827
0.0008171819999915897
0.0013700090000838827
0.004171299999825351
0.01304159799997251
0.044885586999953375
0.1401646100000562
0.0008356319999620609
0.0014781779998429556
0.004641060000039943
0.013536508000015601
0.041391679000071235
0.136397106000004
0.0008025269999052398
0.001425982999990083
0.004375610999886703
0.015098614999942583
0.05119131999981619
0.17441329700000097
0.0008315459999721497
0.0013970279999284685
0.004331886000045415
0.01581071000009615
0.05285632100003568
0.1862532170000577
0.0008530530001280567
0.0014555969999037188
0.00441167700000733
0.013356482999824948
0.04557961099999375
0.13457405299982383
0.0008535240001492639
0.001490390000071784
0.004356970999879195
0.016119553999942582
0.05295546299998932
0.18340563599986126
0.0007678689999011112
0.0012796690000413946
0.0043930599999839615
0.016068136000058075
0.05128084599982685
0.16549138699997457
0.0007549460001428088
0.0014699470000323345
0.00421673899995767
0.013283678000107102
0.042900849000034214
0.14234227299994018
0.000868359999913082
0.0013284320000366279
0.004278843000065535
0.013634695000064312
0.04729166699985399
0.1613033850001102
0.0008865259999311093
0.0014406039999812492
0.0043084559999897465
0.01231978100008746
0.04296114299995679
0.14511456200011708
0.0008276380001461803
0.0013676820001364831
0.004685329000039928
0.015203290000044944
0.052356851000013194
0.17435201200009942
0.0008011919999262318
0.0013659869998718932
0.004307845999846904
0.014929275999975289
0.0516920760001085
0.1825027139998383
0.0008048679999319575
0.001437963000171294
0.0041753840000637865
0.014196191999872099
0.05376447100002224
0.18427040900019165
0.0008228399999552494
0.0013156089999029064
0.004326217999960136
0.013648907000060717
0.04591882499994426
0.15302567499998077
0.0008479880000322737
0.0013718430000153603
0.0042805289999705565
0.01576929999987442
0.053866780999896946
0.18825130100003662
0.0008459590001166362
0.0013927299999068055
0.004291832000035356
0.014063784999962081
0.045397524999998495
0.15989080899998953
0.0007757209998544567
0.0013104669999393082
0.004410600999790404
0.015904925000086223
0.05024034500002017
0.17784172300002865
0.000849055000117005
0.0013784420000320097
0.004355262999979459
0.014215035999995962
0.05212969600006545
0.1729614490000131
0.0007599559999107441
0.001585269000088374
0.0044321739999304555
0.013871157000039602
0.047903720000022076
0.15283156000009512
0.0007960360001106892
0.001456741000083639
0.004128777000005357
0.013185823999947388
0.043774130000201694
0.1502462870000727
0.0008716340000773926
0.0013052719998540852
0.004409010000017588
0.015260632999797963
0.05198127299991029
0.16421025699992242
0.0008813280001049861
0.0013674459999037936
0.004389368000147442
0.014088063999906808
0.048605985999984114
0.17118978600001356
0.0008736259999295726
0.0014152159999412106
0.004394044000036956
0.013060642000027656
0.044955083999866474
0.15124204099993221
0.0008973950000381592
0.0013880420001441962
0.0043928689999575
0.014201774999946792
0.050918022999894674
0.1795494409998355
0.0008550049999485054
0.0013667700000041805
0.004487069000106203
0.01721467499987739
0.05837587699988944
0.21842031599999245
0.0008127670000703802
0.0014546669999617734
0.004248432999929719
0.01425636800013308
0.04520193000007566
0.1524975170000289
