0.3333333333333333
0.3333333333333333
0.3333333333333333
0.3333333333333333
0.3333333333333333
0.46825396825396826
0.3333333333333333
0.3333333333333333
0.3333333333333333
0.3333333333333333
0.3492063492063492
0.3333333333333333
0.3333333333333333
0.3333333333333333
0.3333333333333333
0.3333333333333333
0.3333333333333333
0.3333333333333333
0.3333333333333333
0.3333333333333333
0.3333333333333333
0.3333333333333333
0.3333333333333333
0.3333333333333333
0.38095238095238093
0.3333333333333333
0.3333333333333333
0.3333333333333333
0.3333333333333333
0.36507936507936506
0.3333333333333333
0.3333333333333333
0.3333333333333333
0.3333333333333333
0.3333333333333333
0.3333333333333333
0.3333333333333333
0.3333333333333333
0.3333333333333333
0.3333333333333333
0.3333333333333333
0.3253968253968254
0.3333333333333333
0.3333333333333333
0.3333333333333333
0.3333333333333333
0.3333333333333333
0.3333333333333333
0.3333333333333333
0.3333333333333333
0.3333333333333333
0.3333333333333333
0.3333333333333333
0.3333333333333333
0.3333333333333333
0.3333333333333333
0.3333333333333333
0.3333333333333333
0.3333333333333333
0.3333333333333333
0.3333333333333333
0.3333333333333333
0.3333333333333333
0.3333333333333333
0.3333333333333333
0.3333333333333333
0.3492063492063492
0.3333333333333333
0.3333333333333333
0.3333333333333333
0.3333333333333333
0.3333333333333333
0.3412698412698413
0.3333333333333333
0.3333333333333333
0.3333333333333333
0.3333333333333333
0.3333333333333333
0.3333333333333333
0.3333333333333333
0.3333333333333333
0.3333333333333333
0.3333333333333333
0.30952380952380953
0.3333333333333333
0.3333333333333333
0.3333333333333333
0.3333333333333333
0.3333333333333333
0.3333333333333333
0.3333333333333333
0.3333333333333333
0.3333333333333333
0.3333333333333333
0.3333333333333333
0.3333333333333333
0.3333333333333333
0.3333333333333333
0.3333333333333333
0.3333333333333333
0.3333333333333333
0.3333333333333333
0.3333333333333333
0.3333333333333333
0.3412698412698413
0.3333333333333333
0.3492063492063492
0.3333333333333333
0.3333333333333333
0.3333333333333333
0.3333333333333333
0.3333333333333333
0.3333333333333333
0.3333333333333333
0.3333333333333333
0.3333333333333333
0.3333333333333333
0.3333333333333333
0.3333333333333333
0.3333333333333333
0.3333333333333333
0.3333333333333333
0.3333333333333333
0.3333333333333333
0.3333333333333333
0.3333333333333333
0.3333333333333333
0.3333333333333333
0.3333333333333333
0.3333333333333333
0.3333333333333333
0.3333333333333333
0.3333333333333333
0.3333333333333333
0.3333333333333333
0.3333333333333333
0.3333333333333333
0.3333333333333333
0.3333333333333333
0.3333333333333333
0.3333333333333333
0.3333333333333333
0.3333333333333333
0.3333333333333333
0.3333333333333333
0.3333333333333333
0.3333333333333333
0.4523809523809524
0.3333333333333333
0.3333333333333333
0.3333333333333333
0.3333333333333333
0.3333333333333333
0.3333333333333333
0.3333333333333333
0.3333333333333333
0.3333333333333333
0.3333333333333333
0.31746031746031744
0.3333333333333333
0.3333333333333333
0.3333333333333333
0.3333333333333333
0.3333333333333333
0.3412698412698413
0.3333333333333333
0.3333333333333333
0.3333333333333333
0.3333333333333333
0.3333333333333333
0.3333333333333333
0.3333333333333333
0.3333333333333333
0.3333333333333333
0.3333333333333333
0.3333333333333333
0.3333333333333333
0.3333333333333333
0.3333333333333333
0.35714285714285715
0.3333333333333333
0.3333333333333333
0.3333333333333333
0.3333333333333333
0.3333333333333333
0.3333333333333333
0.35714285714285715
0.3333333333333333
0.3333333333333333
0.3333333333333333
0.3333333333333333
0.3333333333333333
0.3333333333333333
0.3333333333333333
0.3333333333333333
0.3333333333333333
0.3333333333333333
0.3333333333333333
0.3333333333333333
0.3333333333333333
0.3333333333333333
0.3333333333333333
0.3333333333333333
0.3333333333333333
0.3333333333333333
0.3333333333333333
0.3333333333333333
0.3333333333333333
0.3333333333333333
0.3333333333333333
0.3333333333333333
0.3333333333333333
0.3333333333333333
0.3333333333333333
0.3333333333333333
0.3333333333333333
0.3333333333333333
0.3333333333333333
0.3333333333333333
0.3333333333333333
0.36507936507936506
0.3333333333333333
0.3333333333333333
0.3333333333333333
0.3333333333333333
0.3333333333333333
0.3333333333333333
0.3333333333333333
0.3333333333333333
0.3333333333333333
0.3333333333333333
0.3333333333333333
0.3333333333333333
0.3333333333333333
0.3333333333333333
0.3492063492063492
0.3333333333333333
0.3333333333333333
0.3333333333333333
0.3333333333333333
0.3333333333333333
0.3333333333333333
0.3333333333333333
0.3333333333333333
0.3333333333333333
0.3333333333333333
0.3333333333333333
0.3333333333333333
0.3333333333333333
0.3333333333333333
0.3333333333333333
0.3333333333333333
0.3333333333333333
0.3333333333333333
0.3333333333333333
0.3333333333333333
0.3333333333333333
0.3333333333333333
0.3333333333333333
0.3333333333333333
0.3333333333333333
0.3333333333333333
0.3333333333333333
0.3333333333333333
0.3333333333333333
0.3333333333333333
0.3333333333333333
0.3333333333333333
0.42857142857142855
0.3333333333333333
0.38095238095238093
0.4126984126984127
0.7380952380952381
0.8095238095238095
0.8650793650793651
0.9444444444444444
0.49624060150375937
0.7443609022556391
0.7443609022556391
0.8270676691729323
0.849624060150376
0.9624060150375939
0.3384615384615385
0.5923076923076923
0.49230769230769234
0.7615384615384615
0.8461538461538461
0.8615384615384616
0.328
0.536
0.584
0.632
0.824
0.92
0.4435483870967742
0.6209677419354839
0.5887096774193549
0.6693548387096774
0.8306451612903226
0.9274193548387096
0.45112781954887216
0.8195488721804511
0.7293233082706767
0.8045112781954887
0.9323308270676691
0.9548872180451128
0.6850393700787402
0.7244094488188977
0.6377952755905512
0.7007874015748031
0.8740157480314961
0.9212598425196851
0.5511811023622047
0.7244094488188977
0.7086614173228346
0.8188976377952756
0.8582677165354331
0.9448818897637795
0.4596774193548387
0.6370967741935484
0.49193548387096775
0.7338709677419355
0.8629032258064516
0.9032258064516129
0.4369747899159664
0.5546218487394958
0.6974789915966386
0.7310924369747899
0.8823529411764706
0.9663865546218487
0.6101694915254238
0.652542372881356
0.576271186440678
0.711864406779661
0.7796610169491526
0.8305084745762712
0.4566929133858268
0.7795275590551181
0.7480314960629921
0.7795275590551181
0.8976377952755905
0.9291338582677166
0.6776859504132231
0.6528925619834711
0.7933884297520661
0.7520661157024794
0.8925619834710744
0.9090909090909091
0.45038167938931295
0.8015267175572519
0.37404580152671757
0.8320610687022901
0.8931297709923665
0.9312977099236641
0.5079365079365079
0.5555555555555556
0.7777777777777778
0.7380952380952381
0.9206349206349206
0.9444444444444444
0.496
0.544
0.64
0.808
0.864
0.96
0.6343283582089553
0.6567164179104478
0.6716417910447762
0.7388059701492538
0.7686567164179104
0.8582089552238806
0.6796875
0.8125
0.7421875
0.8984375
0.9453125
0.953125
0.4146341463414634
0.4959349593495935
0.6666666666666666
0.7154471544715447
0.8211382113821138
0.8861788617886179
0.5491803278688525
0.6967213114754098
0.8360655737704918
0.6885245901639344
0.8770491803278688
0.8852459016393442
0.5725190839694656
0.6335877862595419
0.7251908396946565
0.7404580152671756
0.8702290076335878
0.8931297709923665
0.504
0.52
0.584
0.592
0.848
0.848
0.4700854700854701
0.6153846153846154
0.5811965811965812
0.7435897435897436
0.8290598290598291
0.905982905982906
0.7857142857142857
0.8174603174603174
0.5238095238095238
0.9126984126984127
0.9206349206349206
0.9682539682539683
0.575
0.625
0.675
0.75
0.9
0.9333333333333333
0.496
0.624
0.768
0.704
0.92
0.952
0.7058823529411765
0.7563025210084033
0.8151260504201681
0.8235294117647058
0.9159663865546218
0.9495798319327731
0.7265625
0.6796875
0.7265625
0.859375
0.9375
0.9609375
0.4117647058823529
0.6323529411764706
0.7205882352941176
0.7647058823529411
0.8455882352941176
0.9191176470588235
0.46616541353383456
0.6691729323308271
0.6015037593984962
0.7819548872180451
0.9172932330827067
0.9774436090225563
0.359375
0.546875
0.5390625
0.640625
0.75
0.9375
0.3700787401574803
0.5511811023622047
0.5118110236220472
0.6062992125984252
0.7480314960629921
0.8110236220472441
0.47058823529411764
0.7058823529411765
0.5808823529411765
0.8014705882352942
0.9044117647058824
0.9264705882352942
0.3
0.7153846153846154
0.823076923076923
0.8461538461538461
0.9461538461538461
0.9615384615384616
0.45
0.7142857142857143
0.9142857142857143
0.9
0.95
0.9785714285714285
0.4444444444444444
0.6444444444444445
0.5703703703703704
0.7407407407407407
0.8518518518518519
0.9333333333333333
0.5447761194029851
0.5522388059701493
0.6791044776119403
0.7089552238805971
0.7761194029850746
0.9104477611940298
0.5874125874125874
0.6363636363636364
0.5804195804195804
0.7062937062937062
0.8461538461538461
0.8251748251748252
0.6131386861313869
0.781021897810219
0.8613138686131386
0.8832116788321168
0.9635036496350365
0.9927007299270073
0.44696969696969696
0.5151515151515151
0.7196969696969697
0.6666666666666666
0.8636363636363636
0.9621212121212122
0.5267175572519084
0.6564885496183206
0.7022900763358778
0.8549618320610687
0.9236641221374046
0.9694656488549618
0.5714285714285714
0.85
0.8142857142857143
0.7857142857142857
0.9714285714285714
0.9857142857142858
0.6268656716417911
0.6194029850746269
0.7388059701492538
0.8283582089552238
0.9552238805970149
0.9552238805970149
0.38095238095238093
0.4603174603174603
0.42857142857142855
0.6507936507936508
0.7380952380952381
0.8968253968253969
0.362962962962963
0.6666666666666666
0.5777777777777777
0.7185185185185186
0.8962962962962963
0.9481481481481482
0.5373134328358209
0.5671641791044776
0.5746268656716418
0.6119402985074627
0.753731343283582
0.7761194029850746
0.5079365079365079
0.5634920634920635
0.6825396825396826
0.8015873015873016
0.9126984126984127
0.9603174603174603
0.6190476190476191
0.7619047619047619
0.8412698412698413
0.8095238095238095
0.9523809523809523
0.9444444444444444
0.5158730158730159
0.6507936507936508
0.753968253968254
0.8095238095238095
0.8492063492063492
0.8888888888888888
0.5877862595419847
0.5572519083969466
0.549618320610687
0.6106870229007634
0.8854961832061069
0.9083969465648855
0.5873015873015873
0.6666666666666666
0.6746031746031746
0.7380952380952381
0.8095238095238095
0.9206349206349206
0.6541353383458647
0.6015037593984962
0.7669172932330827
0.8571428571428571
0.9699248120300752
0.9699248120300752
0.5223880597014925
0.6716417910447762
0.6119402985074627
0.6567164179104478
0.7611940298507462
0.8059701492537313
0.41044776119402987
0.5447761194029851
0.664179104477612
0.7089552238805971
0.7238805970149254
0.8134328358208955
0.47761194029850745
0.5074626865671642
0.5671641791044776
0.5895522388059702
0.6492537313432836
0.664179104477612
0.5323741007194245
0.6474820143884892
0.6618705035971223
0.6618705035971223
0.7338129496402878
0.762589928057554
0.3805970149253731
0.5
0.417910447761194
0.4925373134328358
0.6044776119402985
0.7014925373134329
0.723404255319149
0.6099290780141844
0.7375886524822695
0.7304964539007093
0.7730496453900709
0.8156028368794326
0.6349206349206349
0.5555555555555556
0.7063492063492064
0.7698412698412699
0.8888888888888888
0.9285714285714286
0.7222222222222222
0.6507936507936508
0.753968253968254
0.8015873015873016
0.873015873015873
0.9126984126984127
0.5267175572519084
0.6946564885496184
0.7251908396946565
0.6946564885496184
0.8854961832061069
0.9541984732824428
0.5873015873015873
0.6428571428571429
0.6904761904761905
0.7222222222222222
0.8809523809523809
0.9126984126984127
0.8345864661654135
0.8571428571428571
0.5714285714285714
0.8646616541353384
0.9398496240601504
0.9323308270676691
0.5238095238095238
0.5793650793650794
0.7619047619047619
0.8015873015873016
0.8650793650793651
0.8888888888888888
0.6870229007633588
0.6870229007633588
0.816793893129771
0.8702290076335878
0.8854961832061069
0.9312977099236641
0.6904761904761905
0.7619047619047619
0.753968253968254
0.7301587301587301
0.7936507936507936
0.9365079365079365
0.631578947368421
0.6992481203007519
0.7969924812030075
0.8571428571428571
0.8947368421052632
0.9398496240601504
0.6564885496183206
0.5954198473282443
0.732824427480916
0.6793893129770993
0.816793893129771
0.8473282442748091
0.5396825396825397
0.4603174603174603
0.5952380952380952
0.6111111111111112
0.6746031746031746
0.8253968253968254
0.7744360902255639
0.7443609022556391
0.8195488721804511
0.8270676691729323
0.8646616541353384
0.9172932330827067
0.45038167938931295
0.5954198473282443
0.5572519083969466
0.6641221374045801
0.7709923664122137
0.8854961832061069
0.7246376811594203
0.7971014492753623
0.7898550724637681
0.8333333333333334
0.9347826086956522
0.9565217391304348
0.6766917293233082
0.7744360902255639
0.7894736842105263
0.7969924812030075
0.8270676691729323
0.924812030075188
0.5546875
0.7109375
0.6953125
0.8046875
0.9140625
0.953125
0.65625
0.6875
0.8046875
0.828125
0.96875
0.9609375
0.703125
0.8046875
0.78125
0.84375
0.8984375
0.9140625
0.6165413533834586
0.6917293233082706
0.6917293233082706
0.7443609022556391
0.8872180451127819
0.9624060150375939
0.34375
0.4453125
0.484375
0.7734375
0.8046875
0.8984375
0.6814814814814815
0.8592592592592593
0.8814814814814815
0.9481481481481482
0.9481481481481482
0.9703703703703703
0.4166666666666667
0.5666666666666667
0.39166666666666666
0.675
0.75
0.85
0.4666666666666667
0.6833333333333333
0.65
0.7
0.8583333333333333
0.9833333333333333
0.456
0.6
0.576
0.704
0.832
0.936
0.6166666666666667
0.5583333333333333
0.5916666666666667
0.7333333333333333
0.8666666666666667
0.9333333333333333
0.4330708661417323
0.6299212598425197
0.44881889763779526
0.7795275590551181
0.84251968503937
0.9212598425196851
0.5166666666666667
0.6
0.8166666666666667
0.8166666666666667
0.95
0.9583333333333334
0.496
0.592
0.512
0.688
0.824
0.912
0.5083333333333333
0.6583333333333333
0.55
0.8
0.8833333333333333
0.9416666666666667
0.6692913385826772
0.7165354330708661
0.7795275590551181
0.8267716535433071
0.9133858267716536
0.905511811023622
0.424
0.552
0.488
0.632
0.848
0.96
0.4666666666666667
0.6
0.49166666666666664
0.7166666666666667
0.7916666666666666
0.8583333333333333
