0.03076983999994809
0.02638912300017182
0.03995614400014347
0.06958305299986023
0.13296441800002867
0.25021503499988285
0.03128517400000419
0.041333955000027345
0.04070390799984125
0.07399851999980456
0.14033471000016107
0.2551729609999711
0.037070677999963664
0.04001118399992265
0.0422565129999839
0.06959262600003058
0.1332295540000814
0.25832325800001854
0.007891476999930092
0.009392448999960834
0.04134458399994401
0.07168720699996811
0.13258388500003093
0.24917598699994414
0.04064733099994555
0.025351685000032376
0.04526416700014124
0.07058975099994313
0.13530511199996909
0.25268177899988586
0.03890079299981153
0.0416408539999793
0.04405672399980176
0.07344783799999277
0.12872070000003077
0.24233050799989542
0.031108885000094233
0.04152292000003399
0.043761779999840655
0.07050082800014934
0.13291801300010775
0.25558801100009987
0.030834271000003355
0.04041133200007607
0.04020235000007233
0.06867399399993701
0.13575256300009642
0.2704064689999086
0.030871230999991894
0.039202463000037824
0.04122716200004106
0.05879445100003977
0.13277100999994218
0.25028909500019836
0.024833038999986456
0.04102962199999638
0.04122943299989856
0.06969585899992126
0.14186413700008416
0.25895763900007296
0.03201720800007024
0.039613634000033926
0.04003855700011627
0.06860033099997054
0.12876211499997225
0.25838807399986763
0.02909719700005553
0.043734313000186376
0.04564929100001791
0.07272523200003889
0.13091796999992766
0.2522346309999648
0.025454976999981227
0.039202471999942645
0.043874081000012666
0.06927463900001385
0.13317618099995343
0.24881860599998618
0.02920967699992616
0.026766770999984146
0.04186640800003261
0.07110520499986706
0.13413234699987697
0.2557711410001957
0.014364009000018996
0.03901445499991496
0.04489297700001771
0.06962748299997656
0.13679941700002018
0.24620937999998205
0.01687030599987338
0.040014593000023524
0.040791048000073715
0.07026198699986708
0.13332071800004996
0.2566445970001041
0.01680527600001369
0.022529615999928865
0.04016583500015258
0.0710676969999895
0.13450208500012195
0.2492644559999917
0.0431361900000411
0.04002376700009336
0.0420083890001024
0.06993441300005543
0.13587016099995708
0.24891318999993928
0.017442703999904552
0.04059423900002912
0.04369659199983289
0.06878232399981243
0.13626866399999926
0.2548381869999048
0.03743463899991184
0.044828864999999496
0.043559107999953994
0.06849385999998958
0.13037647199985258
0.24547886599998492
0.02948858200011273
0.03912977900017722
0.04070799800001623
0.07165529100007006
0.13511803100004727
0.25663477600005535
0.039775236999958
0.03913617099988187
0.04107688199997028
0.06984622499999205
0.13133043600009842
0.2549621240000306
0.02986785999996755
0.0299005289998604
0.04314852100014832
0.07327953900016837
0.1334044800000811
0.24895887499997116
0.0306699860000208
0.03203257399991344
0.041414644000042244
0.07103440699984276
0.1330187680000563
0.255189411000174
0.023454363999917405
0.03985287200021048
0.040633273999901576
0.08127082400005747
0.12903838800002632
0.24247176800008674
0.029672643999901993
0.04466627400006473
0.04069754799979819
0.0700095950001014
0.14261746500005756
0.2555108410001594
0.038135793000037665
0.039290795000169965
0.03980830899990906
0.06831218900015301
0.1397345079999468
0.24924902599991583
0.03832888100009768
0.0389566650001143
0.03997604500000307
0.0685052869998799
0.13137014400012959
0.25064744199994493
0.03166623900006016
0.04107734000012897
0.040951330000098096
0.07025672999998278
0.13549855199994454
0.24934604099985336
0.039296550000017305
0.039720350999914444
0.04070236899997326
0.06957113699991169
0.12722207999991042
0.25074913299999935
0.012336026999946625
0.039722310999877664
0.04444828600003348
0.07022915299990018
0.14238175299988143
0.2515747249999549
0.022791904000087015
0.04008004499996787
0.04136028300013095
0.07370330200001263
0.13447389499992823
0.26258810200010885
0.020409572000062326
0.02685084899985668
0.04072446399982255
0.07094366299998
0.13316744899998412
0.2500679239999499
0.021104907000108142
0.041033375999859345
0.04457206600000063
0.06927223399998184
0.1366848719999325
0.2497461430000385
0.03916107000009106
0.04034834999993109
0.04123922000007951
0.06963683799995124
0.12848953900015658
0.25120106899998973
0.045273083999973096
0.04118260499990356
0.041058747000079165
0.06947995099994841
0.1288659800000005
0.24549547399988114
0.031011900000066817
0.04065856000011081
0.041251817000102164
0.07077568699992298
0.1370178100000885
0.2500229509998917
0.029281265000008716
0.0400601789999655
0.04154764800000521
0.06899743199983277
0.13305791699986003
0.25058702399996946
0.042385663999993994
0.0408309960000679
0.04561100199998691
0.07153891100006149
0.12873550499989506
0.24896931199987193
0.026147602000037296
0.041341897999927824
0.0415947189999315
0.07058537199986858
0.13695214399990618
0.251596563000021
0.03290372900005423
0.02750626400006695
0.04193497800019941
0.08093053300012798
0.1341775549999511
0.2535206439999911
0.03910694999990483
0.03975388499998189
0.042581792999953905
0.07191264099992623
0.12844512999981816
0.11755744299989601
0.01459505499997249
0.03992280900001788
0.041222812999876624
0.07385456799988788
0.13267254900006265
0.2605807869999808
0.0256376080001246
0.018646919000048
0.045129599000119924
0.06980866799995056
0.1328421650000564
0.24767212699998709
0.025478803999931188
0.042848282000022664
0.042590809000103036
0.05649354100000892
0.1302452769998581
0.24752472200020748
0.02374826799996299
0.021189965999838023
0.02843487800009825
0.06943484399971567
0.13481250299992098
0.24815985099985483
0.04382070800011206
0.04641219999984969
0.04273376499986625
0.07364951399995334
0.13148664500022278
0.24657862999993085
0.030240606000006665
0.04025738399968759
0.041321473000152764
0.08066864400007034
0.13513044799992713
0.24424879299976965
0.03703530199982197
0.039747334999901796
0.04071328000009089
0.0676491750000423
0.12935786699972596
0.25016242100036834
0.04240162300038719
0.020896532999813644
0.04013879399963116
0.07406685600017227
0.13480011199999353
0.24491523699998652
0.015291789000002609
0.038893563999863545
0.039760241999829304
0.0689288960002159
0.13012823500002924
0.2674954459998844
0.038926421999804006
0.040170915000089735
0.04119792100027553
0.07012354100015727
0.13040088600018862
0.24984624399985478
0.020865375000084896
0.02948160799996913
0.028726163000101224
0.08541954899965276
0.13295625899991137
0.24505322899995008
0.024327775000074325
0.03486898300025132
0.041206759000033344
0.06760927700042885
0.13410425499978373
0.2531729560000713
0.016938327999923786
0.031022921999920072
0.026886351000030118
0.07399129699979312
0.14567720600007306
0.2586424250002892
0.02000003500006642
0.041108991999863065
0.04178746499974295
0.07075370600023234
0.14148126500003855
0.2561963090001882
0.013232689000233222
0.0380539940001654
0.04134776899991266
0.07306542000014815
0.1345676910000293
0.2524980459998005
0.0391523840003174
0.04517206799982887
0.0287821880001502
0.07345268000017313
0.13630011499981265
0.2545462299999599
0.03578380900034972
0.03974088299992218
0.040648232999956235
0.06962629500003459
0.13266535999991902
0.25173105200019563
0.035855578999871796
0.03930571000000782
0.0426679049996892
0.06811385900027744
0.12992745399969863
0.24461695200034228
0.028254453000045032
0.030226159999983793
0.0412591990002511
0.07478373200001442
0.13697476500010453
0.2471123750001425
0.0389757500001906
0.027308796999932383
0.04017401000010068
0.0677517720000651
0.1287244019999889
0.25814044999970065
0.04071917999999641
0.03903363800009174
0.040012973999637325
0.06850109500010149
0.11269265900000391
0.2456157209999219
0.02659451399995305
0.0391871589999937
0.03990455800021664
0.06868491799968979
0.1490536759997667
0.25104181400001835
0.03856533199996193
0.039832191999721545
0.04244978499991703
0.06970255900023403
0.12657171000000744
0.15402808599992568
0.03577869799983091
0.03326063800022894
0.04052372300020579
0.08002370299982431
0.1264227890001166
0.25244604900035483
0.03858210699991105
0.039061144000243075
0.04005207299996982
0.06920152600014262
0.12816994600007092
0.24303719600038676
0.023972381000021414
0.042537380999874586
0.04085996100002376
0.07407271700003548
0.13351629299995693
0.25161920600021404
0.022576786000172433
0.03986763400007476
0.028637892000006104
0.06961643000022377
0.13497263099998236
0.2507550039999842
0.02934887500032346
0.03968686700000035
0.04252968699984194
0.07088831200007917
0.13243207799996526
0.2465242639996177
0.019125325999993947
0.02928195999993477
0.045966769000187924
0.06969814400008545
0.13000884500024767
0.25554464800006826
0.03823439400002826
0.03944228399996064
0.03997958499985543
0.06898111200007406
0.12678507999999056
0.25293176100012715
0.030084416000136116
0.03454036500033908
0.0380992749996949
0.06957468300015535
0.13311404900014168
0.24685616899978413
0.024740660999668762
0.039800970000214875
0.04066558799968334
0.0685464910002338
0.13989306299981763
0.2470178350004062
0.039052887999787345
0.03905493299998852
0.03969904800032964
0.06760110799996255
0.12406670700011091
0.23906615700025213
0.04253814200001216
0.039666817000124865
0.03992842799971186
0.0706615240001156
0.12600720899990847
0.23953775200016025
0.02414021499998853
0.032602506999865
0.03988979299992934
0.06853433500009487
0.13726196200013874
0.2549740100002964
0.032237804000033066
0.03338766599972587
0.041362305999882665
0.06898456700037059
0.12996263699960764
0.24066984599994612
0.03837504300008732
0.038882065000052535
0.04017305000024862
0.0752276640000673
0.13073280800017528
0.24417109300020456
0.022558243999810657
0.038704507000147714
0.03962801400030003
0.06782863199987332
0.12874259000000166
0.2692653640001481
0.024808226999994076
0.03959365900027478
0.039877436999631755
0.06808027699980812
0.13509155099973214
0.23965947099986806
0.01578142799962734
0.038917371000025014
0.04020838300039031
0.07133456400015348
0.13444546999971863
0.2553305649998947
0.024991719999889028
0.03961014800006524
0.0407524749998629
0.07067698400032896
0.13521347699997932
0.24429078499997559
0.0318303920003018
0.029682421999950748
0.04056791999983034
0.0766721229997529
0.13022520599997733
0.2539837389999775
0.038224569000249176
0.03930298600016613
0.04035268600000563
0.06888103400024193
0.12855111199996827
0.25160417200004304
0.023132062000058795
0.03974850600025093
0.04107053200004884
0.0725921160001235
0.13369950599962976
0.24410906799994336
0.03864556500002436
0.04274764000001596
0.04076613300003373
0.07234775200004151
0.12938888700000462
0.2417013340000267
0.03800802099976863
0.03008619100000942
0.03979159900018203
0.06804982299991025
0.12893968099979247
0.20802949300014006
0.023835561999931087
0.04003710400002092
0.0497321349998856
0.07974544499984404
0.13870184000006702
0.24344383400011793
0.01426405199981673
0.02530309900021166
0.040411161000065476
0.03483054300022559
0.1459458649997032
0.25706453100019644
