0.3333333333333333
0.3968253968253968
0.3333333333333333
0.3333333333333333
0.3333333333333333
0.3412698412698413
0.3333333333333333
0.3333333333333333
0.40476190476190477
0.3492063492063492
0.3492063492063492
0.48412698412698413
0.3333333333333333
0.36507936507936506
0.3333333333333333
0.3333333333333333
0.4444444444444444
0.48412698412698413
0.3333333333333333
0.3412698412698413
0.3968253968253968
0.3333333333333333
0.373015873015873
0.48412698412698413
0.3412698412698413
0.31746031746031744
0.373015873015873
0.3333333333333333
0.36507936507936506
0.47619047619047616
0.3333333333333333
0.36507936507936506
0.40476190476190477
0.36507936507936506
0.3333333333333333
0.49206349206349204
0.3333333333333333
0.3253968253968254
0.35714285714285715
0.3888888888888889
0.3888888888888889
0.35714285714285715
0.3333333333333333
0.3333333333333333
0.3968253968253968
0.3333333333333333
0.3333333333333333
0.4603174603174603
0.3333333333333333
0.3412698412698413
0.3253968253968254
0.3333333333333333
0.3333333333333333
0.31746031746031744
0.3333333333333333
0.30952380952380953
0.3333333333333333
0.3333333333333333
0.4603174603174603
0.5396825396825397
0.3333333333333333
0.3333333333333333
0.3333333333333333
0.3333333333333333
0.3888888888888889
0.5238095238095238
0.36507936507936506
0.3888888888888889
0.36507936507936506
0.3333333333333333
0.3888888888888889
0.3888888888888889
0.3253968253968254
0.3412698412698413
0.3333333333333333
0.3333333333333333
0.3333333333333333
0.46825396825396826
0.3333333333333333
0.3333333333333333
0.3333333333333333
0.3333333333333333
0.3412698412698413
0.3968253968253968
0.3333333333333333
0.48412698412698413
0.3412698412698413
0.3333333333333333
0.3333333333333333
0.3333333333333333
0.3333333333333333
0.47619047619047616
0.3333333333333333
0.3333333333333333
0.46825396825396826
0.4444444444444444
0.3333333333333333
0.46825396825396826
0.3333333333333333
0.35714285714285715
0.4603174603174603
0.5317460317460317
0.30158730158730157
0.3333333333333333
0.40476190476190477
0.3333333333333333
0.373015873015873
0.4126984126984127
0.3492063492063492
0.3888888888888889
0.25396825396825395
0.3333333333333333
0.3412698412698413
0.3968253968253968
0.3412698412698413
0.3333333333333333
0.3333333333333333
0.3888888888888889
0.38095238095238093
0.3333333333333333
0.3253968253968254
0.3333333333333333
0.3333333333333333
0.3333333333333333
0.3333333333333333
0.6428571428571429
0.3333333333333333
0.3333333333333333
0.373015873015873
0.3333333333333333
0.4523809523809524
0.5
0.3333333333333333
0.3412698412698413
0.3333333333333333
0.3333333333333333
0.4523809523809524
0.5238095238095238
0.3333333333333333
0.3333333333333333
0.42857142857142855
0.3333333333333333
0.4603174603174603
0.5158730158730159
0.25396825396825395
0.5079365079365079
0.3333333333333333
0.48412698412698413
0.3888888888888889
0.5158730158730159
0.3333333333333333
0.3333333333333333
0.5317460317460317
0.5
0.48412698412698413
0.5793650793650794
0.3333333333333333
0.38095238095238093
0.36507936507936506
0.3333333333333333
0.35714285714285715
0.4444444444444444
0.3333333333333333
0.3333333333333333
0.3968253968253968
0.42063492063492064
0.42063492063492064
0.6666666666666666
0.3333333333333333
0.40476190476190477
0.3492063492063492
0.3333333333333333
0.38095238095238093
0.5317460317460317
0.3333333333333333
0.35714285714285715
0.3492063492063492
0.3333333333333333
0.36507936507936506
0.5
0.36507936507936506
0.3412698412698413
0.2857142857142857
0.3333333333333333
0.36507936507936506
0.42063492063492064
0.3333333333333333
0.3412698412698413
0.3412698412698413
0.3333333333333333
0.36507936507936506
0.40476190476190477
0.3333333333333333
0.3333333333333333
0.3333333333333333
0.3333333333333333
0.3968253968253968
0.40476190476190477
0.3333333333333333
0.3492063492063492
0.3333333333333333
0.373015873015873
0.3333333333333333
0.42063492063492064
0.3333333333333333
0.3492063492063492
0.3253968253968254
0.3333333333333333
0.3412698412698413
0.4365079365079365
0.30158730158730157
0.3492063492063492
0.35714285714285715
0.3492063492063492
0.3333333333333333
0.3968253968253968
0.3333333333333333
0.36507936507936506
0.3888888888888889
0.35714285714285715
0.3412698412698413
0.4444444444444444
0.3333333333333333
0.42857142857142855
0.36507936507936506
0.3333333333333333
0.48412698412698413
0.5
0.3333333333333333
0.4126984126984127
0.3412698412698413
0.3333333333333333
0.40476190476190477
0.47619047619047616
0.3492063492063492
0.3333333333333333
0.3412698412698413
0.3333333333333333
0.30952380952380953
0.40476190476190477
0.3333333333333333
0.3412698412698413
0.4126984126984127
0.3333333333333333
0.3412698412698413
0.3888888888888889
0.3333333333333333
0.3492063492063492
0.36507936507936506
0.3333333333333333
0.3412698412698413
0.4603174603174603
0.3333333333333333
0.40476190476190477
0.3412698412698413
0.3333333333333333
0.3412698412698413
0.3968253968253968
0.3333333333333333
0.31746031746031744
0.4603174603174603
0.3253968253968254
0.4603174603174603
0.47619047619047616
0.3333333333333333
0.36507936507936506
0.3333333333333333
0.3333333333333333
0.3492063492063492
0.5317460317460317
