0.06299594399979469
0.058133661000056236
0.06397604800008594
0.11931989100003193
0.20976309399998172
0.40030699499993716
0.07039143499991951
0.057733242000040264
0.06257350299983955
0.11039494600004218
0.2049756700000671
0.4027008630000637
0.0288854849998188
0.058815998000000036
0.06175003899988951
0.11766956300016318
0.20497201900002437
0.40344841800015274
0.0560000340001352
0.06093345900012537
0.061431326999809244
0.11021116100005202
0.20630433299993456
0.3973042869999972
0.0609432389999256
0.056638366000015594
0.06176528500009226
0.1081446099999539
0.20240166300004603
0.39930958200011446
0.05718264799997996
0.06224602500014953
0.06280695400005243
0.1087767049998547
0.2070667410000624
0.398707695999974
0.055884746000174346
0.05681337300006817
0.06534592299999531
0.11271743399993284
0.20669261500006542
0.3964835100000528
0.05552228900000955
0.060915879000049244
0.06048071999998683
0.10932766399992033
0.20724007500007247
0.4132146589997774
0.060558579999906215
0.05736068400005934
0.06236234800007878
0.1095615199999429
0.2056932020000204
0.40219148999995014
0.052694353999868326
0.059371203000182504
0.06216879700014033
0.11233958899993013
0.2071096160000252
0.39916262899987487
0.05555180900000778
0.056353739000087444
0.06765408299997944
0.10866216699992037
0.20806447199993272
0.3986938299999565
0.05620027299983121
0.05965995299993665
0.061547531999849525
0.11436170599995421
0.2176719960000355
0.3986950539999725
0.05951478099996166
0.05729098500000873
0.06111855399990418
0.10895317099993918
0.20548690999999053
0.39587052299998504
0.06032099100002597
0.060993331000190665
0.06148391400006403
0.11272095200001786
0.20794338199993945
0.392816595000113
0.059497340999996595
0.055937481000000844
0.06473864700001286
0.10748933600007149
0.20837211900015973
0.39244120000012117
0.05612461800001256
0.06536001400013447
0.06130365400008486
0.1079751340000712
0.20656596800017724
0.39802012900008776
0.05700621599999067
0.06162351599982685
0.06175305799979469
0.11048633199993674
0.20919091799987655
0.4043002769999475
0.05641500599995197
0.05663431099992522
0.06518682799992348
0.11646911399998316
0.21837772300000324
0.40909520899981544
0.057435543000110556
0.05711758700022074
0.06803202400010377
0.10829732900015188
0.20636744199987334
0.396493812000017
0.055394131999946694
0.05673313100010091
0.0639214450000054
0.10707755099997485
0.2041503749999265
0.3924272540000402
0.05736094200005937
0.05750405999992836
0.06162213399989014
0.11349342999983492
0.20649315600007867
0.39664056599986
0.05551818499998262
0.055900542000017595
0.06094014099994638
0.1155979049999587
0.2045384489999833
0.39502213199989455
0.06723701999999321
0.058255670999869835
0.061374221000050966
0.11489245899997513
0.2066834459999427
0.39770715300005577
0.05670579499997075
0.05679101200007608
0.0618042029998378
0.10774107799988997
0.2098133009999401
0.3978870859998551
0.05628052099996239
0.05750562600019293
0.06096183399995425
0.1104752290000306
0.2070610170001146
0.39882074100000864
0.05607329000008576
0.05687220699996942
0.06133471499992993
0.10803971300015291
0.2068688970000494
0.39764130300000033
0.05692722800017691
0.056823334000000614
0.0638129740000295
0.10872025100002247
0.20801843200001713
0.4058527680001589
0.0554493330000696
0.0563919060000444
0.062159056999917084
0.10830956499989952
0.21954357100003108
0.41087053000001106
0.0580577580001318
0.0585624310001549
0.0627874840001823
0.10839706100000512
0.20666226999992432
0.4047860660000424
0.0566477140000643
0.05789426900014405
0.06241906300010669
0.10976564899988261
0.20916139600012684
0.4019820680000521
0.057009562000075675
0.05729429300004085
0.06174961100009568
0.10917563199996039
0.2076947130001372
0.40464669700008926
0.05759045399986462
0.058666574999961085
0.06198116799987474
0.108085396999968
0.20182126100007736
0.39885847499999727
0.05940893499996491
0.058212836999928186
0.06286554999996952
0.1110122909999518
0.22625804900008006
0.4115983070000766
0.04749379999998382
0.0578477080000539
0.06174350600008438
0.11386754099999052
0.2123437830000512
0.4060532040000453
0.05890205800005788
0.05824906199995894
0.06282855900008144
0.11115217999986271
0.20702614800006813
0.4071763459999147
0.059697259999893504
0.0593754930000614
0.0622830760000852
0.10924971300005382
0.20609339199995702
0.41535944199995356
0.05727352700000665
0.05797707200008517
0.06222037500015176
0.11014437400012866
0.20837399099991671
0.40461829400010174
0.058184196999945925
0.058826467000017146
0.06321049099983611
0.11042589800013047
0.20785784999998214
0.4086741979999715
0.05728990200009321
0.05869092099987938
0.06290947000002234
0.11010853499988116
0.2163204969999697
0.41615717200011204
0.05735463700011678
0.05783572800010006
0.0628926809999939
0.11040257699983158
0.20625054499987527
0.4065246059999481
0.056771748000073785
0.05760280000004059
0.06204987599994638
0.10969613999986905
0.20623360399986268
0.40618753699982335
0.06205484499992053
0.05851714400000674
0.06349760700004481
0.11043565399995714
0.20486430100004327
0.39883538499998394
0.05895328199994765
0.05773674900001424
0.0668117389998315
0.10991793800008054
0.21271554700001616
0.42253782800003137
0.02860979199999747
0.05971641500013902
0.06253235799999857
0.113844287999882
0.20821188900004017
0.40202825999995184
0.058602416999974594
0.057248328000014226
0.06290699399983168
0.10946894600010637
0.2054399190001277
0.40786606100004974
0.06095935699977417
0.0645232740002939
0.06397689599998557
0.11267850200010798
0.2109406540002965
0.39567438999984006
0.05758478200004902
0.06336042400016595
0.06259568199993737
0.10878018200037332
0.20287662900000214
0.4035679890002939
0.056676265000078274
0.05683633699982238
0.061833747000036965
0.10798014900001363
0.20389454699989074
0.40068210200024623
0.056734056000095734
0.05874972300034642
0.06627104700010022
0.11108591399988654
0.20616263600004459
0.4052579369999876
0.0569188760000543
0.05921557900001062
0.06597156900033951
0.11263625199990202
0.20886896299998625
0.39701613200031716
0.057248627000262786
0.06408428199983973
0.06220436700004939
0.11014325699989058
0.20333571099990877
0.4015073860000484
0.057505150999986654
0.05867946699981985
0.06281592499999533
0.11335439200001929
0.20414145599988842
0.40783774400006223
0.05588244099999429
0.05930124700034867
0.06227786399995239
0.11187604099995951
0.20174081599998317
0.39397522799981743
0.056781093000154215
0.05658555299987711
0.0655034890000934
0.11236509299988029
0.20503078999990976
0.3961499580000236
0.05699055200011571
0.05624078299979374
0.06352539399995294
0.10941681600024822
0.20975026999985857
0.39584526599992387
0.057679356999869924
0.05770382100035931
0.06287227800021356
0.1089938400000392
0.20628149699996357
0.394536060000064
0.031702483000117354
0.06029278100004376
0.06168350799998734
0.12038417400026447
0.20881259899988436
0.3961619530000462
0.057095354000011866
0.06102969199992003
0.06480955899996843
0.11228974699997707
0.20480414799976643
0.39711597199993776
0.058691592999821296
0.056769222999719204
0.06195348899973396
0.10982143599994743
0.20858673900011127
0.39490212800001245
0.06592254300039713
0.057180132999747
0.062213619999965886
0.11129525700016529
0.20847379299993918
0.3912497159999475
0.05629168099994786
0.05795407899995553
0.06227714999977252
0.10853062299975136
0.20413825900004667
0.4006853159999082
0.05584152799974618
0.05634131199985859
0.060960212999816576
0.11001584300038303
0.2033874610001476
0.39913821500022095
0.05644582900004025
0.057087851999767736
0.06572071099981258
0.10931824799990864
0.20037961500020174
0.40157743700001447
0.060865422999995644
0.06325556000001598
0.0620568640001693
0.10928941299971484
0.20725173600021662
0.3979698210000606
0.062451540999973076
0.05776233400001729
0.061970938999820646
0.1175684579998233
0.20711104099973454
0.3996071629999278
0.05656662899991716
0.05790619500021421
0.06144763200018133
0.10961260299973219
0.2040911609997238
0.3949170089999825
0.05658244999995077
0.056757256999844685
0.06533477199991466
0.10782291699979396
0.21004542199989373
0.3568366340000466
0.056436835000113206
0.059636194999711734
0.0672254209998755
0.11736881200022253
0.2066141330001301
0.3990774930002772
0.05559814800017193
0.05630753299965363
0.06137309900032051
0.11256243399975574
0.22467816900007165
0.3984949319997213
0.0569852879998507
0.057377198999802204
0.062256973999865295
0.11233037300007709
0.2065139299998009
0.3982629399997677
0.05645898300008412
0.05763737300003413
0.06613937400015857
0.1083309629998439
0.2096015670003908
0.4067004359999373
0.05622072500000286
0.05714015100011238
0.06216068700041433
0.108077344999856
0.20717439700001705
0.3951101650000055
0.05581239299999652
0.056657941000139544
0.06143365100024312
0.11271879000014451
0.20735026000011203
0.3989901789996111
0.05939954699988448
0.05814223200013657
0.06195995099960783
0.11219539600006101
0.20900655400009782
0.40543324300006134
0.05946422499982873
0.05754153199995926
0.062411784999767406
0.10978224900009081
0.21035706400016352
0.4013924199998655
0.06027071499966041
0.05656490599994868
0.06143180599974585
0.10756067400006941
0.2060605210003814
0.39344063999988066
0.05592017300023144
0.061012066999865056
0.061480831999688235
0.11251984000000448
0.20570748799991634
0.3946968210002524
0.056967933000123594
0.05854683600000499
0.06192837300022802
0.10999080000010508
0.2047702400000162
0.39363838200006285
0.056463278999672184
0.05678055399994264
0.06649306500003149
0.10825800300017363
0.2067017719996329
0.3954078340002525
0.055280968000261055
0.05581582900003923
0.060715937000168196
0.10723008199965989
0.20325823899975148
0.3968114870003774
0.055174820000047475
0.056103248999988864
0.06025810499977524
0.1144077910003034
0.20202929100014444
0.3943537089999154
0.05545194799969977
0.05604464799989728
0.061302145999889035
0.1117681169998832
0.20194211599982737
0.39797723699985
0.0569661439999436
0.05711717399981353
0.06172256499985451
0.1082851539999865
0.21017593900023712
0.39445931599993855
0.05548470499979885
0.05669693600020764
0.061229659999753494
0.11191979200020796
0.2111922809999669
0.41168049899988546
0.05649467900002492
0.05689932700033751
0.06184640899982696
0.10951292399977319
0.20672124500015343
0.4097564050002802
0.05613522100020418
0.057020488000034675
0.061587895000229764
0.10931639999989784
0.20765934300015942
0.3970929899996918
0.05544963000011194
0.0556411009997646
0.061198763999982475
0.11052852800003166
0.2091983350001101
0.39782244700018055
0.05639102200029811
0.057046687999900314
0.06167080400018676
0.10896944200021608
0.2076121370000692
0.4155422690000705
0.056368250000105036
0.05669858800001748
0.061220791000323516
0.10778288999972574
0.20695573700004388
0.3964107179999701
0.05733966400021018
0.057539348999853246
0.061591765000230225
0.10838028799980748
0.20260829600010766
0.41014883500020005
