0.38095238095238093
0.40476190476190477
0.30158730158730157
0.4603174603174603
0.7063492063492064
0.8650793650793651
0.3333333333333333
0.3492063492063492
0.6031746031746031
0.31746031746031744
0.6825396825396826
0.8968253968253969
0.5238095238095238
0.3412698412698413
0.5317460317460317
0.6825396825396826
0.7142857142857143
0.7936507936507936
0.373015873015873
0.3333333333333333
0.6666666666666666
0.5
0.7142857142857143
0.8333333333333334
0.36507936507936506
0.5238095238095238
0.5714285714285714
0.5793650793650794
0.4603174603174603
0.7619047619047619
0.49206349206349204
0.5555555555555556
0.6111111111111112
0.3333333333333333
0.7301587301587301
0.873015873015873
0.5873015873015873
0.4523809523809524
0.6031746031746031
0.6825396825396826
0.753968253968254
0.8809523809523809
0.3333333333333333
0.5158730158730159
0.3253968253968254
0.30952380952380953
0.626984126984127
0.8333333333333334
0.31746031746031744
0.31746031746031744
0.3492063492063492
0.373015873015873
0.5952380952380952
0.7380952380952381
0.5476190476190477
0.42857142857142855
0.3412698412698413
0.48412698412698413
0.6190476190476191
0.8253968253968254
0.5476190476190477
0.6031746031746031
0.6190476190476191
0.5873015873015873
0.753968253968254
0.8174603174603174
0.30158730158730157
0.42857142857142855
0.4603174603174603
0.5158730158730159
0.5714285714285714
0.6587301587301587
0.3333333333333333
0.5555555555555556
0.36507936507936506
0.6507936507936508
0.7063492063492064
0.8571428571428571
0.49206349206349204
0.4126984126984127
0.31746031746031744
0.4365079365079365
0.6666666666666666
0.6746031746031746
0.5238095238095238
0.30158730158730157
0.3333333333333333
0.373015873015873
0.7301587301587301
0.8174603174603174
0.42857142857142855
0.4603174603174603
0.5396825396825397
0.6587301587301587
0.6825396825396826
0.8095238095238095
0.46825396825396826
0.5952380952380952
0.626984126984127
0.42857142857142855
0.7142857142857143
0.9682539682539683
0.3888888888888889
0.4365079365079365
0.30952380952380953
0.3333333333333333
0.6031746031746031
0.7063492063492064
0.40476190476190477
0.36507936507936506
0.5079365079365079
0.5238095238095238
0.6111111111111112
0.7222222222222222
0.35714285714285715
0.40476190476190477
0.5
0.5079365079365079
0.6507936507936508
0.7301587301587301
0.40476190476190477
0.3492063492063492
0.3333333333333333
0.4365079365079365
0.6587301587301587
0.7936507936507936
0.42063492063492064
0.6031746031746031
0.47619047619047616
0.49206349206349204
0.7698412698412699
0.8492063492063492
0.35714285714285715
0.48412698412698413
0.6190476190476191
0.6428571428571429
0.6587301587301587
0.7301587301587301
0.373015873015873
0.5158730158730159
0.6190476190476191
0.6428571428571429
0.6984126984126984
0.8333333333333334
0.3492063492063492
0.3492063492063492
0.5555555555555556
0.4365079365079365
0.7380952380952381
0.9126984126984127
0.4603174603174603
0.4444444444444444
0.6031746031746031
0.46825396825396826
0.7142857142857143
0.9047619047619048
0.49206349206349204
0.38095238095238093
0.6507936507936508
0.5714285714285714
0.6428571428571429
0.8174603174603174
0.373015873015873
0.6190476190476191
0.6507936507936508
0.48412698412698413
0.7857142857142857
0.8809523809523809
0.4126984126984127
0.48412698412698413
0.6190476190476191
0.6031746031746031
0.6984126984126984
0.9523809523809523
0.3968253968253968
0.6031746031746031
0.6031746031746031
0.5476190476190477
0.7619047619047619
0.8888888888888888
0.4365079365079365
0.3968253968253968
0.46825396825396826
0.373015873015873
0.6031746031746031
0.6825396825396826
0.3333333333333333
0.3253968253968254
0.42063492063492064
0.373015873015873
0.6031746031746031
0.6746031746031746
0.6349206349206349
0.5634920634920635
0.373015873015873
0.3333333333333333
0.6587301587301587
0.7301587301587301
0.3968253968253968
0.3968253968253968
0.3492063492063492
0.4444444444444444
0.6666666666666666
0.8809523809523809
0.3968253968253968
0.626984126984127
0.6428571428571429
0.6031746031746031
0.7142857142857143
0.873015873015873
0.5238095238095238
0.6031746031746031
0.40476190476190477
0.6031746031746031
0.626984126984127
0.9047619047619048
0.38095238095238093
0.4523809523809524
0.38095238095238093
0.6428571428571429
0.7619047619047619
0.8174603174603174
0.47619047619047616
0.38095238095238093
0.31746031746031744
0.30952380952380953
0.7619047619047619
0.8968253968253969
0.5158730158730159
0.6746031746031746
0.5317460317460317
0.6825396825396826
0.746031746031746
0.8809523809523809
0.42063492063492064
0.373015873015873
0.3412698412698413
0.3888888888888889
0.6666666666666666
0.7777777777777778
0.3412698412698413
0.6507936507936508
0.42857142857142855
0.6507936507936508
0.753968253968254
0.8492063492063492
0.3253968253968254
0.42857142857142855
0.5952380952380952
0.35714285714285715
0.753968253968254
0.9365079365079365
0.5476190476190477
0.5952380952380952
0.5952380952380952
0.6746031746031746
0.6428571428571429
0.7936507936507936
0.31746031746031744
0.4126984126984127
0.5158730158730159
0.6349206349206349
0.7936507936507936
0.8809523809523809
0.31746031746031744
0.5317460317460317
0.6031746031746031
0.6190476190476191
0.8015873015873016
0.8571428571428571
0.5476190476190477
0.6428571428571429
0.7698412698412699
0.8888888888888888
0.9603174603174603
0.9761904761904762
0.47368421052631576
0.8045112781954887
0.8120300751879699
0.924812030075188
0.924812030075188
0.9774436090225563
0.6153846153846154
0.6307692307692307
0.7
0.8692307692307693
0.8923076923076924
0.9230769230769231
0.472
0.616
0.496
0.76
0.896
0.936
0.5887096774193549
0.6370967741935484
0.7903225806451613
0.8870967741935484
0.9112903225806451
0.9435483870967742
0.631578947368421
0.7593984962406015
0.8421052631578947
0.8947368421052632
0.9624060150375939
0.9548872180451128
0.5433070866141733
0.6456692913385826
0.7795275590551181
0.8976377952755905
0.9448818897637795
0.952755905511811
0.6929133858267716
0.7086614173228346
0.8267716535433071
0.8661417322834646
0.952755905511811
0.937007874015748
0.4838709677419355
0.6774193548387096
0.7580645161290323
0.8870967741935484
0.9435483870967742
0.967741935483871
0.48739495798319327
0.6302521008403361
0.7226890756302521
0.8907563025210085
0.907563025210084
0.9747899159663865
0.3813559322033898
0.7203389830508474
0.7627118644067796
0.7966101694915254
0.9152542372881356
0.9491525423728814
0.6377952755905512
0.7874015748031497
0.8818897637795275
0.9291338582677166
0.9448818897637795
0.9763779527559056
0.6942148760330579
0.768595041322314
0.859504132231405
0.859504132231405
0.9421487603305785
0.9504132231404959
0.5801526717557252
0.6641221374045801
0.7709923664122137
0.816793893129771
0.9389312977099237
0.9694656488549618
0.5873015873015873
0.7380952380952381
0.8174603174603174
0.9285714285714286
0.9126984126984127
0.9841269841269841
0.576
0.72
0.76
0.84
0.872
0.904
0.6791044776119403
0.44776119402985076
0.7910447761194029
0.9029850746268657
0.8880597014925373
0.9477611940298507
0.7421875
0.7578125
0.875
0.9609375
0.96875
0.953125
0.3983739837398374
0.6097560975609756
0.6829268292682927
0.7642276422764228
0.9024390243902439
0.9186991869918699
0.5573770491803278
0.7459016393442623
0.7704918032786885
0.9098360655737705
0.9016393442622951
0.9590163934426229
0.6183206106870229
0.648854961832061
0.7404580152671756
0.8854961832061069
0.9389312977099237
0.9541984732824428
0.392
0.6
0.712
0.832
0.88
0.92
0.46153846153846156
0.6837606837606838
0.7863247863247863
0.8803418803418803
0.8632478632478633
0.9145299145299145
0.6904761904761905
0.8333333333333334
0.9206349206349206
0.9365079365079365
0.9365079365079365
0.9444444444444444
0.375
0.6
0.8
0.8666666666666667
0.9333333333333333
0.95
0.592
0.744
0.824
0.928
0.936
0.92
0.7563025210084033
0.8319327731092437
0.8907563025210085
0.8823529411764706
0.9495798319327731
0.957983193277311
0.8203125
0.84375
0.8125
0.9140625
0.953125
0.953125
0.38235294117647056
0.6985294117647058
0.8014705882352942
0.8823529411764706
0.8970588235294118
0.9852941176470589
0.5488721804511278
0.7368421052631579
0.8571428571428571
0.9022556390977443
0.9548872180451128
0.9924812030075187
0.5546875
0.703125
0.6875
0.7578125
0.9140625
0.9921875
0.6220472440944882
0.5275590551181102
0.6850393700787402
0.8110236220472441
0.9212598425196851
0.952755905511811
0.4411764705882353
0.8088235294117647
0.7720588235294118
0.8676470588235294
0.9852941176470589
0.9852941176470589
0.6307692307692307
0.7384615384615385
0.8923076923076924
0.9615384615384616
0.9846153846153847
1.0
0.6142857142857143
0.8785714285714286
0.9285714285714286
0.9214285714285714
0.9714285714285714
0.9928571428571429
0.4444444444444444
0.6666666666666666
0.725925925925926
0.8518518518518519
0.9111111111111111
0.9703703703703703
0.5074626865671642
0.753731343283582
0.7611940298507462
0.8805970149253731
0.8805970149253731
0.9477611940298507
0.4965034965034965
0.7482517482517482
0.7622377622377622
0.8041958041958042
0.8881118881118881
0.951048951048951
0.635036496350365
0.7518248175182481
0.9343065693430657
0.9781021897810219
0.9927007299270073
0.9927007299270073
0.6666666666666666
0.5833333333333334
0.7045454545454546
0.8484848484848485
0.9090909090909091
0.9166666666666666
0.7175572519083969
0.7938931297709924
0.8702290076335878
0.8854961832061069
0.9541984732824428
0.9618320610687023
0.7285714285714285
0.75
0.9142857142857143
0.95
0.9642857142857143
0.9857142857142858
0.6417910447761194
0.7313432835820896
0.8432835820895522
0.9029850746268657
0.9328358208955224
0.9701492537313433
0.4523809523809524
0.5873015873015873
0.7936507936507936
0.6904761904761905
0.8888888888888888
0.9603174603174603
0.6444444444444445
0.5703703703703704
0.8296296296296296
0.8814814814814815
0.9629629629629629
0.9703703703703703
0.5149253731343284
0.6567164179104478
0.746268656716418
0.7910447761194029
0.8283582089552238
0.8805970149253731
0.6428571428571429
0.6507936507936508
0.8571428571428571
0.8968253968253969
0.8888888888888888
0.9682539682539683
0.6428571428571429
0.8333333333333334
0.8809523809523809
0.8888888888888888
0.9523809523809523
0.9603174603174603
0.6190476190476191
0.6825396825396826
0.6984126984126984
0.8412698412698413
0.8888888888888888
0.9444444444444444
0.4732824427480916
0.5954198473282443
0.7251908396946565
0.8473282442748091
0.8778625954198473
0.9465648854961832
0.6349206349206349
0.6349206349206349
0.7619047619047619
0.753968253968254
0.873015873015873
0.8888888888888888
0.6165413533834586
0.8270676691729323
0.8421052631578947
0.9624060150375939
0.9473684210526315
0.9774436090225563
0.4925373134328358
0.6268656716417911
0.6716417910447762
0.8208955223880597
0.8283582089552238
0.8656716417910447
0.7014925373134329
0.6492537313432836
0.7313432835820896
0.7835820895522388
0.7985074626865671
0.8805970149253731
0.4925373134328358
0.5746268656716418
0.6417910447761194
0.7164179104477612
0.7835820895522388
0.7910447761194029
0.43884892086330934
0.539568345323741
0.6834532374100719
0.7266187050359713
0.8057553956834532
0.8489208633093526
0.41044776119402987
0.417910447761194
0.5223880597014925
0.6343283582089553
0.7164179104477612
0.6119402985074627
0.6666666666666666
0.7163120567375887
0.7021276595744681
0.75177304964539
0.8226950354609929
0.8652482269503546
0.5873015873015873
0.6587301587301587
0.7142857142857143
0.8333333333333334
0.8571428571428571
0.9523809523809523
0.7142857142857143
0.7380952380952381
0.8492063492063492
0.8333333333333334
0.8968253968253969
0.8888888888888888
0.6183206106870229
0.6564885496183206
0.8015267175572519
0.8931297709923665
0.8778625954198473
0.9541984732824428
0.6349206349206349
0.6428571428571429
0.8015873015873016
0.8650793650793651
0.8253968253968254
0.873015873015873
0.7142857142857143
0.8195488721804511
0.7969924812030075
0.9097744360902256
0.9097744360902256
0.9624060150375939
0.6190476190476191
0.7301587301587301
0.8095238095238095
0.8174603174603174
0.9047619047619048
0.9126984126984127
0.6030534351145038
0.6335877862595419
0.7480916030534351
0.8854961832061069
0.8854961832061069
0.9083969465648855
0.6587301587301587
0.7142857142857143
0.7619047619047619
0.8253968253968254
0.8412698412698413
0.9047619047619048
0.7744360902255639
0.8120300751879699
0.7744360902255639
0.8045112781954887
0.9097744360902256
0.9624060150375939
0.5877862595419847
0.5648854961832062
0.7175572519083969
0.7938931297709924
0.8473282442748091
0.9007633587786259
0.5396825396825397
0.5476190476190477
0.6746031746031746
0.7301587301587301
0.7222222222222222
0.7698412698412699
0.5714285714285714
0.7142857142857143
0.8646616541353384
0.7894736842105263
0.8872180451127819
0.9022556390977443
0.4351145038167939
0.6335877862595419
0.6870229007633588
0.8244274809160306
0.7862595419847328
0.8702290076335878
0.6521739130434783
0.6521739130434783
0.8695652173913043
0.9130434782608695
0.927536231884058
0.9637681159420289
0.706766917293233
0.7819548872180451
0.7819548872180451
0.8947368421052632
0.8796992481203008
0.9022556390977443
0.5546875
0.75
0.84375
0.8828125
0.9609375
0.984375
0.6171875
0.78125
0.8203125
0.921875
0.953125
0.984375
0.578125
0.796875
0.796875
0.8984375
0.921875
0.9609375
0.37593984962406013
0.8345864661654135
0.8646616541353384
0.8796992481203008
0.8947368421052632
0.9398496240601504
0.5859375
0.734375
0.765625
0.8125
0.859375
0.8828125
0.7555555555555555
0.8444444444444444
0.8740740740740741
0.9555555555555556
0.9777777777777777
0.9851851851851852
0.3333333333333333
0.6916666666666667
0.675
0.7916666666666666
0.875
0.9666666666666667
0.5666666666666667
0.675
0.7833333333333333
0.9333333333333333
0.975
0.975
0.408
0.584
0.744
0.816
0.856
0.944
0.5166666666666667
0.7083333333333334
0.7166666666666667
0.825
0.9083333333333333
0.9583333333333334
0.5511811023622047
0.7559055118110236
0.7244094488188977
0.8818897637795275
0.8818897637795275
0.9606299212598425
0.65
0.6416666666666667
0.875
0.9333333333333333
0.9666666666666667
1.0
0.376
0.368
0.656
0.784
0.912
0.928
0.5833333333333334
0.6833333333333333
0.825
0.875
0.9083333333333333
0.95
0.6535433070866141
0.7165354330708661
0.8346456692913385
0.8582677165354331
0.9291338582677166
0.952755905511811
0.264
0.544
0.8
0.832
0.904
0.936
0.6166666666666667
0.625
0.7166666666666667
0.825
0.8833333333333333
0.875
