0.0815973579999536
0.15816422499983673
0.2004709160000857
0.3662554640000053
0.7325619079999797
1.4667337650000718
0.02535705900004359
0.1596790029998374
0.20262509200006207
0.3676808180000535
0.7324729019999268
1.4710222179999164
0.07001541300019198
0.1348986729999524
0.1999875260000863
0.3685520090000409
0.7368053830000463
1.4693526639998709
0.09094339300008869
0.16094594699984555
0.025922227000137354
0.37240328499979114
0.7317353999999341
1.4687237269999969
0.06949358299993946
0.161028473999977
0.19612981500017668
0.3679123570000229
0.7295608360000188
1.4729835420000654
0.1581351430002087
0.1581233039999006
0.19982595199985553
0.3432903919999717
0.7369703310000659
1.4765279050000117
0.14799570400009543
0.09575349200008532
0.19898020099981295
0.3682536909998362
0.7293839589999607
1.4708157980001033
0.08455316300000959
0.09895394399995894
0.2021906879999733
0.34296699800006536
0.749814409999999
1.4678723719998743
0.06399856000007276
0.1564545910000561
0.19731549400012227
0.37005691499985005
0.7344820939999863
1.469112621999784
0.0351121140001851
0.13967577599987635
0.19756510600018373
0.36593700499997794
0.728684985999962
1.4648810600001525
0.02164660499988713
0.12183344699997178
0.1811380960000406
0.3045571719999316
0.6262807040000098
0.8769423730000199
0.09551037500000348
0.16558755300002304
0.19707140199989226
0.36781828299990593
0.7309309930001291
1.4660146799999438
0.14792318099989643
0.15721782800005712
0.1957089279999309
0.36722843899997315
0.7325690909999594
1.464897879000091
0.08272848299998259
0.15468305599983978
0.19827596900017852
0.3697424839999712
0.733432367999967
1.4726390759999504
0.03974007299984805
0.15723580999997466
0.20082594099994822
0.37123119699981544
0.7293214110000008
1.472408057000166
0.049448177000158466
0.14729924500011293
0.20047521800006507
0.36875873999997566
0.7334468919998471
0.6921136589999151
0.09654249699997308
0.04195809100019687
0.15520970600005057
0.261632469999995
0.4949499609999748
0.7370833780000794
0.14998722399991493
0.10442362100002356
0.19672076599999855
0.3758686859998761
0.7303717120000783
1.4731847229998039
0.019884158999957435
0.12871725800005152
0.20082446700007495
0.36690340800009835
0.7286480410000422
1.465767021000147
0.04992728599995644
0.15870644799997535
0.19641849399999955
0.36937755600001765
0.7330883530000847
1.4670774050000546
0.05560753300005672
0.09177051500000744
0.19935770300003242
0.3679710219998924
0.7333572360000744
1.4677010109999173
0.025005804999864267
0.11788239199995587
0.20250169500013726
0.3652755350001371
0.729144518999874
1.4714590440000848
0.041801566999993156
0.13841983900010746
0.18312300799993864
0.3477292510001462
0.7144110489998639
1.459618502000012
0.09032968300016364
0.1590361529999882
0.19700520300011704
0.3690612309999324
0.7280740230000902
1.4742580070001168
0.03976852699997835
0.0465044930001568
0.19709357700003238
0.36704639699996733
0.7281708729999536
1.4721792830000595
0.05007900000009613
0.1552666089999093
0.19599025200000142
0.369807518000016
0.731408083000133
0.6863464620000741
0.1308046659999036
0.14591571599999043
0.18962120399987725
0.3517305949999354
0.7168236109998816
1.4494002999999793
0.11185501899990413
0.08441251299996111
0.19868832099996325
0.3071109580000666
0.44357254500005183
1.480046184999992
0.021347677999983716
0.1606859410001107
0.1998445299998366
0.37259460400014177
0.7365954389999843
1.4733789389999856
0.03067524399989452
0.1601870740000777
0.20321317699995234
0.36916258599990215
0.7344717960002072
1.4718680659998427
0.06992365299993253
0.1560933450000448
0.19946136700013994
0.3672160249998342
0.7358750149999196
1.4709083849998024
0.05061293099993236
0.06264530199996443
0.202431377000039
0.36796828699993966
0.7334875470000952
1.4731558989999485
0.030615054000008968
0.16915776099995128
0.20106111799987048
0.3699098770000546
0.7345545830000901
1.481773518999944
0.10967761799997788
0.05248165399984828
0.19320128399999703
0.36949872299987874
0.7320698349999475
1.4693858020000334
0.06715908599994691
0.16137326000011853
0.20207813799993346
0.3775244939999993
0.7352527129999089
1.4740807230000428
0.025647323000157485
0.15999004299987973
0.17310264899992944
0.3755043339999702
0.7355364239999744
1.4838824870000735
0.11715546100003849
0.15797928200004208
0.19815818200004287
0.375893571000006
0.7327367169998524
1.473612611000135
0.03174600600004851
0.11326175899989721
0.17323273100009828
0.37594170700003815
0.7419448939999711
1.0842471129999467
0.15469965500005856
0.16118758800007527
0.19956226300018898
0.3716264479999154
0.734992856999952
1.4746270509999704
0.06695954199994958
0.03679588699992564
0.19953067699998428
0.3728073569998287
0.7319617759999346
1.477354392000052
0.15146915800005445
0.15895460299998376
0.19765072699988195
0.36903402600000845
0.7337897180000255
1.4749176069999521
0.10466817499991521
0.16185544799986928
0.20265228199991725
0.3726246869998704
0.7359831110002233
1.4756866370000807
0.15014475800012406
0.1617524810001214
0.19752257099980852
0.3690755390000504
0.7333634139999958
1.4720379309999316
0.0405734629998733
0.15760838899996088
0.1993092320001324
0.2835038389998772
0.7347810999999638
1.468900371000018
0.09796031800010496
0.026550640000095882
0.20465745899991816
0.3716418229998908
0.7353608659998372
1.4727021090000108
0.046077755999704095
0.12746922499991342
0.20014686900003653
0.24920521500007453
0.6376655809999647
0.9372900519997529
0.15207091399997807
0.16201683400004185
0.19984577800005354
0.36839030300006925
0.7378060169999117
1.470473609000237
0.08724236500029292
0.15828287200019986
0.20338839099986217
0.30663980299959803
0.7428599770000801
1.4718413250002413
0.09924695400013661
0.10250157099972057
0.19736476800017044
0.3705994679999094
0.7318009439995876
1.4735300110000935
0.030847465000078955
0.08526633500014213
0.20058849999986705
0.37890756300021167
0.7339268579999043
1.4724564829998599
0.07466925899962007
0.052276849999998376
0.15951319099985994
0.2737665790000392
0.6446798150000177
1.3315580120001869
0.07612298399999418
0.16492934000007153
0.19798059499999
0.37007185199991
0.737662681999609
1.4781257150002602
0.08179511900016223
0.09064962000002197
0.19935966000002736
0.3700666449999517
0.6371196370000689
0.6410635850002109
0.09666806899986113
0.0946970679997321
0.20333808700024747
0.3259452370002691
0.6176348140002119
1.083600431999912
0.0359421400003157
0.09378954399971917
0.19747264400029962
0.3693804459999228
0.6949851600002148
1.0825449870003467
0.03589349100002437
0.09219883499963544
0.15125632799981759
0.31878897299975506
0.7392340030000923
1.1814828899996428
0.041534951999892655
0.058758013999977265
0.19534189999967566
0.3487793750000492
0.6224444370000128
0.9849908910000522
0.07791402599968933
0.10008319600001414
0.1816103569999541
0.3749181960001806
0.747026218999963
0.5912909339999715
0.07401036600003863
0.16573289000007208
0.1971411409999746
0.3681522890001361
0.7398586880003677
1.4759780570002476
0.08277164199989784
0.10556283599999006
0.19747956600031102
0.3766944770000009
0.7381553469999744
1.4725132050002685
0.09653392000018357
0.11076136600013342
0.20475737299966568
0.372324461000062
0.7371439039998222
1.4726388290000614
0.09540768300030322
0.15661392799984242
0.1960826059998908
0.28363260800006174
0.7349218379999911
1.187347022999802
0.10434084799999255
0.16102896500024144
0.19865904399966894
0.371104822000234
0.7375744160003705
1.4722337869998228
0.07449424300011742
0.13623465599994233
0.20142403899990313
0.3215443280000727
0.7372206889999688
1.4708212330001516
0.06578113400018992
0.12181209799973658
0.2005554730003496
0.3728899470002034
0.735327720999976
0.784833271000025
0.07699138499992841
0.1245695060001708
0.1991403890001493
0.35912137899958907
0.5153406409999661
0.738707765000072
0.15557311499969728
0.1626938610002071
0.1989779250002357
0.2951717800001461
0.748360810000122
1.4734218819999114
0.06899713099983273
0.12666007400002854
0.21615053999994416
0.3688346559997626
0.7368054979997396
1.4756701519995659
0.03602081200006069
0.16357113100002607
0.15993285800004742
0.37081812299993544
0.7320660119999047
0.539289972000006
0.05698450699992463
0.17769858200017552
0.19728463600040413
0.37039764000019204
0.7332929649996913
1.4722995100000844
0.04636652800036245
0.14005336700029147
0.1992546860001312
0.37383627499957583
0.6845229549999203
1.0819508589997895
0.07199593599989385
0.06384988000036174
0.19868476700003157
0.3794997209997746
0.7364747419997002
1.475126328999977
0.0664903039996716
0.12460100699991017
0.20291097400013314
0.3725310800000443
0.7389193619997059
0.9321757309999157
0.054756300000008196
0.16148562999978822
0.1990773329998774
0.37290770000026896
0.7360144919998675
1.4701533339998605
0.0840473349999229
0.16179965299988908
0.19768264699996507
0.3697636980000425
0.7343168980000883
1.4696596019998651
0.09220126299987896
0.16082002099983583
0.1978203069998017
0.3699561260000337
0.7432481109999571
1.4781569179999678
0.022140723999655165
0.16075021300002845
0.20346547400004056
0.3696084379998865
0.7322348549996605
1.4751852590002272
0.08806406499979857
0.15789655900016442
0.1981898919998457
0.3317007619998549
0.7322869849999734
1.0346962490002625
0.15413956100019277
0.16104825100001108
0.20189223399984257
0.36952152999992904
0.7353895920000468
1.4735299289995965
0.025237221000224963
0.15757249399985085
0.20784536499968453
0.36769299099978525
0.7329288810001344
1.4734016209999936
0.0992264179999438
0.1561966660001417
0.19405199899983927
0.3691189060000397
0.7374297050000678
1.4690408629999183
0.024709753000024648
0.09397458299963546
0.19875667999986035
0.37133885999992344
0.6898327859998972
1.474442763999832
0.04508265300000858
0.1402885590000551
0.1986578539999755
0.27241937799999505
0.7409720050000033
1.4688838179999948
0.060764988000300946
0.15783249900005103
0.1982627729998967
0.37513395299993135
0.7354869340001642
1.4793203589997574
0.14752905600016675
0.052574325000023236
0.19767576399999598
0.3668445570001495
0.746222989999751
1.4709465089999867
0.039923938999891107
0.04188299099996584
0.2030985670003247
0.3688326669998787
0.7368853390003096
1.4739141279997057
0.06344102999992174
0.09744330900002751
0.20004855399974986
0.23141374500028178
0.7370892339999955
1.4665193929999987
0.1000894439998774
0.15960625500019887
0.20164197700023578
0.29436731100031466
0.7360185279999314
1.4723386740001843
0.02087490700023409
0.1600197359998674
0.20195103299965922
0.3671825380001792
0.7352862040002037
1.4746468739999727
0.0441287349999584
0.1598553090002497
0.19490950199997314
0.36763311100003193
0.7334201470002881
0.686195620000035
