0.2370297780000783
0.23390846300003432
0.23363045799987958
0.23322907900001155
0.3346706439999707
0.44060881700011123
0.2332564230000571
0.2343207019998772
0.2334414580000157
0.23557027699985156
0.33452181999996355
0.5371891839999989
0.23420970899996973
0.23925853199989433
0.23958841299986489
0.23358656400000655
0.34007647099997484
0.535341783000149
0.23838839299992287
0.23419641500004218
0.23600130699992405
0.23453953200009892
0.3372262340001271
0.538630436999938
0.23441716199999973
0.2378136770000765
0.23352850700007366
0.23357360999989396
0.33454165199987074
0.5363823870000033
0.23375989999999547
0.23417584300000271
0.23408993199996075
0.23425303400017583
0.33429367799999454
0.4359351109999352
0.23386990199992397
0.2372465440000724
0.23447281300013856
0.23365635799996198
0.3344048250000924
0.5372172990000763
0.23333791800018844
0.2421410349998041
0.234307415000103
0.23559845399995538
0.33447473899991564
0.43412105200013684
0.24796509399993738
0.2334589419999702
0.2339433510001072
0.23604573600005097
0.33503581399986615
0.5345214349999878
0.24004689799994594
0.23604107699998167
0.235058502000129
0.239963656999862
0.3339708729999984
0.5343118279999999
0.23348794699995779
0.23440730600009374
0.2362617080000291
0.23340813300001173
0.33584913400000005
0.5352686060000451
0.23456055599990577
0.23683997800003453
0.23421655400011332
0.2337547260001429
0.3338575589998527
0.43495496600007755
0.2334021000001485
0.23453010399998675
0.23413256300000285
0.2349116780001168
0.3372232910001003
0.43511559900002794
0.23430720800001836
0.2337563770001907
0.23414053700003024
0.23631660800015197
0.3357638910001697
0.43511955300004956
0.2341432050000094
0.2347741999999471
0.2363352559998475
0.2342698370000562
0.3346592039999905
0.5420435630001066
0.23451825500001178
0.23404783399996631
0.23452462500017646
0.2345981920000213
0.3349772080000548
0.5404857200001061
0.23404097800016643
0.24033018799991623
0.2350894020000851
0.2338444989998152
0.34452112999997553
0.5358411360000446
0.2361993380000058
0.23575570200000584
0.2337989339998785
0.233771311000055
0.34059987399996317
0.43451377499991395
0.23655187800000022
0.2335073570000077
0.2358586519999335
0.23698995600011585
0.3339190240001244
0.5354921529999501
0.23522503200001665
0.23396236100006718
0.2342831109999679
0.23415999400003784
0.33488297999997485
0.5363318370000343
0.234879926000076
0.23403499400001238
0.234232061000057
0.2336485040000298
0.33629099099994164
0.4348642259999451
0.2338547289998587
0.23378611700013607
0.2344784060001075
0.2355286659999365
0.3344109810000191
0.5403539440001168
0.23450024900012068
0.23408353200011334
0.23602019800000562
0.23376414399990608
0.335181374000058
0.5370643539999946
0.2445220789998075
0.23439944199981255
0.23615698999992674
0.23469560200010164
0.3347307250000995
0.43461068300007355
0.2369170290000966
0.2351703910001106
0.2338553279998905
0.2344179179999628
0.3370383710000624
0.5375044009999783
0.2349942660000579
0.23475344500002393
0.23491733600008047
0.23478176300000086
0.3353378789997805
0.5378889079997862
0.2345515519998571
0.23592341600010514
0.23473827499992694
0.23553029499998956
0.3344597559998874
0.5352194570000393
0.2353026600001158
0.23484137299988106
0.23427775599998313
0.2359231020000152
0.3344144509999296
0.5354341400000067
0.23409956899990902
0.23388686099997358
0.23476542299999892
0.23461484900008145
0.3347195669998655
0.43857669900012297
0.23482518000014352
0.23394834600003378
0.23422346899997137
0.23480791099996168
0.23939385399989987
0.4348218689999612
0.23466698799984442
0.2341595180000695
0.23395019800000227
0.23419952000017474
0.33789997000008043
0.4353381210000862
0.23495001200012666
0.23397807300011664
0.2342382090000683
0.23398225300002196
0.334860990000152
0.5345483819999117
0.23549959899992245
0.2354848759998731
0.2340403900000183
0.23397024600012628
0.33403400299994246
0.43463327900008153
0.23557371699985197
0.23366441400003168
0.23442259100011142
0.2344675140000163
0.33452389200010657
0.43559072700008983
0.23580170600007477
0.23459834799996315
0.2342988499999592
0.23661276600000747
0.233855597999991
0.4346060479999778
0.23371986600000128
0.23407316999987415
0.23406183400015834
0.23471283800017773
0.33399364900014916
0.5376504280000063
0.23604026999987582
0.23402122200013764
0.2347777350000797
0.23445698999989872
0.33485447899988685
0.5351791059999869
0.23491541800012783
0.23427870800014716
0.23399745299980168
0.23410626300005788
0.3347259510001095
0.5350023749999764
0.23387870999999905
0.236666428000035
0.23389643500013335
0.23415256500015857
0.3378257469998971
0.4348585449999973
0.2377652150000813
0.23374811700000464
0.2337683890000335
0.23666106399991804
0.33498317599992333
0.5392993250000018
0.23498422299985577
0.2364625719999367
0.23406566199992085
0.23467281300008835
0.3355932079998638
0.44247759700010647
0.23405767500003094
0.23465154899986373
0.23542341100005615
0.2336540179999247
0.23350669199999174
0.4346347790001346
0.23642645900008574
0.23397009699988303
0.23411126999985754
0.23606318300016937
0.3365149549999842
0.5377167139999983
0.2347238950001156
0.234758187999887
0.2337242989999595
0.23527146199990057
0.3350570659999903
0.5349883159999536
0.23395405099995514
0.23406000999989374
0.23342013100000258
0.23419474199999968
0.33446881000008943
0.5355509749999783
0.23398016600003757
0.23391988799994579
0.23636725599999409
0.23311761100012518
0.34327530300015496
0.5354287759996623
0.23384996200002206
0.23266770899999756
0.23529049600028884
0.2346456970003601
0.3338681440000073
0.4341651509998883
0.23379373500029033
0.23381999399998676
0.24026537600002484
0.23385952800026644
0.23490050999998857
0.43504728400012027
0.2336341469999752
0.23533787399992434
0.23472578800010524
0.236101779999899
0.3346387550000145
0.5387519920000159
0.23759068800018213
0.24011577900000702
0.23310786399997596
0.23455816400019103
0.34097080799983814
0.5344097780002812
0.23718401299993275
0.23328079200018692
0.2334674419998919
0.23323333999996976
0.3342360619999454
0.5391807319997497
0.23321815799999968
0.23349657000017032
0.23615074500003175
0.23325479899995116
0.3337608739998359
0.43621727600020677
0.23297787399997105
0.23432872100011082
0.2353751679997913
0.23689011800024673
0.33367896299978383
0.5346729439997944
0.23330187799956548
0.24008520100005626
0.2329403700000512
0.2342269280002256
0.33735782700023265
0.5372564009999223
0.23381798699983847
0.23720202300000892
0.23447391899981085
0.23402353599976777
0.33750485100017613
0.5358249960004287
0.24170040900025924
0.23506371399980708
0.23554791499964267
0.2401484009997148
0.33639359000017066
0.536975079000058
0.23371711299978415
0.2343086270002459
0.23459151199995176
0.23453432900032567
0.33392269600017244
0.5374877579997701
0.23530673499999466
0.23459374499998376
0.23459970000021713
0.23383539899987227
0.33494100400002935
0.5354093010000724
0.2351742870000635
0.23488833099963813
0.23411265400000048
0.23348973000020123
0.3347956949996842
0.44163578100005907
0.23945938799988653
0.24006803600013882
0.23384158399994703
0.23390125100013393
0.33444499500001257
0.43489945000010266
0.23360396399993988
0.2336058270002468
0.23481323200030602
0.235273363000033
0.3343076599999222
0.5351473069999884
0.23360680199994022
0.23347474399997736
0.23403451900003347
0.24507649299994227
0.33401747300013085
0.5348088370001278
0.2334888460000002
0.24191683700018984
0.24380063700027677
0.23442045599995254
0.23371709999992163
0.43600626999977976
0.2341227419997267
0.2333407520000037
0.23312284300027386
0.2505304050000632
0.3345688039999004
0.43640309800002797
0.23451690699994288
0.23537195100016106
0.2344272479999745
0.2337975219998043
0.3367335770003592
0.43409598600010213
0.23352253000030032
0.23311533100013548
0.2337224910002078
0.2337340710000717
0.23382417299990266
0.4345368640001652
0.23554754299993874
0.23318508700003804
0.23533244200007175
0.2335829570001806
0.3338843699998506
0.4355933969995931
0.23723268000003372
0.23589088799963065
0.23342810600024677
0.23517876799996884
0.33443427900010647
0.5347910440000305
0.2344350079997639
0.2339931639999122
0.2371810629997526
0.23356207599999834
0.33412967000003846
0.5352271260003363
0.23419291699974565
0.2334867919998942
0.23465019500008566
0.23381881800014526
0.23615158799975688
0.43443026499971893
0.23327341699996396
0.23303333200010456
0.23401222200027405
0.23371993699993254
0.3338353119997919
0.5344533730003604
0.23450912399994195
0.2339564449998761
0.2338978039997528
0.23455219200013744
0.3339719390000937
0.534877805999713
0.23405498400006763
0.23428808799963008
0.23328050900045127
0.23332540900037202
0.33413096999993286
0.4346847299998444
0.233796466000058
0.23442800599968905
0.23364518200014572
0.2347020430001976
0.3339638190000187
0.5345339919999788
0.23429507799983185
0.23374379599999884
0.23464571300019088
0.23415121499965608
0.3339431379999951
0.43475666799986357
0.233878294999613
0.23474651500009713
0.23294891600016854
0.2360287680003239
0.23365751200026352
0.4342087720001473
0.23823647999961395
0.23352387099976113
0.23327255000003788
0.23352000100021542
0.33407374499984144
0.5350155710002582
0.23547306999989814
0.23389928500000678
0.23504367799978354
0.23443132000011246
0.3341358120001132
0.5380855360003807
0.23472150700035854
0.23347538299958615
0.23353308099967762
0.2336702810002862
0.3337227420001909
0.43719703400029175
0.23396894300003623
0.23342300900003465
0.24296121899988066
0.2354118089997428
0.33369972599984976
0.5351448290002736
0.23371566100013297
0.2406789309998203
0.23413887099968633
0.23468048900031135
0.34231410800020967
0.4343721830000504
0.23416491399984807
0.2362220250001883
0.23449446399990848
0.23421325599974807
0.3343790200001422
0.5350474570000188
0.23465419500007556
0.23792487399987294
0.23405561899971872
0.23343405100013115
0.3347308030001841
0.439321473000291
0.23349825600007534
0.23606324000002132
0.23398880600007033
0.23414148599977125
0.34676363500011576
0.53503710699988
0.23422160300015094
0.23394969299988588
0.23417489300027228
0.23833716099989033
0.23413908900010938
0.43615798699966035
0.2353498090001267
0.23393859099996916
0.23587518100021043
0.23385173599990594
0.334440454000287
0.4386872999998559
0.2343820730002335
0.23388816300030157
0.23498860100016827
0.23560788099985075
0.23369246600032056
0.4342562080000789
0.2337066439999944
0.2334843160001583
0.23390803199981747
0.2343655720001152
0.3347318380001525
0.5376183600001241
0.23314780900000187
0.2341125100001591
0.23367523399974743
0.23362778999990041
0.3341318530001445
0.44757024699993053
0.23417813000014576
0.23363928599974315
0.23599302999991778
0.2342527640003027
0.33499457400012034
0.4358596749998469
