0.7888888888888889
0.8444444444444444
0.8611111111111112
0.8666666666666667
0.9222222222222223
0.9277777777777778
0.5944444444444444
0.8722222222222222
0.9166666666666666
0.9
0.95
0.9611111111111111
0.6777777777777778
0.6444444444444445
0.8055555555555556
0.8277777777777777
0.8666666666666667
0.9222222222222223
0.7944444444444444
0.7611111111111111
0.8611111111111112
0.8555555555555555
0.8722222222222222
0.9555555555555556
0.6277777777777778
0.7444444444444445
0.7666666666666667
0.8833333333333333
0.8888888888888888
0.9222222222222223
0.6888888888888889
0.8222222222222222
0.9
0.9388888888888889
0.95
0.9555555555555556
0.6944444444444444
0.8444444444444444
0.9555555555555556
0.9166666666666666
0.95
0.9555555555555556
0.6777777777777778
0.7666666666666667
0.8222222222222222
0.9
0.9555555555555556
0.9722222222222222
0.4111111111111111
0.6222222222222222
0.8611111111111112
0.9611111111111111
0.9555555555555556
0.9722222222222222
0.5555555555555556
0.7277777777777777
0.8333333333333334
0.8
0.9388888888888889
0.9444444444444444
0.7777777777777778
0.8611111111111112
0.8666666666666667
0.9166666666666666
0.9388888888888889
0.9444444444444444
0.6444444444444445
0.8444444444444444
0.8555555555555555
0.9
0.9333333333333333
0.9166666666666666
0.7222222222222222
0.8666666666666667
0.8888888888888888
0.9
0.9666666666666667
0.9722222222222222
0.6611111111111111
0.8
0.8888888888888888
0.9555555555555556
0.9555555555555556
0.9722222222222222
0.6888888888888889
0.8
0.8777777777777778
0.9277777777777778
0.95
0.9722222222222222
0.6
0.6777777777777778
0.8388888888888889
0.8611111111111112
0.9222222222222223
0.9388888888888889
0.7555555555555555
0.6777777777777778
0.85
0.8777777777777778
0.9277777777777778
0.9444444444444444
0.6555555555555556
0.7222222222222222
0.8666666666666667
0.8722222222222222
0.9666666666666667
0.9611111111111111
0.7222222222222222
0.7555555555555555
0.8055555555555556
0.9222222222222223
0.95
0.9777777777777777
0.5555555555555556
0.7888888888888889
0.9111111111111111
0.9111111111111111
0.9444444444444444
0.9666666666666667
0.75
0.7944444444444444
0.8277777777777777
0.9444444444444444
0.95
0.9777777777777777
0.6055555555555555
0.7333333333333333
0.75
0.8333333333333334
0.8722222222222222
0.9
0.7333333333333333
0.7555555555555555
0.8277777777777777
0.8277777777777777
0.8944444444444445
0.9055555555555556
0.6111111111111112
0.5444444444444444
0.8277777777777777
0.8722222222222222
0.9111111111111111
0.9166666666666666
0.6111111111111112
0.6222222222222222
0.8055555555555556
0.9
0.9111111111111111
0.9444444444444444
0.48333333333333334
0.6222222222222222
0.8333333333333334
0.9055555555555556
0.9277777777777778
0.9388888888888889
0.7055555555555556
0.6944444444444444
0.8444444444444444
0.8333333333333334
0.9
0.9222222222222223
0.6777777777777778
0.7166666666666667
0.7944444444444444
0.8555555555555555
0.8777777777777778
0.9
0.6722222222222223
0.7666666666666667
0.8055555555555556
0.8611111111111112
0.9055555555555556
0.9111111111111111
0.7
0.6833333333333333
0.7166666666666667
0.8888888888888888
0.8833333333333333
0.9166666666666666
0.6722222222222223
0.7277777777777777
0.8
0.9166666666666666
0.9277777777777778
0.9666666666666667
0.7444444444444445
0.8388888888888889
0.85
0.8833333333333333
0.9444444444444444
0.9666666666666667
0.6888888888888889
0.8
0.8833333333333333
0.9222222222222223
0.9222222222222223
0.9555555555555556
0.5888888888888889
0.7166666666666667
0.8055555555555556
0.9111111111111111
0.95
0.9666666666666667
0.3055555555555556
0.5888888888888889
0.7888888888888889
0.7833333333333333
0.9055555555555556
0.9
0.5222222222222223
0.7833333333333333
0.8666666666666667
0.8777777777777778
0.95
0.9555555555555556
0.6722222222222223
0.7444444444444445
0.8166666666666667
0.85
0.9222222222222223
0.9111111111111111
0.7
0.7444444444444445
0.7888888888888889
0.8333333333333334
0.8722222222222222
0.9
0.5388888888888889
0.7555555555555555
0.8111111111111111
0.8666666666666667
0.9222222222222223
0.9277777777777778
0.5111111111111111
0.6833333333333333
0.7444444444444445
0.8055555555555556
0.8444444444444444
0.9
0.6555555555555556
0.7555555555555555
0.8611111111111112
0.9055555555555556
0.9166666666666666
0.9333333333333333
0.6
0.8388888888888889
0.8333333333333334
0.9055555555555556
0.9
0.9222222222222223
0.6555555555555556
0.7388888888888889
0.8777777777777778
0.8944444444444445
0.9
0.95
0.6444444444444445
0.7166666666666667
0.6777777777777778
0.8222222222222222
0.8944444444444445
0.9388888888888889
0.7555555555555555
0.7722222222222223
0.7944444444444444
0.8666666666666667
0.95
0.9388888888888889
0.5888888888888889
0.55
0.6666666666666666
0.8277777777777777
0.8944444444444445
0.8944444444444445
