0.14611657299997205
0.12098424200007685
0.5612093679999361
0.4908781880001243
0.8825259190000452
4.078147809000029
0.2731290850001642
0.2177684529999624
0.18552859600004012
0.38647205600000234
0.6829816640001809
4.070237579999912
0.1560767080000005
0.38223414399999456
0.20597809499986397
0.6341443950000212
1.7034120729999813
4.071128534000081
0.07732780600008482
0.2702827030000208
0.3201361579999684
0.3511922689999665
0.6112239880001198
1.0848722949999683
0.1757224089999454
0.23926715699985834
0.15029153000000406
0.35178616500002136
1.2264849589998903
0.9477668849999645
0.09712579699998969
0.16912003500010542
0.4521422600000733
0.8411230530000466
2.046873628999947
1.0848254970001108
0.07873135199997705
0.09630313000002388
0.18815418100007264
0.38637978599990674
0.6807974169998943
1.221921822000013
0.216312458999937
0.16690882400007467
0.5614935220000916
1.0510764430000563
1.1563599500000237
4.065385174000085
0.23430302699989625
0.16712101600001006
0.2796016500001315
0.6672470850000991
0.6795398360000036
4.068440169999803
0.13599258600015673
0.3825777350000408
0.31681845799994335
0.7369165580000754
0.9552903979999883
4.069648888000074
0.13223781000010604
0.1404253719999815
0.3438420679999581
0.47902380199980144
0.8050121300000228
1.7496286859998236
0.11685542600002918
0.23853312799997184
0.22346511900013866
1.0561182299998109
1.162319898000078
4.06618792900008
0.1162118190000001
0.23943491099998937
0.20852773100000377
0.6996277199998531
0.749076124000112
4.061807818000034
0.11653747599984854
0.36061849600014284
0.4112929699999768
0.8404284260000168
0.7525740080000105
1.2195633240000916
0.09808556600000884
0.19061464299988984
0.26667509899994
0.4238162530000409
0.9591427449997809
0.9484215600000425
0.09779651700000613
0.24029214699999102
0.13090235900017433
0.7702497309999217
0.6122146049999628
1.0867802339998889
0.19440731899999264
0.3135998910001945
0.09287166200010688
0.38657066499990833
0.6848042259998692
1.2226800629998706
0.10178150899992033
0.2393786899999668
0.13308396299999004
1.0535015770001337
1.0237769929999558
4.074512055000014
0.1356687160000547
0.28714340999999877
0.2045405019998725
1.0517369760000292
0.949670863999927
4.06424524199997
0.1354036279999491
0.21500304699998196
0.29745262899996305
0.4216560690001643
0.9527538209999875
1.2231281740000668
0.19494672099995114
0.5005767699999524
0.5618710720000308
1.056046814000183
1.0236210999999003
0.8136088769999787
0.09660261499993794
0.2387328830000115
0.3756237840000267
1.0572244249999585
0.6789907340000809
1.0850757379998868
0.09345755799995459
0.23060347299997375
0.5219069380000292
0.20428910999999061
0.6714823339998475
1.0760526879998906
0.23331436299986308
0.2627929350001068
0.5589542719999372
1.0488063469999815
0.819153993999862
1.6271430350000173
0.21542367600000034
0.21866964600008032
0.16692590700017718
1.050779928999873
0.886053013000037
4.065498607999871
0.11648648300001696
0.14460764599994036
0.4116790060002131
0.4544259090000651
0.8846554249998917
1.7656419899999491
0.13124740500006737
0.1612225330000001
0.5339055189999726
0.41932059499981733
1.4117907849999938
4.043015907999916
0.13576217300010285
0.3137685500000771
0.3984442329999638
0.6352056809998885
1.5665795800000524
1.2192939809999643
0.13673510099988562
0.7174542600000677
0.07536386199990375
0.6306824490000054
2.0451678670001456
4.067726067999956
0.12029948300005344
0.7213781329999165
0.2602537619998202
0.7373076910000691
1.4314148930000101
4.073335297999847
0.11882325100009439
0.1683453749999444
0.419025308000073
1.0527587189999394
2.0379864579999776
4.063942230000066
0.19439684799999668
0.3329214080001748
0.1316463369998928
1.052397911999833
1.0897709329999543
1.0843336499999623
0.1395397100000082
0.7189217349998671
0.5583777520000694
0.45661344599989206
1.563635948999945
4.063828795000063
0.13651567500005513
0.28657259800002066
0.5610129659999075
0.6310677030000988
1.3700757260000955
4.07351371499999
0.1198664049998115
0.3345258690001174
0.5589422850000574
1.0514743409999028
2.045574269000099
4.065006035999886
0.13524673500000972
0.33598955299999034
0.2449324889998934
0.45540395900002295
1.2257877199999712
1.7614399940000567
0.13719806000017343
0.09680128900004092
0.2428824109999823
0.4914202929999192
1.5694299829999636
1.6261602659999426
0.17393372999981693
0.19257988799995474
0.22482947299999978
0.9143265729999257
0.6796889730001112
0.9530234849999033
0.1998951020000277
0.3365163749999738
0.5635230820000743
1.0550162170000021
2.041427585000065
4.076287640999908
0.1949309419999281
0.7194290410000121
0.560782177999954
0.45723731399993994
2.047323937000101
2.0343943339998987
0.21495413100001315
0.7189956229999552
0.5602503539998906
0.5255997640001624
2.0423925360000794
1.2210605729999315
0.0976230039998427
0.33559164000007513
0.5573991180001485
1.0487340720001157
2.0426905030001308
1.084506426000189
0.15707836800015684
0.2633297819998006
0.29871858199999224
0.24641946399992776
1.3622561269999096
1.4983000550000725
0.13728185100012524
0.31339457200010656
0.4526373600001534
0.4910772560001533
1.089706784999862
2.0316154189999907
0.1550043629999891
0.716023578999966
0.4083102899999176
1.04957788899992
1.4287078049999309
4.0664051179999205
0.18463543699999718
0.1941846549998445
0.2670714930000031
0.4204567660003704
0.5494269310001982
0.8155845890000819
0.15593305899983534
0.23917835700012802
0.55982078299985
0.3824951569999939
1.2925516189998234
1.2275442539998949
0.15586849600003916
0.21579577700003938
0.35573317800026416
0.9133638119997158
1.362038531000053
4.070672446000117
0.11975403600035861
0.40627555499986556
0.24467181899990464
1.047007078000206
2.033801886999754
1.2177018429997588
0.09724410499984515
0.2154262299995935
0.2809326409997084
1.047888759000216
2.037662038000235
1.4933940430000803
0.11691699099992547
0.38543699199999537
0.5578260859997499
0.6682184479996067
0.6119145949996891
1.7666936119999264
0.23485287499988772
0.19261404799999582
0.1507212020001134
0.910769275000348
2.038887786000032
1.4902044109999224
0.17596270300009564
0.3375413799999478
0.372694367999884
0.7050016369998957
1.5017622200002734
2.577550991999942
0.13575309499992727
0.4082060010000532
0.22317470100006176
0.913642494999749
0.6841014289998384
1.0873601860002964
0.09915505199978725
0.26233535199980906
0.2048155389998101
0.34860843400019803
0.8184465240001373
1.4914793960001589
0.13899053100021774
0.14386887499995282
0.2615791960001843
0.5611500429999978
0.6793248109997876
0.9498693549999189
0.11723042599987821
0.2627541309998378
0.20446681399971567
0.24521497599971553
0.5424161390001245
1.08691066900019
0.1566090900000745
0.3337678269999742
0.5648951429998306
0.8730177669999648
0.816464955000356
1.4898957690002135
0.15673507700012124
0.23969644599992534
0.2964089040001454
1.0505898420001358
2.0475651239999024
1.0832233900000574
0.13815177699962078
0.23786074100007681
0.5616103559996191
1.0524116520000462
0.8142956729998332
4.068675482999879
0.35057917099993574
0.289379874000133
0.4846162789999653
1.0478513129996827
0.6790434970002934
1.6267672499998298
0.09728695900003004
0.40412734899973657
0.5650280419999945
0.5246506139997109
0.8798809999998412
3.3937771790001534
0.21401081100020747
0.5069813279997106
0.33645381999986057
0.41712462499981484
1.971371500999794
1.359963794000123
0.08106011800009583
0.7197389880002447
0.558062283000254
1.0486669550000443
0.7468188719999489
4.067315545000383
0.23675058599974363
0.28661854999973
0.14880330400001185
0.5242446229999587
0.6815786820002359
1.358240840000235
0.2566929459999301
0.11835685100004412
0.1316019089999827
0.7367504029998599
0.8830537529997855
1.355973232999986
0.13878416299985474
0.7222919279997768
0.12987542200016833
0.4544851349996861
0.8826862679998158
4.065853322999828
0.13549778200012952
0.2143241889998535
0.3206281329999001
0.5608977570000206
1.0166529690000061
1.4912212200001704
0.15789631999996345
0.311328116000368
0.1485761559997627
0.5614805739996882
0.6137592720001521
1.76315141699979
0.23342521899985513
0.23849535799990917
0.5578102370000124
0.7710240869996596
2.039343603999896
4.0651808160000655
0.35264952600027755
0.3841679109996221
0.17184311299979527
0.8113293840001461
1.2264654850000625
1.082935900999928
0.17795050999984596
0.1217080060000626
0.24174498200000016
0.8140411220001624
2.042909337999845
4.068666065999878
0.1996459470001355
0.14248201100008373
0.28440025500003685
1.0486426540001048
1.4937027650003074
0.9502819919998728
0.19416099800037045
0.42869743999972343
0.5591788070000803
0.9439281879999726
0.5437891199999285
1.2250873479997608
0.17592164999996385
0.28636158399967826
0.5601935159997993
1.0525468609998825
0.7487660029996732
4.068524125999829
0.15787521299989749
0.45656566900015605
0.5569606750000275
0.5955156899999565
0.7482116920000408
1.2202484069998718
0.09750302500015096
0.2371233509998092
0.33591120399978536
1.0546894510002858
0.7485952020001605
1.3567326939996747
0.138873952999802
0.1425597310003468
0.43186693400002696
0.42167406099997606
0.7450751649998892
0.9546830660001433
0.15520847000016147
0.2855513159997827
0.35293658399996275
1.0537688119998165
0.9507554950000667
4.075630412999999
0.15602003699996203
0.2625715849999324
0.30127964399980556
0.8831072559996755
1.2231763449999562
4.069539058999908
0.07724578699981066
0.09484757299969715
0.5568081780002103
0.5263563499997872
0.6105403980000119
1.22291560199983
0.11871990000008736
0.38025335499969515
0.5080019730003187
0.48836866200008444
1.290310216999842
0.9507396509998216
0.11639074200002142
0.714166718999877
0.5562726820003263
0.34939143100018555
0.8869928120002442
1.76960776299984
0.22126566199995068
0.2633720029998585
0.5632121359999473
0.9435193809999873
1.0210542990002978
1.2176611129998491
0.14028485700009696
0.644465697999749
0.2635602199998175
0.8031605039996066
1.2933509629997388
4.07029235400023
0.15712713400034772
0.239256234000095
0.24428712899998573
0.769936744000006
0.8190116719997604
1.0870437369999308
0.43413302400040266
0.2610181640002338
0.5577940870002749
0.3872522050000953
0.9536651130001701
1.0858673210000234
0.09725631199989948
0.21559949499987852
0.11144928000021537
0.9465201990001333
0.8884256680003091
4.064405314999931
0.1353877530000318
0.26287204499976724
0.5026142419997086
0.3199442899999667
2.037540001999787
1.6264734129999852
0.23609583999996175
0.2141185549999136
0.17027895100000023
0.32187095899962515
0.8823854169995684
2.5818531289996827
