0.31746031746031744
0.47619047619047616
0.42857142857142855
0.35714285714285715
0.38095238095238093
0.6904761904761905
0.23809523809523808
0.3888888888888889
0.4126984126984127
0.30158730158730157
0.35714285714285715
0.46825396825396826
0.3888888888888889
0.373015873015873
0.3888888888888889
0.3253968253968254
0.4523809523809524
0.5396825396825397
0.3888888888888889
0.2777777777777778
0.40476190476190477
0.3412698412698413
0.4523809523809524
0.4365079365079365
0.3333333333333333
0.3888888888888889
0.42857142857142855
0.3492063492063492
0.38095238095238093
0.5
0.373015873015873
0.3968253968253968
0.47619047619047616
0.4126984126984127
0.47619047619047616
0.5079365079365079
0.3492063492063492
0.36507936507936506
0.38095238095238093
0.3253968253968254
0.42857142857142855
0.373015873015873
0.373015873015873
0.373015873015873
0.373015873015873
0.3253968253968254
0.3253968253968254
0.3888888888888889
0.31746031746031744
0.38095238095238093
0.49206349206349204
0.3333333333333333
0.35714285714285715
0.42857142857142855
0.42063492063492064
0.3492063492063492
0.4365079365079365
0.3253968253968254
0.47619047619047616
0.5238095238095238
0.4365079365079365
0.3492063492063492
0.25396825396825395
0.3412698412698413
0.3888888888888889
0.46825396825396826
0.30952380952380953
0.373015873015873
0.3333333333333333
0.3888888888888889
0.373015873015873
0.36507936507936506
0.3492063492063492
0.3888888888888889
0.3888888888888889
0.3333333333333333
0.3492063492063492
0.48412698412698413
0.3253968253968254
0.31746031746031744
0.373015873015873
0.3253968253968254
0.4523809523809524
0.5873015873015873
0.31746031746031744
0.4126984126984127
0.30952380952380953
0.3492063492063492
0.4603174603174603
0.5793650793650794
0.29365079365079366
0.3492063492063492
0.4126984126984127
0.3888888888888889
0.36507936507936506
0.5
0.30158730158730157
0.3492063492063492
0.42063492063492064
0.3492063492063492
0.3888888888888889
0.5793650793650794
0.3492063492063492
0.42063492063492064
0.3412698412698413
0.40476190476190477
0.3492063492063492
0.40476190476190477
0.3412698412698413
0.3492063492063492
0.3492063492063492
0.35714285714285715
0.49206349206349204
0.49206349206349204
0.373015873015873
0.30952380952380953
0.24603174603174602
0.3333333333333333
0.38095238095238093
0.42063492063492064
0.4126984126984127
0.42063492063492064
0.36507936507936506
0.35714285714285715
0.36507936507936506
0.6111111111111112
0.3888888888888889
0.38095238095238093
0.42857142857142855
0.42063492063492064
0.5238095238095238
0.5952380952380952
0.36507936507936506
0.3968253968253968
0.42857142857142855
0.3412698412698413
0.5158730158730159
0.5952380952380952
0.30158730158730157
0.4444444444444444
0.4365079365079365
0.373015873015873
0.48412698412698413
0.5634920634920635
0.36507936507936506
0.4126984126984127
0.38095238095238093
0.3412698412698413
0.4523809523809524
0.5952380952380952
0.40476190476190477
0.3968253968253968
0.4365079365079365
0.373015873015873
0.5634920634920635
0.5
0.373015873015873
0.3492063492063492
0.4126984126984127
0.35714285714285715
0.3492063492063492
0.5
0.36507936507936506
0.38095238095238093
0.31746031746031744
0.3412698412698413
0.3968253968253968
0.5158730158730159
0.3492063492063492
0.42857142857142855
0.4365079365079365
0.16666666666666666
0.35714285714285715
0.5158730158730159
0.373015873015873
0.36507936507936506
0.47619047619047616
0.40476190476190477
0.4365079365079365
0.47619047619047616
0.42063492063492064
0.3253968253968254
0.3412698412698413
0.35714285714285715
0.40476190476190477
0.5
0.3968253968253968
0.3888888888888889
0.3888888888888889
0.3253968253968254
0.4603174603174603
0.4523809523809524
0.20634920634920634
0.30952380952380953
0.42857142857142855
0.30952380952380953
0.5079365079365079
0.5
0.3412698412698413
0.30158730158730157
0.35714285714285715
0.5
0.4603174603174603
0.3968253968253968
0.4126984126984127
0.40476190476190477
0.3888888888888889
0.2777777777777778
0.49206349206349204
0.40476190476190477
0.30952380952380953
0.42063492063492064
0.2777777777777778
0.3968253968253968
0.4444444444444444
0.5396825396825397
0.373015873015873
0.4365079365079365
0.31746031746031744
0.3888888888888889
0.4126984126984127
0.5238095238095238
0.40476190476190477
0.3492063492063492
0.3492063492063492
0.48412698412698413
0.5079365079365079
0.5793650793650794
0.3412698412698413
0.3253968253968254
0.4523809523809524
0.35714285714285715
0.5079365079365079
0.5793650793650794
0.3333333333333333
0.3968253968253968
0.42063492063492064
0.35714285714285715
0.3888888888888889
0.46825396825396826
0.3968253968253968
0.36507936507936506
0.3968253968253968
0.3412698412698413
0.5476190476190477
0.5873015873015873
0.3333333333333333
0.31746031746031744
0.4365079365079365
0.2777777777777778
0.4523809523809524
0.5634920634920635
0.35714285714285715
0.47619047619047616
0.31746031746031744
0.49206349206349204
0.6031746031746031
0.5873015873015873
0.3968253968253968
0.3333333333333333
0.42857142857142855
0.29365079365079366
0.5317460317460317
0.5714285714285714
0.38095238095238093
0.373015873015873
0.373015873015873
0.30158730158730157
0.49206349206349204
0.5793650793650794
0.373015873015873
0.42857142857142855
0.5952380952380952
0.5634920634920635
0.6428571428571429
0.6984126984126984
0.45864661654135336
0.41353383458646614
0.48872180451127817
0.5789473684210527
0.5864661654135338
0.6917293233082706
0.4307692307692308
0.3923076923076923
0.43846153846153846
0.6076923076923076
0.6
0.6307692307692307
0.368
0.456
0.472
0.544
0.656
0.648
0.45161290322580644
0.3709677419354839
0.4435483870967742
0.6048387096774194
0.6612903225806451
0.6935483870967742
0.40601503759398494
0.3533834586466165
0.5488721804511278
0.5639097744360902
0.5714285714285714
0.6766917293233082
0.4251968503937008
0.3464566929133858
0.4015748031496063
0.5039370078740157
0.6299212598425197
0.6929133858267716
0.3779527559055118
0.4409448818897638
0.5039370078740157
0.47244094488188976
0.6220472440944882
0.6850393700787402
0.43548387096774194
0.33064516129032256
0.5080645161290323
0.5080645161290323
0.6048387096774194
0.6451612903225806
0.4789915966386555
0.4789915966386555
0.48739495798319327
0.5630252100840336
0.5714285714285714
0.6470588235294118
0.3898305084745763
0.3728813559322034
0.4830508474576271
0.5677966101694916
0.5508474576271186
0.6101694915254238
0.3228346456692913
0.44881889763779526
0.4330708661417323
0.5905511811023622
0.6299212598425197
0.6535433070866141
0.36363636363636365
0.45454545454545453
0.4214876033057851
0.5537190082644629
0.5371900826446281
0.6942148760330579
0.44274809160305345
0.5190839694656488
0.549618320610687
0.6183206106870229
0.6335877862595419
0.6641221374045801
0.3492063492063492
0.38095238095238093
0.5396825396825397
0.5714285714285714
0.6587301587301587
0.6984126984126984
0.408
0.48
0.432
0.56
0.608
0.672
0.3880597014925373
0.4925373134328358
0.48507462686567165
0.5597014925373134
0.6417910447761194
0.7014925373134329
0.3046875
0.421875
0.4140625
0.5859375
0.6640625
0.7109375
0.37398373983739835
0.44715447154471544
0.44715447154471544
0.4959349593495935
0.5609756097560976
0.5934959349593496
0.38524590163934425
0.4672131147540984
0.5245901639344263
0.45081967213114754
0.5901639344262295
0.6475409836065574
0.3969465648854962
0.42748091603053434
0.40458015267175573
0.48091603053435117
0.5419847328244275
0.6717557251908397
0.376
0.432
0.504
0.472
0.56
0.624
0.37606837606837606
0.4358974358974359
0.47863247863247865
0.4444444444444444
0.5982905982905983
0.6153846153846154
0.3968253968253968
0.30952380952380953
0.4365079365079365
0.6111111111111112
0.5793650793650794
0.6666666666666666
0.45
0.425
0.4
0.575
0.625
0.6583333333333333
0.352
0.432
0.448
0.56
0.592
0.68
0.46218487394957986
0.453781512605042
0.5126050420168067
0.5882352941176471
0.6302521008403361
0.6890756302521008
0.40625
0.4375
0.6328125
0.640625
0.6484375
0.7109375
0.36764705882352944
0.4485294117647059
0.33088235294117646
0.5
0.6176470588235294
0.6617647058823529
0.5037593984962406
0.48872180451127817
0.42857142857142855
0.6090225563909775
0.556390977443609
0.6842105263157895
0.359375
0.40625
0.4921875
0.453125
0.5625
0.6328125
0.3543307086614173
0.4645669291338583
0.4015748031496063
0.5511811023622047
0.5354330708661418
0.6220472440944882
0.45588235294117646
0.4632352941176471
0.49264705882352944
0.5367647058823529
0.6102941176470589
0.6397058823529411
0.5307692307692308
0.36153846153846153
0.49230769230769234
0.5846153846153846
0.6461538461538462
0.6615384615384615
0.35
0.5428571428571428
0.6
0.6142857142857143
0.5928571428571429
0.6857142857142857
0.45185185185185184
0.4888888888888889
0.4148148148148148
0.5703703703703704
0.6444444444444445
0.674074074074074
0.4253731343283582
0.3582089552238806
0.5522388059701493
0.5373134328358209
0.5223880597014925
0.6119402985074627
0.4125874125874126
0.46153846153846156
0.46853146853146854
0.5174825174825175
0.5944055944055944
0.5804195804195804
0.49635036496350365
0.48905109489051096
0.5036496350364964
0.6131386861313869
0.6423357664233577
0.6861313868613139
0.4090909090909091
0.5227272727272727
0.5833333333333334
0.5606060606060606
0.6136363636363636
0.6439393939393939
0.4351145038167939
0.5648854961832062
0.5572519083969466
0.6030534351145038
0.6641221374045801
0.6183206106870229
0.44285714285714284
0.5071428571428571
0.5357142857142857
0.5428571428571428
0.6
0.6428571428571429
0.417910447761194
0.34328358208955223
0.34328358208955223
0.4925373134328358
0.6268656716417911
0.6194029850746269
0.3888888888888889
0.3888888888888889
0.40476190476190477
0.5158730158730159
0.5476190476190477
0.6349206349206349
0.35555555555555557
0.4
0.5037037037037037
0.5111111111111111
0.5407407407407407
0.6592592592592592
0.4626865671641791
0.43283582089552236
0.5
0.4925373134328358
0.6268656716417911
0.6567164179104478
0.4603174603174603
0.373015873015873
0.5555555555555556
0.5396825396825397
0.5634920634920635
0.5952380952380952
0.4365079365079365
0.373015873015873
0.38095238095238093
0.5952380952380952
0.5952380952380952
0.6507936507936508
0.3888888888888889
0.4126984126984127
0.5
0.6746031746031746
0.6507936507936508
0.6507936507936508
0.4198473282442748
0.46564885496183206
0.3969465648854962
0.6106870229007634
0.5648854961832062
0.6946564885496184
0.4126984126984127
0.4523809523809524
0.47619047619047616
0.6111111111111112
0.6428571428571429
0.6984126984126984
0.39849624060150374
0.46616541353383456
0.44360902255639095
0.5338345864661654
0.6240601503759399
0.6541353383458647
0.3582089552238806
0.417910447761194
0.5074626865671642
0.5671641791044776
0.5373134328358209
0.6417910447761194
0.3656716417910448
0.44029850746268656
0.417910447761194
0.5298507462686567
0.5970149253731343
0.6567164179104478
0.3805970149253731
0.4253731343283582
0.43283582089552236
0.47761194029850745
0.6567164179104478
0.6268656716417911
0.34532374100719426
0.39568345323741005
0.4172661870503597
0.48201438848920863
0.5611510791366906
0.5899280575539568
0.3805970149253731
0.3880597014925373
0.43283582089552236
0.43283582089552236
0.4626865671641791
0.6119402985074627
0.3971631205673759
0.425531914893617
0.5602836879432624
0.5673758865248227
0.5886524822695035
0.6950354609929078
0.38095238095238093
0.30158730158730157
0.36507936507936506
0.5079365079365079
0.5952380952380952
0.5714285714285714
0.3968253968253968
0.373015873015873
0.5079365079365079
0.5714285714285714
0.6111111111111112
0.6746031746031746
0.45038167938931295
0.4198473282442748
0.44274809160305345
0.48854961832061067
0.6030534351145038
0.5343511450381679
0.30158730158730157
0.5158730158730159
0.4523809523809524
0.5238095238095238
0.6428571428571429
0.6507936507936508
0.39849624060150374
0.45864661654135336
0.41353383458646614
0.46616541353383456
0.5112781954887218
0.5789473684210527
0.373015873015873
0.5079365079365079
0.5079365079365079
0.5952380952380952
0.6587301587301587
0.6984126984126984
0.3893129770992366
0.4580152671755725
0.45038167938931295
0.5038167938931297
0.5954198473282443
0.648854961832061
0.49206349206349204
0.4365079365079365
0.48412698412698413
0.6349206349206349
0.6349206349206349
0.7222222222222222
0.5413533834586466
0.44360902255639095
0.3684210526315789
0.45112781954887216
0.5338345864661654
0.6090225563909775
0.37404580152671757
0.37404580152671757
0.40458015267175573
0.5267175572519084
0.6030534351145038
0.5419847328244275
0.3253968253968254
0.3492063492063492
0.3888888888888889
0.48412698412698413
0.5873015873015873
0.6031746031746031
0.42105263157894735
0.40601503759398494
0.49624060150375937
0.5488721804511278
0.5488721804511278
0.6390977443609023
0.4351145038167939
0.4580152671755725
0.48091603053435117
0.6183206106870229
0.5954198473282443
0.648854961832061
0.39855072463768115
0.32608695652173914
0.463768115942029
0.5362318840579711
0.5434782608695652
0.6086956521739131
0.43609022556390975
0.3533834586466165
0.518796992481203
0.518796992481203
0.6616541353383458
0.6390977443609023
0.4375
0.453125
0.5703125
0.5703125
0.703125
0.6796875
0.3984375
0.5
0.5859375
0.6796875
0.671875
0.7109375
0.4140625
0.4609375
0.5546875
0.625
0.6328125
0.703125
0.39849624060150374
0.43609022556390975
0.5263157894736842
0.5789473684210527
0.6691729323308271
0.6616541353383458
0.46875
0.390625
0.4609375
0.609375
0.6171875
0.6640625
0.4148148148148148
0.45925925925925926
0.4444444444444444
0.6666666666666666
0.6518518518518519
0.7111111111111111
0.35
0.36666666666666664
0.44166666666666665
0.4
0.48333333333333334
0.5583333333333333
0.35
0.4666666666666667
0.4583333333333333
0.475
0.5583333333333333
0.575
0.432
0.432
0.48
0.544
0.536
0.6
0.325
0.4666666666666667
0.4083333333333333
0.5333333333333333
0.6
0.6416666666666667
0.3779527559055118
0.41732283464566927
0.4015748031496063
0.44881889763779526
0.5748031496062992
0.5905511811023622
0.5083333333333333
0.4666666666666667
0.4083333333333333
0.5166666666666667
0.5833333333333334
0.625
0.376
0.424
0.456
0.528
0.576
0.648
0.4
0.5333333333333333
0.44166666666666665
0.5416666666666666
0.5666666666666667
0.6583333333333333
0.4015748031496063
0.3937007874015748
0.3700787401574803
0.5039370078740157
0.47244094488188976
0.5748031496062992
0.328
0.416
0.504
0.488
0.56
0.656
0.38333333333333336
0.45
0.43333333333333335
0.48333333333333334
0.55
0.6083333333333333
