0.3888888888888889
0.4
0.4666666666666667
0.5888888888888889
0.6055555555555555
0.7055555555555556
0.34444444444444444
0.5666666666666667
0.45555555555555555
0.5777777777777777
0.5777777777777777
0.5888888888888889
0.4722222222222222
0.42777777777777776
0.5166666666666667
0.6722222222222223
0.6777777777777778
0.7222222222222222
0.3333333333333333
0.48333333333333334
0.6277777777777778
0.7388888888888889
0.6888888888888889
0.6666666666666666
0.4
0.29444444444444445
0.48333333333333334
0.6
0.5888888888888889
0.6222222222222222
0.35555555555555557
0.3277777777777778
0.5611111111111111
0.6055555555555555
0.6333333333333333
0.6611111111111111
0.3333333333333333
0.49444444444444446
0.4777777777777778
0.65
0.6277777777777778
0.6833333333333333
0.36666666666666664
0.4222222222222222
0.5
0.55
0.6055555555555555
0.6722222222222223
0.3611111111111111
0.37222222222222223
0.40555555555555556
0.48333333333333334
0.5
0.5055555555555555
0.35555555555555557
0.5277777777777778
0.4166666666666667
0.6111111111111112
0.6166666666666667
0.6333333333333333
0.34444444444444444
0.5888888888888889
0.5388888888888889
0.6222222222222222
0.6722222222222223
0.6833333333333333
0.3333333333333333
0.3611111111111111
0.45555555555555555
0.45555555555555555
0.4444444444444444
0.5111111111111111
0.3388888888888889
0.5
0.5722222222222222
0.5166666666666667
0.6555555555555556
0.8055555555555556
0.37222222222222223
0.4666666666666667
0.4777777777777778
0.4888888888888889
0.5833333333333334
0.5888888888888889
0.4444444444444444
0.49444444444444446
0.5
0.6666666666666666
0.6166666666666667
0.65
0.3388888888888889
0.40555555555555556
0.5666666666666667
0.5277777777777778
0.5944444444444444
0.6555555555555556
0.3333333333333333
0.39444444444444443
0.5111111111111111
0.5722222222222222
0.5944444444444444
0.7
0.3333333333333333
0.4111111111111111
0.4
0.4777777777777778
0.5055555555555555
0.5444444444444444
0.3333333333333333
0.40555555555555556
0.4166666666666667
0.5555555555555556
0.5722222222222222
0.6166666666666667
0.3611111111111111
0.3888888888888889
0.4388888888888889
0.49444444444444446
0.5
0.6166666666666667
0.45
0.4666666666666667
0.55
0.55
0.7277777777777777
0.6277777777777778
0.3
0.48333333333333334
0.5555555555555556
0.6777777777777778
0.7166666666666667
0.75
0.40555555555555556
0.4388888888888889
0.45
0.5222222222222223
0.5333333333333333
0.6277777777777778
0.31666666666666665
0.45555555555555555
0.5055555555555555
0.5055555555555555
0.6888888888888889
0.6833333333333333
0.3333333333333333
0.55
0.4388888888888889
0.5722222222222222
0.6388888888888888
0.6555555555555556
0.3388888888888889
0.5333333333333333
0.6222222222222222
0.6888888888888889
0.6666666666666666
0.7222222222222222
0.4388888888888889
0.48333333333333334
0.45
0.6277777777777778
0.6333333333333333
0.6722222222222223
0.37777777777777777
0.45
0.4722222222222222
0.7111111111111111
0.7055555555555556
0.7111111111111111
0.43333333333333335
0.5388888888888889
0.5777777777777777
0.6555555555555556
0.7055555555555556
0.7
0.39444444444444443
0.5166666666666667
0.5944444444444444
0.6277777777777778
0.6944444444444444
0.7055555555555556
0.35
0.4222222222222222
0.4388888888888889
0.5833333333333334
0.5666666666666667
0.65
0.29444444444444445
0.35
0.4722222222222222
0.4666666666666667
0.5222222222222223
0.5888888888888889
0.37777777777777777
0.4
0.46111111111111114
0.5
0.5944444444444444
0.6333333333333333
0.3333333333333333
0.38333333333333336
0.45
0.5222222222222223
0.6388888888888888
0.6888888888888889
0.3333333333333333
0.38333333333333336
0.5611111111111111
0.6333333333333333
0.7
0.6833333333333333
0.4111111111111111
0.46111111111111114
0.55
0.6333333333333333
0.7277777777777777
0.6444444444444445
0.3333333333333333
0.4777777777777778
0.4722222222222222
0.6111111111111112
0.7333333333333333
0.7111111111111111
0.4888888888888889
0.4111111111111111
0.5277777777777778
0.6611111111111111
0.6666666666666666
0.6555555555555556
0.45555555555555555
0.4666666666666667
0.6
0.5888888888888889
0.6444444444444445
0.7666666666666667
0.35555555555555557
0.4666666666666667
0.55
0.55
0.6611111111111111
0.7
0.3333333333333333
0.5777777777777777
0.5666666666666667
0.6055555555555555
0.6888888888888889
0.6111111111111112
0.34444444444444444
0.48333333333333334
0.5722222222222222
0.6277777777777778
0.7055555555555556
0.6944444444444444
0.39444444444444443
0.46111111111111114
0.5777777777777777
0.5944444444444444
0.6833333333333333
0.7444444444444445
0.37777777777777777
0.45555555555555555
0.5444444444444444
0.6611111111111111
0.6666666666666666
0.8222222222222222
0.35
0.5555555555555556
0.5055555555555555
0.6777777777777778
0.6555555555555556
0.7333333333333333
0.5056179775280899
0.7921348314606742
0.7696629213483146
0.8876404494382022
0.8932584269662921
0.9438202247191011
0.48404255319148937
0.8404255319148937
0.8776595744680851
0.898936170212766
0.9521276595744681
0.9521276595744681
0.5054347826086957
0.6630434782608695
0.6847826086956522
0.8532608695652174
0.8967391304347826
0.9293478260869565
0.4689265536723164
0.5932203389830508
0.6440677966101694
0.751412429378531
0.8531073446327684
0.943502824858757
0.42857142857142855
0.5771428571428572
0.7885714285714286
0.8514285714285714
0.9257142857142857
0.9428571428571428
0.6329787234042553
0.8829787234042553
0.8138297872340425
0.925531914893617
0.9574468085106383
0.973404255319149
0.5977653631284916
0.7206703910614525
0.8268156424581006
0.8994413407821229
0.9385474860335196
0.9497206703910615
0.7039106145251397
0.8156424581005587
0.7988826815642458
0.8491620111731844
0.8770949720670391
0.8994413407821229
0.34285714285714286
0.6685714285714286
0.8342857142857143
0.9142857142857143
0.9142857142857143
0.92
0.5059523809523809
0.7142857142857143
0.7261904761904762
0.8154761904761905
0.9166666666666666
0.9345238095238095
0.43373493975903615
0.6686746987951807
0.7289156626506024
0.8132530120481928
0.8493975903614458
0.8493975903614458
0.776536312849162
0.8491620111731844
0.8491620111731844
0.8603351955307262
0.9050279329608939
0.9162011173184358
0.7647058823529411
0.788235294117647
0.8647058823529412
0.9
0.9470588235294117
0.9764705882352941
0.5783783783783784
0.7945945945945946
0.7837837837837838
0.8864864864864865
0.9297297297297298
0.9459459459459459
0.6179775280898876
0.7247191011235955
0.848314606741573
0.9044943820224719
0.949438202247191
0.9606741573033708
0.5795454545454546
0.6590909090909091
0.8181818181818182
0.7840909090909091
0.8806818181818182
0.9431818181818182
0.5396825396825397
0.6666666666666666
0.6772486772486772
0.783068783068783
0.8624338624338624
0.8835978835978836
0.6944444444444444
0.8944444444444445
0.9444444444444444
0.8944444444444445
0.9611111111111111
0.9611111111111111
0.3793103448275862
0.7011494252873564
0.7931034482758621
0.7873563218390804
0.8793103448275862
0.9195402298850575
0.37209302325581395
0.7441860465116279
0.8023255813953488
0.8895348837209303
0.9186046511627907
0.9418604651162791
0.5351351351351351
0.7243243243243244
0.8432432432432433
0.918918918918919
0.9297297297297298
0.9513513513513514
0.5340909090909091
0.625
0.8181818181818182
0.8579545454545454
0.8352272727272727
0.8977272727272727
0.3696969696969697
0.6727272727272727
0.7636363636363637
0.793939393939394
0.8666666666666667
0.9151515151515152
0.6404494382022472
0.8146067415730337
0.9101123595505618
0.9325842696629213
0.9606741573033708
0.9775280898876404
0.4437869822485207
0.7988165680473372
0.8402366863905325
0.863905325443787
0.9112426035502958
0.9230769230769231
0.7045454545454546
0.7670454545454546
0.8238636363636364
0.9034090909090909
0.9204545454545454
0.9375
0.6167664670658682
0.8323353293413174
0.8562874251497006
0.8982035928143712
0.9520958083832335
0.9580838323353293
0.6555555555555556
0.8722222222222222
0.8944444444444445
0.9388888888888889
0.95
0.9722222222222222
0.6528497409326425
0.7409326424870466
0.7409326424870466
0.8238341968911918
0.8808290155440415
0.8963730569948186
0.37037037037037035
0.7671957671957672
0.8783068783068783
0.8888888888888888
0.9417989417989417
0.9470899470899471
0.3901098901098901
0.6043956043956044
0.6648351648351648
0.8131868131868132
0.9010989010989011
0.945054945054945
0.4388888888888889
0.4888888888888889
0.6833333333333333
0.7888888888888889
0.8277777777777777
0.8777777777777778
0.5440414507772021
0.8290155440414507
0.8082901554404145
0.8601036269430051
0.8808290155440415
0.9067357512953368
0.6304347826086957
0.6956521739130435
0.8967391304347826
0.9347826086956522
0.9619565217391305
0.9619565217391305
0.7688442211055276
0.8291457286432161
0.9396984924623115
0.9246231155778895
0.964824120603015
0.9899497487437185
0.578125
0.6145833333333334
0.796875
0.828125
0.8802083333333334
0.9583333333333334
0.6157894736842106
0.6578947368421053
0.7210526315789474
0.8578947368421053
0.8842105263157894
0.9105263157894737
0.5714285714285714
0.6945812807881774
0.7339901477832512
0.7487684729064039
0.8571428571428571
0.8669950738916257
0.8298969072164949
0.8350515463917526
0.9278350515463918
0.9484536082474226
0.9742268041237113
0.9896907216494846
0.4308510638297872
0.723404255319149
0.8031914893617021
0.824468085106383
0.8829787234042553
0.9574468085106383
0.46774193548387094
0.7688172043010753
0.9032258064516129
0.9301075268817204
0.9623655913978495
0.967741935483871
0.8140703517587939
0.8994974874371859
0.9296482412060302
0.9798994974874372
0.9798994974874372
0.9949748743718593
0.4052631578947368
0.7842105263157895
0.9210526315789473
0.9210526315789473
0.9421052631578948
0.9526315789473684
0.41899441340782123
0.5810055865921788
0.5921787709497207
0.7318435754189944
0.7821229050279329
0.9050279329608939
0.6666666666666666
0.6822916666666666
0.7760416666666666
0.8645833333333334
0.9114583333333334
0.9791666666666666
0.47368421052631576
0.6578947368421053
0.6947368421052632
0.7368421052631579
0.7736842105263158
0.8315789473684211
0.702247191011236
0.7528089887640449
0.8539325842696629
0.8876404494382022
0.9438202247191011
0.9662921348314607
0.5955056179775281
0.8426966292134831
0.8258426966292135
0.9269662921348315
0.9325842696629213
0.9662921348314607
0.6348314606741573
0.7359550561797753
0.797752808988764
0.8314606741573034
0.848314606741573
0.8707865168539326
0.43243243243243246
0.7837837837837838
0.7783783783783784
0.8594594594594595
0.9135135135135135
0.9513513513513514
0.601123595505618
0.651685393258427
0.6853932584269663
0.797752808988764
0.8876404494382022
0.8820224719101124
0.7446808510638298
0.9042553191489362
0.9042553191489362
0.9468085106382979
0.9521276595744681
0.9787234042553191
0.5502645502645502
0.5925925925925926
0.6402116402116402
0.7619047619047619
0.7936507936507936
0.8571428571428571
0.5396825396825397
0.6243386243386243
0.7407407407407407
0.746031746031746
0.8201058201058201
0.8465608465608465
0.4021164021164021
0.5661375661375662
0.6243386243386243
0.6772486772486772
0.6825396825396826
0.7883597883597884
0.5051020408163265
0.6887755102040817
0.6887755102040817
0.7653061224489796
0.8418367346938775
0.8316326530612245
0.3439153439153439
0.43386243386243384
0.6243386243386243
0.671957671957672
0.6613756613756614
0.8095238095238095
0.6381909547738693
0.7135678391959799
0.7336683417085427
0.7085427135678392
0.8140703517587939
0.8693467336683417
0.7288135593220338
0.7062146892655368
0.8135593220338984
0.8983050847457628
0.9209039548022598
0.9322033898305084
0.7909604519774012
0.768361581920904
0.8135593220338984
0.8531073446327684
0.8813559322033898
0.9096045197740112
0.5652173913043478
0.7282608695652174
0.7608695652173914
0.9402173913043478
0.9293478260869565
0.9510869565217391
0.6384180790960452
0.7062146892655368
0.8813559322033898
0.807909604519774
0.903954802259887
0.9209039548022598
0.7058823529411765
0.9144385026737968
0.8663101604278075
0.9197860962566845
0.946524064171123
0.9679144385026738
0.480225988700565
0.751412429378531
0.8248587570621468
0.8418079096045198
0.8757062146892656
0.8983050847457628
0.4945652173913043
0.7228260869565217
0.8804347826086957
0.9293478260869565
0.9402173913043478
0.9402173913043478
0.6836158192090396
0.6610169491525424
0.8305084745762712
0.8192090395480226
0.9209039548022598
0.8983050847457628
0.7112299465240641
0.7967914438502673
0.8449197860962567
0.893048128342246
0.93048128342246
0.9411764705882353
0.41847826086956524
0.7336956521739131
0.7391304347826086
0.8152173913043478
0.8532608695652174
0.8804347826086957
0.4067796610169492
0.5932203389830508
0.672316384180791
0.7627118644067796
0.807909604519774
0.8305084745762712
0.8342245989304813
0.8663101604278075
0.8556149732620321
0.8663101604278075
0.9037433155080213
0.9197860962566845
0.5
0.6086956521739131
0.7065217391304348
0.7554347826086957
0.8315217391304348
0.8695652173913043
0.8195876288659794
0.8350515463917526
0.9175257731958762
0.9536082474226805
0.9381443298969072
0.9742268041237113
0.7967914438502673
0.839572192513369
0.8342245989304813
0.8823529411764706
0.8770053475935828
0.9251336898395722
0.6243093922651933
0.7955801104972375
0.9060773480662984
0.9502762430939227
0.9668508287292817
0.9779005524861878
0.49171270718232046
0.9226519337016574
0.9281767955801105
0.9613259668508287
0.9558011049723757
0.9668508287292817
0.712707182320442
0.7292817679558011
0.7900552486187845
0.8784530386740331
0.9005524861878453
0.9226519337016574
0.5691489361702128
0.723404255319149
0.7925531914893617
0.898936170212766
0.9095744680851063
0.9574468085106383
0.6187845303867403
0.6906077348066298
0.8232044198895028
0.850828729281768
0.8342541436464088
0.8839779005524862
0.7225130890052356
0.900523560209424
0.9685863874345549
0.9476439790575916
0.9738219895287958
0.9842931937172775
0.4970414201183432
0.5739644970414202
0.727810650887574
0.7988165680473372
0.8284023668639053
0.9112426035502958
0.4260355029585799
0.7337278106508875
0.7810650887573964
0.834319526627219
0.9230769230769231
0.9585798816568047
0.4375
0.6420454545454546
0.6590909090909091
0.8011363636363636
0.8693181818181818
0.9375
0.40828402366863903
0.727810650887574
0.8106508875739645
0.8461538461538461
0.8816568047337278
0.9585798816568047
0.5810055865921788
0.7374301675977654
0.7821229050279329
0.8547486033519553
0.9329608938547486
0.9664804469273743
0.4970414201183432
0.7988165680473372
0.7988165680473372
0.8994082840236687
0.9112426035502958
0.9526627218934911
0.4659090909090909
0.6704545454545454
0.7897727272727273
0.8465909090909091
0.8579545454545454
0.9318181818181818
0.4911242603550296
0.7810650887573964
0.8520710059171598
0.8579881656804734
0.8994082840236687
0.9289940828402367
0.7486033519553073
0.7597765363128491
0.8491620111731844
0.888268156424581
0.8770949720670391
0.9273743016759777
0.4318181818181818
0.6306818181818182
0.6704545454545454
0.8125
0.875
0.9147727272727273
0.48520710059171596
0.6331360946745562
0.7100591715976331
0.7869822485207101
0.8461538461538461
0.8816568047337278
