0.0009661980000146286
0.0013639560002047801
0.004615180999962831
0.016304468000043926
0.05652350199989087
0.20022591700012526
0.0006609199999729753
0.0012950459999956365
0.0045186849999936385
0.014409396000019115
0.05062224699986473
0.1718084159999762
0.0007465769999726035
0.0013750010000421753
0.004804667999906087
0.017310085999952207
0.06150110199996561
0.21400529299990012
0.0007152830000904942
0.0013371009999900707
0.004597419999981867
0.017559806999997818
0.06417202199986605
0.2321428669999932
0.0006965940001464332
0.0013166620001356932
0.004655622999962361
0.016839287000038894
0.05629303900013838
0.1910012750001897
0.0006396779999704449
0.0013163650000933558
0.004571531000010509
0.015045002999841017
0.04746043800014377
0.14664420600001904
0.0006549570000515814
0.001325646999930541
0.00451911499999369
0.017189058999974804
0.05779501600000003
0.18230069199989885
0.0006720720000430447
0.0013581949999661447
0.004652781000004325
0.015401534000147876
0.05095669800016367
0.16844649099994058
0.0006272879998050485
0.0013784039999791275
0.004707298999846898
0.017743962999929863
0.0577101850001327
0.21148706100007075
0.0007075949999943987
0.0013194030000249768
0.004597200000034718
0.01698609499999293
0.060861595000005764
0.22793473999990965
0.0006773760001124174
0.0013249410001208162
0.004765093000060006
0.018284631000142326
0.057611893000057535
0.20516629700000522
0.000685220999912417
0.0013148359998922388
0.004445175000000745
0.016555595999989237
0.04810883499999363
0.16523838800003432
0.000699397000062163
0.0013669190000200615
0.00456616499991469
0.017823830999986967
0.05285110899990286
0.16558033199999045
0.0006552199999987351
0.0013098350000291248
0.004564523999988523
0.01609736599993994
0.052338741000085065
0.17662613500010593
0.0007185269998899457
0.0013218740000411344
0.004629595999858793
0.01445383899999797
0.05418681499986633
0.1678245489999881
0.0006632490001265978
0.0013288439999996626
0.004595694000045114
0.015152398000054745
0.05119462700008626
0.19316586299987648
0.0006679819998680614
0.0013264850001633022
0.00465839399998913
0.015749659999983123
0.05774555399989367
0.19480684799987102
0.0006726969997998822
0.001301098999874739
0.0046618129999842495
0.01624086099991473
0.04761385400001927
0.14757882800017796
0.0006713899999795103
0.0013883210001495172
0.004708095000069079
0.018793442000060168
0.0653288009998505
0.22329318700008116
0.0006769340000118973
0.0013186359999508568
0.004610084999967512
0.016889781000145376
0.058575049999944895
0.20024956799989013
0.0006501259999822651
0.001303622000023097
0.004700001999935921
0.01782812900000863
0.0539111209998282
0.16883217300005526
0.0007228650001707138
0.0014157240000258753
0.004894302999900901
0.01549512099995809
0.06639299900007245
0.2275122519999968
0.0006743350002125226
0.0013143369999397692
0.004756600000064282
0.016671160999976564
0.06011814700013929
0.21397065399992243
0.0007250399999065849
0.0013325320001058572
0.004763312000022779
0.014490735999970639
0.0453079629999138
0.15965769000013097
0.000707998999814663
0.0013365749998683896
0.0046746279999752005
0.017656106999993426
0.05998564200012879
0.19466429899989635
0.0006644149998464854
0.0013342469999315654
0.004721432999986064
0.016307975000017905
0.050470632000042315
0.17445437399987895
0.0006822560001182865
0.0013352470000427274
0.004612683000004836
0.01586443499991219
0.050109500000189655
0.16938540199998897
0.0006626619999678951
0.0013230359998033236
0.004482000000052722
0.01675189100001262
0.04433354299999337
0.14105256999982885
0.0006594359999780863
0.0013013880000016798
0.004473301999951218
0.014962343999968652
0.05589372200006437
0.19181704600009652
0.0007231839999803924
0.001487980999854699
0.004586943000049359
0.017038743000057366
0.06119228300008217
0.20006901300007485
0.0006820600001447019
0.0013125930001933739
0.004493030000048748
0.01743485299994063
0.06755407599985119
0.2400805270001456
0.0006882789998599037
0.0013149760000032984
0.004719588000170916
0.017336592000219753
0.06099987099992177
0.2294451120001213
0.0008482529999582766
0.0013137690000348812
0.004181039000059172
0.014955026000052385
0.04773744099998112
0.1671033279999392
0.0006426979998650495
0.001332354000169289
0.004629170000043814
0.014519104999862975
0.0480364400000326
0.17147355300016898
0.00065626900004645
0.001311525000119218
0.004565236999951594
0.01588008599992463
0.04738428400014527
0.1496041420000438
0.0006345749998217798
0.0013236039999355853
0.004613521000010223
0.015474454999775844
0.05347443599998769
0.18569959700016625
0.0006956600000194157
0.0012999430000490975
0.004506622000008065
0.014277339999807737
0.05706920099987656
0.21507114399992133
0.0007147040000745619
0.001292598999953043
0.004506552000066222
0.01459795400000985
0.05495331199995235
0.20125564199997825
0.0007900750001681445
0.0013238229998933093
0.0045976299998073955
0.015862997000112955
0.04335120500013545
0.13743979599985323
0.000617895999994289
0.0012961090001226694
0.004644013999950403
0.018649450000111756
0.056655203000218535
0.21019726999998056
0.0006367230000705604
0.0012742669998715428
0.004534445999979653
0.01665156800004297
0.05283278199999586
0.1728522589999102
0.000687452999954985
0.00133818200015412
0.004547764000108145
0.01583310499995605
0.042174781999847255
0.1446120719999726
0.0006601349998618389
0.0013646709999193263
0.004758544999958758
0.015903152999953818
0.05221749599991199
0.18257471199990505
0.0006801170000017009
0.00131888800001434
0.004759434999868972
0.0179724240001633
0.062477122000018426
0.22766493500012075
0.0007035680000626598
0.0013066870001239295
0.004549451000002591
0.01360864399998718
0.05340712900010658
0.18231752599990614
0.001045526999860158
0.0013846699998794065
0.004537177999736741
0.014568440999937593
0.05487784799970541
0.2012802610001927
0.0007491549999940617
0.0013592440000138595
0.004375608999907854
0.015308258999993996
0.051941842999895016
0.15898129300012442
0.0007153730002755765
0.0013456110000333865
0.004208423000363837
0.016300153999964095
0.04779782300010993
0.15800369599992337
0.0007223820002764114
0.0013717599999836239
0.004405047000091145
0.014827807999608922
0.05619839899964063
0.193459984999663
0.0007056379999994533
0.0013320210000529187
0.0046396580000873655
0.015979059000073903
0.055484455000168964
0.1791372699999556
0.0007059310000840924
0.0013288909999573661
0.004255726999872422
0.01644196799998099
0.06517581600019184
0.19956276399989292
0.0007173730000431533
0.0013384799999585084
0.004594678000103158
0.014330204000088997
0.042263417999947706
0.13779898299981141
0.0006915720000506553
0.0013646239999616228
0.004593096999997215
0.014730976999999257
0.052747286000339955
0.19248325999978988
0.0007524150000790542
0.0013260020000416262
0.004540004000318731
0.015887773000031302
0.055758103000243864
0.20228541100004804
0.0006999709999035986
0.001479028999710863
0.004684236999764835
0.01600352200011912
0.059808247000091797
0.2501001149998956
0.0007264260002557421
0.0013379209999584418
0.004490358000111883
0.01668802299991512
0.05625305700004901
0.19531800499999008
0.0007460990000254242
0.001329076999809331
0.004563992999919719
0.017689795000023878
0.06533153999998831
0.2754793150002115
0.0007384499999716354
0.0013403079997260647
0.004582079000101658
0.017250962000161962
0.05201767800008383
0.183226612999988
0.0007490050002161297
0.0013623530003314954
0.004573004999656405
0.016606262999630417
0.05026188200008619
0.1713087089997316
0.0006634739997934958
0.0013127150000400434
0.004367933999674278
0.015035346000331629
0.05177291299969511
0.1811911289996715
0.0007301770001504337
0.0013324289998308814
0.004794078000031732
0.018103063999660662
0.048247330999856786
0.1726403030002075
0.000698081999871647
0.0014496209996650578
0.004515705999892816
0.01494841199973962
0.054257522000170866
0.19016129100009493
0.0007110189999366412
0.0013612669999929494
0.004509598999902664
0.01432845899989843
0.0453540830003476
0.14294383100013874
0.0006890840004416532
0.0013291979998939496
0.004624965999937558
0.016487436999796046
0.05306891000009273
0.17103171600001588
0.0006904369997755566
0.0013376649999372603
0.00486975000012535
0.014573510999980499
0.05084477800028253
0.15192035000018222
0.0007481510001525749
0.0013423639998109138
0.004689592999966408
0.016944061999765836
0.05979097199997341
0.1931433200002175
0.0006993990000410122
0.001336803000413056
0.0046712910002497665
0.016002378999928624
0.046307951000017056
0.15646041899981356
0.0006701420002173109
0.001321944000210351
0.004347985000094923
0.016305205000207934
0.05500351299997419
0.21163954199982982
0.0007227500000226428
0.0013649559996338212
0.004229812999710703
0.017000973999984126
0.06325129300012122
0.26244973899974866
0.0006851370003460033
0.001344862999758334
0.004476103999877523
0.013002629999846249
0.047775227999864
0.1550537850002911
0.0006786310000279627
0.0013346050000109244
0.0045615290000569075
0.016236345999914192
0.06470663299978696
0.22590356199998496
0.0007122329998310306
0.0013387009998950816
0.004625734000001103
0.015945508000186237
0.04762343799984592
0.14861311000004207
0.0007243870004458586
0.001334452999799396
0.00440377199993236
0.016720141999940097
0.04896861599991098
0.1765003489999799
0.0007455080003637704
0.0013248229997770977
0.004660194999814848
0.014437016999636398
0.04406450799979211
0.15486124300014126
0.0007089820001056069
0.0013271519997033465
0.0044050830001651775
0.015254824999828998
0.04352043800008687
0.13714382100033617
0.0006989410003370722
0.0013160070002413704
0.004470257999855676
0.014251501999751781
0.049361217000296165
0.18115446100000554
0.0006793530001232284
0.0013207449997025833
0.00425424299965016
0.014351466999869444
0.04733411100005469
0.1649669969997376
0.000746294999771635
0.0013375420003285399
0.004569376999825181
0.014152055000067776
0.04951367700004994
0.16139474100009465
0.0007108089998837386
0.0013229260002844967
0.00474810100013201
0.013630781999836472
0.037675856999612733
0.12219771900026899
0.0006950639999558916
0.001314286000251741
0.004586162000123295
0.01749160800000027
0.058875853000245115
0.217775427000106
0.0007155810003496299
0.0013466979999066098
0.004483549000269704
0.01650322400018922
0.056212909999885596
0.20117844400010654
0.0007174879997364769
0.0013276260001475748
0.004574382999635418
0.017661889999999403
0.06538097500015283
0.2401345160001256
0.0007534030000897474
0.0013347579997571302
0.004743621000216081
0.017756773000201065
0.0537403789999189
0.18805018600005496
0.000716072000159329
0.0015910570000414737
0.004620261000127357
0.01540783999962514
0.05498971699989852
0.18348291899974356
0.0006935860001249239
0.0013195879996601434
0.004661211999973602
0.015614023000125599
0.054304733000208216
0.1821108189997176
0.0006569499996658124
0.001310493999881146
0.004613995999989129
0.018784996999784198
0.05605787800004691
0.1925033849997817
0.0006845759999123402
0.001335108000148466
0.004590546000144968
0.015636244000234
0.0466389370003526
0.16892377800013492
0.0006987649999246059
0.0013350049998734903
0.004555719000109093
0.018232024000099045
0.050967953999588644
0.16994098599980134
0.000727578000351059
0.001357847000235779
0.004564176999792835
0.01822477699988667
0.06497938199981945
0.2335618689999137
0.0007759640002404922
0.001357313999960752
0.004618088999905012
0.01708828100026949
0.05996749699988868
0.2348544389997187
