1.1937458959873766
1.1842400886525866
1.3762636410150055
1.4225580520093597
1.8096811739960685
2.5074535710155033
3.9449861330019
6.463492327330944
1.2356254869955592
1.2541997839968342
1.388526258340183
1.4270229800022207
1.5731196730048396
2.021319567002744
3.2602924009940275
6.37076120399676
1.2413281910024427
1.2556150756621112
1.4229289206656783
1.4473949163317836
1.5814962260095247
2.0137338633261
3.201128720664807
6.424002330333072
1.2646556523298689
1.259757474666306
1.417982675009019
1.4818652380005612
1.5889320049803548
2.03565774767776
3.1910294563276693
6.425290302324963
1.2561491283316475
1.2594009849999566
1.4382459189898025
1.482620739659372
1.5919580459982778
2.0144016046639686
3.2160817360078604
6.397323457339856
1.2511585859950476
1.242754629337772
1.4448562273270606
1.5655930859987468
2.0139781053294428
2.5446370856564804
3.2121314143393342
6.333396406669635
1.248150065667384
1.2549601793289185
1.4264551883291763
1.473305234995981
1.672125052321159
2.0190607530045477
3.2010563533209884
6.426115259334135
1.2451928716715581
1.2282716280024033
1.4445513223472517
1.4628704203350935
1.581011969334213
2.036727016665585
3.2333502046725093
6.427348406335416
1.2431437316602871
1.2646866203285754
1.436911828670418
1.4790645500082367
1.5639367283341319
2.0108595923326598
3.1984194280036413
6.45564702199772
1.2460741730077036
1.2474763753319469
1.4304698343427542
1.477938664679338
1.616376827005297
2.021720919001382
3.863008167342438
8.844542101665866
1.3442656803429902
1.2409841800108552
1.4151986479992047
1.4714525663390912
1.5873584830066345
2.0050782800050606
3.1997713153250515
6.423199574327252
1.2210319143293116
1.2702722263347823
1.4337903536700953
1.46108223333916
1.6038789960148279
2.008947093000946
3.2100081799920495
6.376182343325733
1.2345771489975352
1.2444327363336924
1.4181574473332148
1.4524127806750282
1.5781415296757284
2.0084622896586857
3.244908907324619
6.398862494999776
1.2403012670013898
1.2438940823388596
1.4275728296488523
1.4713984089903533
1.5895354633394163
2.0062356686685234
3.1909981469992394
6.408948132991402
1.2480399513345521
1.2549196973365422
1.4284124786693913
1.4780917633324862
1.8549972126687255
2.530393635669801
4.254967591007396
6.390452832332812
1.253583543332449
1.2493921923354112
1.4293404599981538
1.4613943280031283
1.5795907510037068
2.011513632343849
3.1840913883352187
6.409773645340465
1.2378698873314231
1.2648481599947747
1.4232605829893146
1.4793892343295738
1.6184644146705978
2.041020519672505
3.229766654675283
6.403524419001769
1.2379336796681553
1.2337287013360765
1.4283981753396802
1.4674404220034678
1.5874099906553358
2.0181229536635024
3.2059123659952697
6.4228937833298305
1.2505780096689705
1.2278882783527176
1.4095836246657807
1.467925614337825
1.6201305206632242
2.0503797893373608
3.2278198060036325
6.445811142659902
1.2316074286742758
1.231614161331284
1.43021317133874
1.4746455150016118
2.071427303337259
2.569066453996735
3.813278810324846
6.375411223998526
1.2441967139893677
1.2298880946764257
1.4230292313344155
1.4680894613265991
1.5826803733361885
2.0237219169988143
3.2318680063278102
6.387091223004973
1.2458850436669309
1.2432461296654462
1.4143541663361248
1.4596108670035999
1.600684042001376
1.9897197743412107
3.2240285503309374
6.390389280655654
1.2830840546812396
1.2439338296632438
1.4198641053420336
1.4730926300107967
1.5758690460061189
2.003598493000027
3.2460589466597107
6.385060011661456
1.2508228473501124
1.2466941863434233
1.4138692080062658
1.475813931998952
1.5969002346682828
2.0093030776576293
3.22272584066377
6.40934046098846
1.2433800276679297
1.2521906726566765
1.6823867426719517
1.8525045606656931
1.912271089667532
2.008447550004348
3.238235478347633
6.490043598673462
1.2540856656560209
1.240306905664814
1.4307069193358377
1.4846474050039735
1.5952594106687077
2.0163685593385403
3.199975497331858
6.428794303006725
1.22891447233269
1.2378644446628944
1.4291446213319432
1.4551986999964963
1.5909522830042988
2.0106912776633785
3.2227139323270726
6.436904060664044
1.2583584033418447
1.2368170553236268
1.4350362743328635
1.4631164296588395
1.5905748096605141
2.006358160006736
3.215319107994825
6.4413566190050915
1.2518224193481728
1.2447839273372665
1.4322719623257096
1.4804927746687706
1.5899830423392511
2.0018811296710433
3.200256735998361
6.422467343334574
1.372544659660586
1.5691318086658914
1.7955414600146469
1.5867768649962575
1.5970784240053035
1.9924986606638413
3.194857160667501
6.370637531324367
1.2409213866728048
1.2415464366786182
1.4337109743307035
1.4727052676704868
1.5866866413271055
2.0477273586730007
3.177325952332467
6.4184388539967285
1.243759215673587
1.2493623663225055
1.4263887773267925
1.4614016730047297
1.5879693196717806
2.0079858696747883
3.21616171534212
6.408123736007838
1.2570714310083229
1.2525562886633754
1.4249450296726234
1.4498717969981954
1.5843071090057492
2.038863665686222
3.186640540671457
6.336593261657981
1.217652019666275
1.2397962876711972
1.4465165379903435
1.4510741360136308
1.578894245661407
2.0096792690067864
3.210901995344708
8.74579830399792
1.606141418335028
1.2432356386561878
1.4329504463433598
1.4563177746604197
1.59983266533042
1.9980870603273313
3.20151328999782
6.424001312009447
1.2381601990103566
1.2451161746769988
1.4367439223472804
1.4650235136699241
1.6006820720018975
1.9857159079886817
3.2151736969923754
6.41773004301164
1.2484521289976935
1.223912081331946
1.4370645380113274
1.4773614823352545
1.5908413436748863
1.9985229649852652
3.235341157657482
6.418809118011268
1.248791897999278
1.289925287332153
1.4276504503310814
1.4550878203202349
1.588218210672494
1.985769168997649
3.2058972726614834
6.383836661339349
1.2838860186748207
1.239219382997059
1.4208464589998282
1.467299062331828
1.586350072340186
2.163086509661904
4.293285052670399
8.820829771332987
1.2525958523425895
1.261363168004512
1.4514091983340525
1.4631673070058848
1.594480520997119
2.004357916661926
3.2016705366647025
6.340226847329177
1.244647554665183
1.250135948008392
1.4344612876690614
1.482836842003356
1.5898172806579776
2.009890307323076
3.214080667346328
6.394243753670405
1.243825464664648
1.2479884423179708
1.4348736150035013
1.4715284413250629
1.576666099659633
1.9935744930019912
3.225965701674189
6.398729009670205
1.2521356530002474
1.2389411346715253
1.4413459060015157
1.4729394306680963
1.59458090000165
1.9945369516596354
3.25200470132404
6.4487424869924626
1.2479606773219227
1.2291921206730574
1.4292702253442258
1.4798430139975
1.5847423483307164
2.0116578376619145
3.2168096840032376
8.720152629665487
1.621673042672531
1.45420613399862
1.4268070263400052
1.4599848373327404
1.597423069004435
2.001023172332983
3.215063066997876
6.448780341335805
