0.12071428571428572
0.12321428571428572
0.125
0.21089285714285713
0.2525
0.3676785714285714
0.4523214285714286
0.5605357142857142
0.11464285714285714
0.12553571428571428
0.15392857142857144
0.2042857142857143
0.29875
0.3725
0.45267857142857143
0.5471428571428572
0.12571428571428572
0.12482142857142857
0.12071428571428572
0.17089285714285715
0.30375
0.3726785714285714
0.4675
0.5475
0.125
0.12446428571428571
0.12089285714285715
0.1405357142857143
0.21428571428571427
0.37857142857142856
0.48732142857142857
0.5589285714285714
0.1467857142857143
0.115
0.13160714285714287
0.24035714285714285
0.28375
0.3780357142857143
0.4739285714285714
0.5594642857142857
0.13303571428571428
0.11732142857142858
0.14339285714285716
0.2523214285714286
0.3048214285714286
0.36714285714285716
0.4642857142857143
0.5451785714285714
0.12321428571428572
0.12517857142857142
0.17232142857142857
0.22553571428571428
0.3025
0.4175
0.4923214285714286
0.5960714285714286
0.125
0.13053571428571428
0.12892857142857142
0.16035714285714286
0.2694642857142857
0.4110714285714286
0.47696428571428573
0.5835714285714285
0.12607142857142858
0.12482142857142857
0.11892857142857143
0.24410714285714286
0.3130357142857143
0.42178571428571426
0.4925
0.5839285714285715
0.12375
0.12053571428571429
0.13482142857142856
0.19375
0.2355357142857143
0.36857142857142855
0.5058928571428571
0.5853571428571429
0.125
0.1375
0.1394642857142857
0.18589285714285714
0.30589285714285713
0.3944642857142857
0.5103571428571428
0.5835714285714285
0.08946428571428572
0.12410714285714286
0.125
0.17482142857142857
0.3005357142857143
0.41410714285714284
0.5191071428571429
0.5735714285714286
0.12160714285714286
0.12767857142857142
0.13071428571428573
0.17821428571428571
0.3242857142857143
0.40589285714285717
0.46875
0.5575
0.15803571428571428
0.13178571428571428
0.13107142857142856
0.17
0.3025
0.36428571428571427
0.4744642857142857
0.5726785714285715
0.125
0.11660714285714285
0.125
0.2055357142857143
0.30178571428571427
0.3889285714285714
0.5257142857142857
0.61375
0.12625
0.13785714285714284
0.12482142857142857
0.18357142857142858
0.29964285714285716
0.4085714285714286
0.5114285714285715
0.5892857142857143
0.12321428571428572
0.13107142857142856
0.12446428571428571
0.2317857142857143
0.30178571428571427
0.405
0.4851785714285714
0.5832142857142857
0.10964285714285714
0.10321428571428572
0.12767857142857142
0.17375
0.3082142857142857
0.3794642857142857
0.5121428571428571
0.6021428571428571
0.12214285714285714
0.12767857142857142
0.1719642857142857
0.19785714285714287
0.30625
0.37125
0.48
0.5498214285714286
0.12375
0.13375
0.18089285714285713
0.14267857142857143
0.3028571428571429
0.41928571428571426
0.5080357142857143
0.5914285714285714
0.125
0.125
0.16464285714285715
0.20107142857142857
0.3364285714285714
0.4255357142857143
0.5341071428571429
0.60375
0.1675
0.10232142857142858
0.13285714285714287
0.19785714285714287
0.2905357142857143
0.40982142857142856
0.5189285714285714
0.5808928571428571
0.12464285714285714
0.12571428571428572
0.13964285714285715
0.22232142857142856
0.32785714285714285
0.4067857142857143
0.48678571428571427
0.5878571428571429
0.1319642857142857
0.125
0.12517857142857142
0.19071428571428573
0.3489285714285714
0.3844642857142857
0.48696428571428574
0.5816071428571429
0.14035714285714285
0.1075
0.12035714285714286
0.18982142857142856
0.29910714285714285
0.39339285714285716
0.49642857142857144
0.5928571428571429
0.1382142857142857
0.125
0.12571428571428572
0.21553571428571427
0.3221428571428571
0.40482142857142855
0.5301785714285714
0.6233928571428572
0.13160714285714287
0.13
0.12446428571428571
0.20839285714285713
0.33089285714285716
0.4132142857142857
0.5307142857142857
0.5935714285714285
0.11714285714285715
0.13035714285714287
0.12071428571428572
0.15732142857142858
0.3319642857142857
0.45535714285714285
0.5319642857142857
0.6208928571428571
0.12035714285714286
0.12785714285714286
0.1692857142857143
0.19839285714285715
0.2732142857142857
0.37714285714285717
0.4476785714285714
0.5464285714285714
0.13464285714285715
0.12625
0.14785714285714285
0.19410714285714287
0.28517857142857145
0.36892857142857144
0.47160714285714284
0.5496428571428571
0.12214285714285714
0.12392857142857143
0.19017857142857142
0.19875
0.3025
0.3610714285714286
0.43875
0.56
0.12392857142857143
0.12428571428571429
0.09857142857142857
0.18857142857142858
0.2794642857142857
0.34785714285714286
0.4903571428571429
0.5392857142857143
0.1225
0.12517857142857142
0.1225
0.19232142857142856
0.30089285714285713
0.3975
0.5089285714285714
0.5732142857142857
0.10410714285714286
0.12517857142857142
0.20732142857142857
0.22642857142857142
0.31785714285714284
0.3794642857142857
0.48946428571428574
0.5551785714285714
0.12589285714285714
0.11107142857142857
0.16
0.22964285714285715
0.3317857142857143
0.395
0.4685714285714286
0.56125
0.115
0.1444642857142857
0.19392857142857142
0.21321428571428572
0.2935714285714286
0.3782142857142857
0.5044642857142857
0.5480357142857143
0.12482142857142857
0.12535714285714286
0.12732142857142856
0.17125
0.27910714285714283
0.3557142857142857
0.47714285714285715
0.5539285714285714
0.11964285714285715
0.13232142857142856
0.12321428571428572
0.20285714285714285
0.26857142857142857
0.33517857142857144
0.4425
0.5325
0.12732142857142856
0.12892857142857142
0.12017857142857143
0.18232142857142858
0.26767857142857143
0.3675
0.46535714285714286
0.5205357142857143
0.13767857142857143
0.12464285714285714
0.13232142857142856
0.14892857142857144
0.26357142857142857
0.36375
0.4789285714285714
0.5564285714285714
0.13392857142857142
0.12714285714285714
0.1425
0.1769642857142857
0.27535714285714286
0.39839285714285716
0.49
0.5753571428571429
0.125
0.10696428571428572
0.12642857142857142
0.1767857142857143
0.2858928571428571
0.38410714285714287
0.5023214285714286
0.5848214285714286
0.12160714285714286
0.125
0.12535714285714286
0.1980357142857143
0.2960714285714286
0.39589285714285716
0.5046428571428572
0.54125
0.1357142857142857
0.15857142857142856
0.12803571428571428
0.12821428571428573
0.27125
0.36660714285714285
0.51375
0.5755357142857143
0.13
0.125
0.11785714285714285
0.18446428571428572
0.27589285714285716
0.3726785714285714
0.45714285714285713
0.5355357142857143
