1.3471785353419061
1.359059462993173
1.5418533953197766
1.6205421566652756
1.8491116416698787
2.2323708923261925
3.4739380026682434
6.962812047995006
1.359163936334274
1.3652395273384172
1.5426567953351575
1.6119482080005885
1.7839667476558436
2.272874291995928
3.515515510002539
6.9502696413449785
1.3611586023374305
1.365071218344383
1.5641457913249421
1.6304734029981773
1.8196493696693021
2.2300057523340606
3.479574276667942
6.914701241999865
1.3362156860045313
1.3658040113320264
1.541020775679499
1.6213135976674191
1.803695934000037
2.3007085253387536
3.501594297005795
6.925113026343752
1.7879480053282653
1.8056130976668403
1.8499881699875307
1.6301149899954908
1.8109562823180265
2.26082376264579
3.461109526998674
6.920203240015932
1.3783297770035763
1.377553627981494
1.556308327659887
1.5982401449970591
1.8273022956564091
2.262349141344506
3.4811017223303984
6.8986617240007035
1.3746917443252944
1.3692121640099988
1.5742145953214883
1.622394927670636
1.8205602490052115
2.2232659330087094
3.475582981996316
6.9030373356751324
1.3825290063396096
1.37134512567233
1.5555100659936822
1.6134197283245157
1.8097485733354308
2.2648026596774193
3.5603478676639497
6.924142478004796
1.3947624626550048
1.3606021570061178
1.5534304496638167
1.6113871069974266
1.8535084413306322
2.253956752664332
3.525401373335626
9.438598472654121
1.8113680300011765
1.3584996499994304
1.5523056659925107
1.6150406216620468
1.8154436163313221
2.239522106004491
3.4941149196626307
6.924265597335761
1.3706109379903257
1.3358003646620393
1.5565842910145875
1.6267004720090579
1.8186775776654638
2.2600320733326953
3.487978347334623
6.932846514333505
1.3318112923395045
1.3679289229912683
1.5791136516587965
1.638351613325843
1.8045404316702236
2.213779142679414
3.471584240993252
6.866993297677254
1.3400765103190981
1.3193491430041224
1.5634572039998602
1.6481214430047355
1.8295525670109782
2.261703269003192
3.49750148600045
6.942472750670277
1.3503879990021233
1.3254269279908233
1.5436625319998711
1.6280051219994978
1.814627885663261
2.2193309083231725
4.652015216997825
9.418016064339705
1.377261204344298
1.3536681586701889
1.5616640650065772
1.62248469532157
1.813621492338522
2.275588823327174
3.5508221156681734
6.9148743263504
1.3401716956674743
1.3588155496690888
1.5721581173323405
1.6089703296602238
1.7934726803311303
2.273415007327761
3.4823644533365345
6.94491370699446
1.3482056633220054
1.3644327150056295
1.5461815726594068
1.610913389333291
1.8196641506704812
2.244800883675149
3.4971601803263184
6.930381386327402
1.3544138476621204
1.3516089120142472
1.5614031623408664
1.6145228866662364
1.8011022106705543
2.2739817080049156
3.4956720823344463
6.963081592664821
1.3688009916707717
1.3526472043304238
1.5499186216523715
1.623603476997232
1.8218923809957535
2.2338814183215923
3.443724177001665
6.931699430327474
1.6463153386721388
1.8293905770115089
2.1122108269967916
1.8174324026719357
1.8468403680017218
2.2678778156696353
3.4675519226681595
6.897605251006705
1.3679208193401184
1.3579719056821584
1.5489204396532539
1.6358263319998514
1.819922357002118
2.253965049002242
3.499883294008517
6.876017847331241
1.359664263339558
1.3440262763372932
1.5509467600010491
1.6254392730091543
1.8222563589903682
2.236513519329795
3.4800091850047465
6.935529940004926
1.3840906633413397
1.383246575666514
1.5717109379960068
1.62407591000859
1.8306587053327046
2.232043152335488
3.50487844600381
6.968079666335446
1.367572204665824
1.3736703850057286
1.5860706960083917
1.6169311489890486
1.81598173766785
2.2779980366661525
3.500273110665148
6.897196115993817
1.331909318328447
1.368196335999528
1.536045739330196
1.6447525946617436
2.013971024668232
2.8953490853406643
4.7253664826663835
8.316284260343915
1.327421171668296
1.3449345053328823
1.5969048249923314
1.6578784479934257
1.8154465216697038
2.299894987324175
3.491552508339131
6.892324971326161
1.3360048253283214
1.3636621780072649
1.56380172133989
1.6520932076576476
1.8242701523316402
2.2456707990010423
3.467153288666547
6.861584497334358
1.3434905080066528
1.348344538671275
1.5753394603477016
1.611972771002911
1.812359477674666
2.2456099643410803
3.4725793593388516
6.89525183866499
1.352603963324024
1.3434273839908808
1.5668838526665543
1.615094612003304
1.800681153331728
2.2570033603309034
3.4916497470015506
6.862398389998513
1.3312645743329388
1.3770187133341096
1.5795855553393874
1.6308263446650624
1.8136401516773428
2.6449968873348553
4.695744436001405
8.554454507674867
1.3653870980003073
1.356743428002422
1.5477430109846562
1.611080605662816
1.7905821096695338
2.222991959337378
3.4898180403300407
6.936324251660456
1.348461454346155
1.3532255916603997
1.5519794889939174
1.6336679733455337
1.8234109200032738
2.2762165066669695
3.5035685019975062
6.929293999341705
1.354456038660525
1.3717292226598754
1.5446916773313812
1.6410801296588033
1.810305401343309
2.2707043273355034
3.4990434766708254
6.907450867001899
1.3439109626730594
1.3911612660061412
1.567884197672053
1.6242738110013306
1.8453992143428575
2.249072669665717
3.478519451338798
6.92446781466909
1.3685896826791577
1.3897785323206335
1.5601783489983063
2.085652671327504
2.311319813665856
2.4578217506738533
3.5077276100055315
6.843608858335453
1.3704342949980248
1.3740276143265266
1.5432484796619974
1.6321921206545085
1.8032182616589125
2.245916727658672
3.472090424669053
6.9971816726611
1.3611754543380812
1.358576955331955
1.551509002999713
1.6102254156624742
1.8302804996589355
2.245282132343467
3.503275911003584
6.940269392323292
1.3464453443399786
1.3338644673349336
1.5434809126600157
1.6335216806619428
1.8385848756685543
2.2382166210057526
3.4878551066697887
6.941843642649474
1.362121991328119
1.3828799860008683
1.5647550403276302
1.6342786680033896
1.7874025623411096
2.236118405339463
3.5168449639944206
6.909692693996476
1.3623362533398904
1.5490240176732186
2.0194162076804787
2.0321980023387973
1.799874816002557
2.244364988999829
3.4718130443264577
6.931911671330454
1.3452639586660855
1.3670442859972052
1.5659270696730043
1.5892027273463707
1.8188664286766045
2.251054948331633
3.4629185429948848
6.99821267267301
1.3765869950002525
1.342686739313649
1.584910221019527
1.614640401986738
1.8225399809986509
2.2569948783299574
3.470348531322088
6.9027011423313525
1.3455680043455989
1.3501541846684024
1.545212430326501
1.6208150996632564
1.825784039334394
2.2905916899908334
3.4739183819813966
6.925347469669457
1.3581596763300088
1.365830513338248
1.55979330400199
1.6490071573352907
1.7926950320058193
2.2647563419983876
3.4977814683419033
6.943124485667795
1.3605300293323428
1.6866370553325396
2.0745063806631756
2.0447487266598423
1.827109114334841
2.249721739004599
3.4630565393405655
6.9180126423404245
