0.120125
0.134875
0.143375
0.30775
0.405375
0.47025
0.55475
0.643375
0.135
0.146125
0.180125
0.307375
0.40325
0.469375
0.566
0.6375
0.13625
0.100125
0.16475
0.292125
0.4105
0.466
0.555625
0.630625
0.128375
0.14575
0.152875
0.31725
0.377
0.488
0.566375
0.65
0.1175
0.129875
0.177625
0.3025
0.39875
0.446625
0.55175
0.645625
0.1135
0.122375
0.172375
0.29875
0.395125
0.4515
0.524375
0.652125
0.136
0.1285
0.185375
0.2875
0.41575
0.49675
0.582875
0.668125
0.130375
0.11325
0.1715
0.30525
0.3945
0.484625
0.579875
0.674625
0.1175
0.1005
0.134125
0.326875
0.36475
0.4965
0.56225
0.68375
0.1185
0.1495
0.163875
0.295375
0.40075
0.495375
0.55975
0.656375
0.131875
0.139125
0.172625
0.31575
0.431375
0.501
0.596
0.676
0.124625
0.121375
0.183375
0.3155
0.393125
0.488875
0.582875
0.6715
0.13925
0.131625
0.162125
0.282625
0.424125
0.494625
0.58575
0.681125
0.113
0.1225
0.194125
0.283875
0.381625
0.501
0.5935
0.661625
0.1295
0.13725
0.156875
0.315875
0.429375
0.53575
0.584875
0.691875
0.139875
0.134
0.174625
0.282375
0.419125
0.50275
0.60725
0.695625
0.127625
0.12575
0.18
0.324
0.42575
0.508875
0.57275
0.677625
0.127125
0.10625
0.19275
0.287875
0.41475
0.501
0.606875
0.69875
0.140625
0.12075
0.15075
0.31175
0.410375
0.470625
0.566625
0.697875
0.13925
0.128
0.18725
0.3285
0.40575
0.49925
0.59875
0.693125
0.1435
0.14575
0.137125
0.305625
0.42725
0.5285
0.611625
0.718125
0.119375
0.12375
0.167625
0.28175
0.429
0.49225
0.584375
0.678375
0.125625
0.14975
0.18775
0.26725
0.424
0.50725
0.59225
0.684125
0.14775
0.11675
0.176375
0.307625
0.415125
0.5045
0.575625
0.6765
0.104
0.122625
0.192
0.301
0.428125
0.488
0.594375
0.6715
0.115625
0.112625
0.151125
0.32525
0.4445
0.516
0.612375
0.701125
0.1485
0.123875
0.18025
0.281875
0.388125
0.50625
0.598875
0.709125
0.146375
0.116875
0.172375
0.306125
0.45775
0.53725
0.607875
0.72325
0.12325
0.10375
0.17325
0.26225
0.375875
0.4595
0.55275
0.636375
0.1205
0.135625
0.15625
0.317
0.406875
0.4485
0.557625
0.623375
0.117
0.116625
0.1795
0.293375
0.385625
0.4545
0.55225
0.6415
0.132
0.1325
0.176
0.304
0.376625
0.466375
0.5325
0.611625
0.127
0.123875
0.159125
0.314375
0.3965
0.49
0.560125
0.669625
0.123
0.123
0.145625
0.32875
0.41925
0.494375
0.561875
0.66925
0.1315
0.145
0.146
0.281375
0.402375
0.50075
0.583125
0.6795
0.124625
0.10925
0.192875
0.31025
0.401125
0.516625
0.5685
0.6805
0.129
0.129875
0.189125
0.28775
0.3815
0.451125
0.57775
0.650375
0.128125
0.12825
0.161625
0.25775
0.3675
0.425375
0.554375
0.661375
0.12025
0.128125
0.160375
0.29875
0.39975
0.44925
0.542125
0.63975
0.122875
0.11375
0.146125
0.288375
0.368
0.474
0.546875
0.66225
0.115875
0.124125
0.16875
0.253375
0.38875
0.478875
0.58125
0.681125
0.136375
0.127875
0.178375
0.305625
0.37825
0.513375
0.59825
0.676625
0.111875
0.121125
0.163625
0.309375
0.40675
0.52275
0.602375
0.702
0.126625
0.1255
0.165375
0.288875
0.411625
0.500375
0.571625
0.682375
0.134375
0.127125
0.1585
0.299625
0.393
0.465
0.54975
0.65475
