0.13725
0.113375
0.14325
0.20575
0.296
0.35325
0.413875
0.5065
0.1605
0.152375
0.128
0.225125
0.3015
0.36075
0.426125
0.483375
0.0975
0.114125
0.15225
0.230375
0.308375
0.3585
0.412125
0.491875
0.11775
0.113
0.199875
0.178375
0.306
0.353125
0.422375
0.50075
0.128625
0.099
0.134625
0.198875
0.2905
0.36225
0.41625
0.493375
0.1425
0.117625
0.125
0.225625
0.2805
0.3595
0.41225
0.490625
0.10175
0.129375
0.117875
0.235375
0.31625
0.375125
0.438375
0.524
0.12475
0.119875
0.16775
0.23925
0.2885
0.361125
0.45
0.50875
0.108125
0.10225
0.1845
0.20025
0.311875
0.371125
0.417375
0.515
0.146625
0.099125
0.16375
0.207
0.31125
0.354
0.43075
0.50775
0.1105
0.138875
0.1305
0.26625
0.314375
0.38075
0.45225
0.52225
0.1485
0.142
0.16225
0.23075
0.279875
0.358375
0.44075
0.50925
0.105375
0.128
0.1805
0.2285
0.29
0.3665
0.432125
0.5135
0.1285
0.126
0.13975
0.20875
0.27725
0.344375
0.43525
0.514125
0.123125
0.127625
0.127125
0.244875
0.321625
0.3635
0.45425
0.53275
0.094625
0.159875
0.1505
0.216
0.305
0.374125
0.442625
0.526625
0.117125
0.157
0.155875
0.212375
0.304875
0.371375
0.46
0.51675
0.13125
0.133875
0.15225
0.233625
0.30475
0.392125
0.44875
0.511125
0.1205
0.164875
0.132875
0.20775
0.302
0.365375
0.447
0.527375
0.11025
0.1195
0.159
0.25075
0.310125
0.3665
0.444375
0.520375
0.118625
0.131875
0.139625
0.2305
0.3135
0.3845
0.4725
0.55075
0.108
0.12375
0.13525
0.21275
0.319625
0.38925
0.44575
0.518125
0.1175
0.15075
0.17425
0.270625
0.3245
0.3735
0.44575
0.513875
0.116125
0.132875
0.1535
0.220375
0.291375
0.372375
0.4495
0.513
0.1505
0.122
0.14025
0.22575
0.308125
0.376375
0.448125
0.517625
0.172375
0.076
0.156125
0.237375
0.29125
0.3755
0.47225
0.526125
0.112125
0.1415
0.172125
0.241875
0.30625
0.391625
0.458875
0.53175
0.129375
0.104875
0.12325
0.2295
0.307125
0.39875
0.4465
0.542375
0.12675
0.157375
0.11575
0.2335
0.292375
0.361625
0.418
0.466125
0.12125
0.108
0.16975
0.223875
0.28775
0.34975
0.431125
0.485625
0.115875
0.117625
0.1535
0.230125
0.297625
0.353875
0.4225
0.478
0.11175
0.117375
0.107
0.22525
0.3075
0.3515
0.41475
0.486
0.095125
0.123625
0.164
0.224625
0.2795
0.366125
0.43975
0.508875
0.15075
0.1245
0.118
0.229625
0.3
0.36325
0.432875
0.513
0.1245
0.09825
0.130375
0.252125
0.30375
0.37375
0.43625
0.51275
0.10775
0.138625
0.159375
0.222125
0.2945
0.379125
0.4255
0.505125
0.12175
0.107
0.155125
0.189625
0.28125
0.355125
0.421125
0.507625
0.125
0.12175
0.19225
0.191125
0.25425
0.313125
0.40125
0.47075
0.0995
0.123875
0.151125
0.22775
0.2785
0.34325
0.41375
0.4845
0.128625
0.1445
0.124875
0.222125
0.28325
0.333875
0.422375
0.49475
0.138625
0.113
0.127625
0.225
0.286375
0.344375
0.424125
0.511375
0.114875
0.11525
0.158125
0.2245
0.287
0.347625
0.430375
0.513875
0.13225
0.12275
0.14425
0.245
0.271625
0.360875
0.44225
0.52075
0.1165
0.117875
0.148875
0.202875
0.273875
0.37075
0.44025
0.512625
0.095875
0.117375
0.18475
0.215625
0.277
0.346625
0.40025
0.476875
