1.5980314059997909
1.8004517600056715
1.8572138700110372
1.88132098299684
1.9888894380128477
2.2379553120117635
2.9251395329774823
5.223673450003844
1.5932848140073474
1.8227730369835626
1.8171791640052106
1.9175849309831392
1.92226282399497
2.194979567982955
2.992322540987516
5.108074954012409
1.7966752590145916
1.807634781987872
1.7793793140153866
1.9339791710081045
1.9726338360051159
2.1864789180108346
2.9941074490197934
5.089654742012499
1.7986463900015224
1.6993842640076764
1.79921033399296
1.95317499601515
1.980900811002357
2.666518789017573
3.5516096249921247
5.857781449012691
2.4365119250142016
2.3537827919935808
2.4219034730049316
2.486351603001822
1.9760336200124584
2.1986904669902287
2.994447337987367
5.132004168001004
1.8352573309966829
1.8431190169940237
1.8581489080097526
1.9675385500013363
2.0392863909946755
2.23982482397696
3.0213121590204537
5.072576153994305
1.859325044992147
1.6775467499974184
1.886101279000286
1.923774972994579
2.037694555008784
2.2086378800158855
2.8964239439810626
5.2313300310052
1.853248686005827
1.7958334459981415
1.9034125130274333
1.9075716549996287
1.9929606160148978
2.154458566015819
2.997056063002674
5.229165385011584
1.5190330039768014
1.8446156730060466
1.8950560999801382
1.9439438469999004
2.0134519209968857
2.230003537988523
3.0352927230123896
5.076243967982009
1.8293405619915575
1.8100658420007676
1.8495698350016028
1.9193576149991713
2.0137346599949524
2.2039761019987054
2.9858877069782466
5.032807848998345
1.8340949120174628
1.8564145300188102
1.8709030549798626
1.9469538440171164
1.9788754289911594
2.2505521750135813
3.0320881349907722
5.093902224994963
1.8114851579884999
1.7861446140159387
1.8261948880099226
1.9088913869927637
1.9768962819944136
2.1265680780052207
2.9813179899938405
5.238350856001489
1.5365799450082704
1.8571234449918848
1.8904227070161141
1.917057656974066
1.9851743499748409
2.221631985012209
2.901332073000958
5.192315549007617
1.8051136920112185
1.7525862000184134
1.85515392999514
1.9083912219794001
1.9706656910129823
2.2233174089924432
2.8786912339855917
5.2248388119915035
1.7556159860105254
1.7050405669724569
1.8900924920162652
1.8066093119850848
1.9799501939851325
2.114375197008485
3.029642548994161
5.216997478011763
1.52834104700014
1.7927565099962521
1.7112861030036584
1.9651993070147
1.9924579439975787
2.203742218989646
2.8777456039970275
5.264647679985501
1.864514462009538
1.799515833001351
1.84774798899889
1.893491577997338
2.013490474986611
2.2460443660093006
3.0471447559830267
5.105212638998637
1.8104909930261783
1.704107016994385
1.8506589579919819
1.9383661859901622
1.9741286089993082
2.2253675510000903
2.913352754985681
5.206877051998163
1.8181711100041866
1.7862526869866997
1.9052874099870678
1.883390261005843
1.927556156006176
2.2286543090012856
2.9310213300050236
5.258885133982403
2.3963148230104707
2.3542419409786817
2.4375021290034056
2.472935341997072
2.6266853050037753
2.7716022790118586
3.555935463984497
5.577984885982005
1.8142432699969504
1.8413663009996526
1.8595952469913755
1.9731231429905165
1.990589301014552
2.2516677509993315
2.985313771991059
5.082975608005654
1.801956141978735
1.7731364119972568
1.8574753899883945
1.945064925996121
2.0043035369890276
2.176792549988022
2.8848020889854524
5.184238691988867
1.5426355079980567
1.805468425998697
1.856690742977662
1.8008588759985287
2.002267104020575
2.1739983260049485
2.990445211005863
5.26126383501105
1.5303602329804562
1.7692225649952888
1.8132497780025005
1.9223923289973754
1.958857541991165
2.150600097986171
2.9886995849956293
5.108409578999272
1.860852928017266
1.8428778640227392
1.865568559995154
1.9649426399846561
1.938340191001771
2.2066833279968705
3.021659415011527
5.083948551007779
1.7891467610024847
1.7888192649988923
1.859467225993285
1.8508939380117226
2.0008358460036106
2.1389751120004803
3.0206798079889268
5.252852976991562
1.5288779059774242
1.8032097629911732
1.7775148029904813
1.9347317150095478
1.9500754110049456
2.201351774012437
2.901481476990739
5.229298168007517
1.5155003769905306
1.785673489997862
1.8570473410072736
1.945690870983526
1.9953154000104405
2.2225929310079664
2.8956069810083136
5.201780024013715
1.5482797949807718
1.8355243359983433
1.8624627600074746
1.908271941007115
1.9567128880007658
2.1596564190112986
2.9788614970166236
5.258185276994482
1.566006518987706
1.7996385470032692
1.8132671540079173
1.87754909900832
1.8409129669889808
2.227546382986475
3.019640476006316
5.097481777018402
1.811914899997646
1.7607540620083455
1.8854289160226472
1.8507653629931156
2.0115920400130562
2.172543713997584
3.000719202012988
5.212083071004599
1.5369761559995823
1.8217441979795694
1.8056630039936863
1.9104164149903227
1.9859752129996195
2.12309519801056
3.0475716939836275
5.2016749609902035
1.5547341810015496
1.7742881790036336
1.8218235480017029
1.9092982890142594
1.9836643029993866
2.1027203260164242
3.028270896000322
5.247285271005239
1.5067463890009094
1.86502965100226
1.933454445010284
1.9594142980058677
2.01428097000462
2.227685844991356
2.9157378440140747
5.226107086986303
1.8625971660076175
1.8206752190017141
1.8398150639841333
1.91888591600582
1.9606104620033875
2.2334324510011356
3.064911747991573
5.185608883999521
1.5486254080024082
1.8473982529831119
2.455385804991238
2.5244053909846116
2.5627338819904253
2.717159335996257
3.6241014310216997
5.642794109007809
1.7851761470083147
1.8239505369856488
1.8266534709837288
1.907514099002583
1.9408385379938409
2.0879973019764293
2.9649989739991724
5.223218566010473
1.524254356016172
1.7731499990040902
1.8676260490028653
1.9342134619946592
1.9718019549909513
2.2437064859841485
2.9221130989899393
5.223702268005582
1.8608822440146469
1.7511731690028682
1.8519264389760792
1.848046980012441
2.005417206004495
2.2271577879728284
2.9145342569972854
5.189835276978556
1.8208159920177422
1.777449154003989
1.8065589650068432
1.8652490870153997
2.011455758009106
2.202355640998576
2.8526053819805384
5.213703910994809
1.8587875410157721
1.767822633992182
1.8601227140170522
1.939364566002041
1.9652901199879125
2.151302065991331
3.0164183659944683
5.085592299001291
1.8601655889942776
1.8190038299944717
1.7682994949864224
1.9324275279941503
1.9751639619935304
2.120098749990575
3.013981761003379
5.188548784004524
1.544807728001615
1.839753438020125
1.8325370299862698
1.8894655779877212
1.9779770089953672
2.118653951998567
3.00893490499584
5.234154844976729
1.5089330909831915
1.8065956629870925
1.8738804739841726
1.9042625720030628
1.9845285119954497
2.206715278996853
2.9154659239866305
5.2654103100067005
1.7907101660093758
1.8141448569949716
1.8237553290091455
1.868699034996098
1.9801677630166523
2.235416534997057
2.8902307719981764
5.23391177499434
