3.5304580846762597
3.6791902696713805
15.676302682685977
15.70226369635202
14.990977921329128
12.39901906766075
19.311425339333557
39.52906797566296
3.980568806330363
3.9589162069993713
15.414098169654608
14.104809535337457
14.422731541329995
16.610729069351994
22.473744737003774
45.6271315360209
4.429871922999155
3.638530346332118
16.12810215468441
16.184243963682093
14.619868490010655
13.080808921348458
23.717678985655464
42.234321851360924
3.667284410330467
3.3567099133506417
16.121932282966252
13.96589603331328
13.104047088340545
15.932442998338956
21.24634697266932
46.35188382565199
3.3762441690196283
4.4621108386587975
16.08557839066877
14.958951338970413
14.405183055670932
14.305619284665832
23.02990414002367
44.8669402966431
4.705987680664596
4.264449498674367
17.784652796321705
18.450341637343325
12.372237086024446
13.656904697980886
24.26513872798144
49.04303578533776
3.5376861583402692
4.852922589983791
16.046723562350962
16.192188879998866
15.760722097979547
15.556850589637179
23.009649829997215
48.97354051765675
3.78220283833798
3.420210817324308
16.11500331699305
16.876199762298103
12.895819749333896
17.54193602599359
24.237105051637627
43.51161116569225
3.645576061642108
3.9668236913275905
16.029592609673273
14.50630264901944
12.400348440976813
19.425730331994902
25.277998797983553
44.877581156984284
3.8180503063485958
4.284280317660887
16.083865321978617
16.472352512627065
15.107969484350178
15.605383642987968
22.398443356660817
43.57081967033446
3.3669325143370465
4.890950691672818
16.11387951798194
16.690262086999912
15.306741214357316
19.485033132019453
23.026621725662455
42.203504578016386
2.9309518830074617
5.31550435902318
15.98444361066989
16.267838332316995
16.48638846934773
16.96676889997131
25.08451631265537
49.014195917678684
4.572567036685844
3.6468248646706343
16.13879565432823
16.075262741651386
13.469399800679335
16.19112764900395
21.265951588342432
46.22334277499855
4.257783293006166
4.110168351364943
16.068640786009684
15.87505218066508
12.852048427662035
15.287224467028864
24.85879628934587
43.558578777320996
5.769829839991871
3.9462818506678254
16.133624734997284
17.308321811666247
15.727545793323467
16.54323806334287
20.63936612966548
46.531471618645206
4.7424135660209386
3.9443870360264555
16.09459212596994
16.115377511344075
15.472369616987029
17.189159420338303
20.622796634347953
42.1375798843413
3.4682665100165955
4.539864879664189
16.135091264654573
16.32470288267359
13.496368819653677
16.521854575995047
27.25645640034539
47.65334911434911
3.6769189713328765
4.422472660662606
16.09825795434881
17.068257512970984
14.65883084400169
16.908806595990125
25.479077699341968
42.21947013569297
3.324558728335736
4.3761325143277645
18.81453077766734
15.983921600331087
14.203491988688862
15.594694019993767
24.87997277864876
44.898394250000514
3.2186285753462776
3.659322315652389
16.118825069648057
15.813550463994034
14.032515852324044
15.282137824668704
26.726037089014426
55.90938645333517
3.6713729466622076
4.60449848632561
15.727118456348157
16.489872139994986
18.148503869345102
14.953261832667826
26.69324905301134
49.02070511666049
3.3795611733415476
3.3551058820060766
16.1093596246792
14.859955388645176
15.00651786433688
17.00374616498205
25.715633589677356
47.64912249733849
3.413743921322748
4.447436106333043
16.081153343354043
15.235372497001663
14.009032471338287
15.643426294671372
22.441226682354074
43.5802146680071
3.796859008997368
4.318893889314495
16.148091132345144
16.71820519635609
15.831697553338017
15.353546566000054
24.88198828631236
44.941258437000215
3.3935573180012093
3.670056115971723
16.103198195341974
15.999129001012383
12.867435120996864
17.290979811669484
26.399263989335548
44.93878834533583
3.9450890899752267
4.867375178340201
16.046477367014933
15.112938613339793
14.293165973348854
17.55734843898487
23.62866674765246
47.66906785501245
4.4148679183369195
4.086121724996095
16.13657261733897
15.576652916672174
15.907469690331103
17.55771249565684
24.808019862005796
42.177175998687744
4.666431968313797
3.7676567403250374
16.071633212695208
17.084907951997593
15.49095641868189
13.976183834000645
29.187020196327165
53.81788049366636
5.32852343431053
5.28966010233853
16.072875804675277
15.52646003496678
12.635491562308744
12.371402138009822
23.011273625675432
42.19681795364401
3.815738768025767
4.711916721988625
15.928886003307221
14.523342955993334
12.868693936984831
15.296756702339431
21.819722700999893
47.679950934660155
3.523213004654584
3.928862263332121
16.122611335672747
14.321099773301588
11.575134165643249
15.574008773992924
24.230502582989477
42.462575912999455
3.826060440352497
3.4694849956625453
16.179764354989555
14.359627191326581
11.519116386654787
14.569860374341564
22.491253515006974
47.605547355662566
3.8181526763364673
3.515852792013902
16.091193479349993
17.03243538766401
14.815091585662836
17.216385628989276
25.507484676976066
38.0462338233289
3.3665544080043524
3.366972670327717
15.999193118652329
15.1795213293517
15.114040737661222
13.999185754645927
23.66445085167652
39.441475528350566
3.500616759993136
3.9452836510026827
16.987850289675407
18.42745326300307
16.246401479661774
17.912841878676165
24.865924150993425
48.99686708367275
4.30519204835097
4.88568087669167
16.126623217346303
15.501968051675552
14.663649255991913
15.321979098992111
23.591675374676317
40.80279475797821
3.8176687753099636
3.544852729033058
16.0554821070012
16.358986161008943
13.948132022672022
14.663092144318702
25.472701671009418
40.82068904465996
4.607322451328703
5.048995734987936
15.802022907979941
17.51995947365261
15.253635724657215
15.579725760675501
25.57853607668464
43.66217639002328
3.4929656509969695
3.508648193324916
16.133502599977266
16.74206666033327
13.592481879672656
15.039889497682452
23.752576319656026
45.01389681134606
4.851304232336891
4.124685626011342
16.042452024664573
14.891143163646726
13.889038957034549
16.596640620982118
23.12875417532632
46.46203620033339
4.2931285193384
3.492500373007109
16.17062878967651
15.920024460977098
14.642647799686529
14.03777080331929
29.342919474001974
48.51861103631867
3.7973850873337747
5.487850909334763
16.109861848002765
17.080248005319543
14.956435730331577
15.678300364331031
24.29645644467867
47.88642140732069
3.5190779013404003
3.63601203833241
16.143916274983592
15.11157360234453
14.878834114351775
15.377509515325073
26.825113724684343
45.16181636198113
4.003271846682765
3.0794005649901615
16.164824853360187
17.444393303322915
13.986593605348995
16.906615281671595
22.534622519315842
46.047693142007724
5.637856708005226
4.2819760356796905
16.103820312671207
15.766673224008022
12.87656646235458
16.281054669971734
24.27719252469251
45.0091167089995
