0.12089285714285715
0.14410714285714285
0.25875
0.34410714285714283
0.455
0.5405357142857142
0.6105357142857143
0.695
0.12142857142857143
0.12714285714285714
0.2767857142857143
0.34339285714285717
0.43625
0.5398214285714286
0.6303571428571428
0.7080357142857143
0.1444642857142857
0.11357142857142857
0.26625
0.3517857142857143
0.42857142857142855
0.5342857142857143
0.6221428571428571
0.6894642857142858
0.11625
0.10660714285714286
0.23732142857142857
0.3392857142857143
0.4251785714285714
0.5248214285714285
0.6141071428571429
0.6978571428571428
0.12410714285714286
0.12875
0.21589285714285714
0.3364285714285714
0.42642857142857143
0.52125
0.6164285714285714
0.6925
0.12785714285714286
0.12696428571428572
0.22160714285714286
0.35267857142857145
0.4205357142857143
0.5216071428571428
0.6228571428571429
0.6969642857142857
0.11821428571428572
0.10642857142857143
0.2532142857142857
0.3610714285714286
0.48428571428571426
0.5605357142857142
0.6533928571428571
0.7267857142857143
0.12982142857142856
0.13285714285714287
0.2775
0.35035714285714287
0.4476785714285714
0.5425
0.62875
0.7203571428571428
0.12928571428571428
0.10125
0.2664285714285714
0.3410714285714286
0.4494642857142857
0.5476785714285715
0.6392857142857142
0.7278571428571429
0.13428571428571429
0.12125
0.22660714285714287
0.34375
0.4355357142857143
0.5357142857142857
0.6333928571428571
0.7235714285714285
0.12232142857142857
0.12053571428571429
0.2573214285714286
0.39
0.46232142857142855
0.5501785714285714
0.6353571428571428
0.73125
0.12089285714285715
0.12714285714285714
0.26142857142857145
0.33303571428571427
0.4680357142857143
0.5573214285714285
0.6376785714285714
0.71
0.12642857142857142
0.13428571428571429
0.2342857142857143
0.3560714285714286
0.44357142857142856
0.565
0.6319642857142858
0.7148214285714286
0.12285714285714286
0.135
0.23857142857142857
0.3525
0.45375
0.5391071428571429
0.63875
0.7196428571428571
0.13142857142857142
0.12232142857142857
0.24
0.35125
0.45607142857142857
0.5519642857142857
0.6644642857142857
0.7492857142857143
0.1375
0.11339285714285714
0.2621428571428571
0.36178571428571427
0.46964285714285714
0.5580357142857143
0.6655357142857142
0.7494642857142857
0.10053571428571428
0.11660714285714285
0.24785714285714286
0.37107142857142855
0.46232142857142855
0.5698214285714286
0.6648214285714286
0.7469642857142857
0.1025
0.11767857142857142
0.2639285714285714
0.3469642857142857
0.4744642857142857
0.5657142857142857
0.6564285714285715
0.7391071428571429
0.10982142857142857
0.12803571428571428
0.27232142857142855
0.34714285714285714
0.4632142857142857
0.5380357142857143
0.6530357142857143
0.7389285714285714
0.13375
0.12946428571428573
0.25035714285714283
0.38642857142857145
0.45785714285714285
0.5528571428571428
0.6626785714285715
0.7594642857142857
0.12125
0.11357142857142857
0.24035714285714285
0.3889285714285714
0.4732142857142857
0.5973214285714286
0.6792857142857143
0.7530357142857143
0.14107142857142857
0.14
0.27339285714285716
0.36660714285714285
0.4744642857142857
0.5651785714285714
0.6516071428571428
0.7226785714285714
0.13482142857142856
0.13535714285714287
0.2882142857142857
0.3557142857142857
0.4639285714285714
0.5625
0.6357142857142857
0.7253571428571428
0.1325
0.12375
0.24285714285714285
0.3173214285714286
0.4569642857142857
0.5482142857142858
0.6516071428571428
0.7346428571428572
0.11964285714285715
0.135
0.22446428571428573
0.3576785714285714
0.43339285714285714
0.5460714285714285
0.6505357142857143
0.7214285714285714
0.10910714285714286
0.14285714285714285
0.29428571428571426
0.3648214285714286
0.4757142857142857
0.5605357142857142
0.67
0.7528571428571429
0.10571428571428572
0.10696428571428572
0.2580357142857143
0.3678571428571429
0.4589285714285714
0.5789285714285715
0.6733928571428571
0.7383928571428572
0.11107142857142857
0.13714285714285715
0.21714285714285714
0.36678571428571427
0.4880357142857143
0.5739285714285715
0.6921428571428572
0.77
0.11339285714285714
0.11785714285714285
0.23410714285714285
0.3382142857142857
0.42464285714285716
0.49857142857142855
0.6046428571428571
0.6796428571428571
0.11107142857142857
0.11357142857142857
0.23107142857142857
0.35714285714285715
0.42607142857142855
0.5301785714285714
0.6176785714285714
0.6835714285714286
0.12392857142857143
0.1075
0.24839285714285714
0.3557142857142857
0.4278571428571429
0.51875
0.6232142857142857
0.695
0.14339285714285716
0.13232142857142856
0.26
0.35660714285714284
0.4278571428571429
0.5317857142857143
0.61125
0.69875
0.12678571428571428
0.12285714285714286
0.24607142857142858
0.3826785714285714
0.4446428571428571
0.5421428571428571
0.6458928571428572
0.7105357142857143
0.11642857142857142
0.13482142857142856
0.26517857142857143
0.3680357142857143
0.4614285714285714
0.5573214285714285
0.6292857142857143
0.7223214285714286
0.12410714285714286
0.11517857142857142
0.2417857142857143
0.3767857142857143
0.47214285714285714
0.5641071428571428
0.6467857142857143
0.7485714285714286
0.1525
0.12553571428571428
0.2526785714285714
0.38160714285714287
0.46785714285714286
0.5517857142857143
0.6510714285714285
0.7208928571428571
0.13589285714285715
0.12517857142857142
0.26571428571428574
0.33625
0.4446428571428571
0.5430357142857143
0.6303571428571428
0.6973214285714285
0.11982142857142856
0.1467857142857143
0.20982142857142858
0.3360714285714286
0.4142857142857143
0.5130357142857143
0.6064285714285714
0.6898214285714286
0.1417857142857143
0.12107142857142857
0.24821428571428572
0.3533928571428571
0.45571428571428574
0.5435714285714286
0.64
0.6982142857142857
0.11857142857142858
0.11410714285714285
0.23142857142857143
0.33964285714285714
0.4328571428571429
0.5310714285714285
0.6303571428571428
0.7039285714285715
0.10285714285714286
0.13053571428571428
0.2951785714285714
0.35410714285714284
0.455
0.56875
0.6696428571428571
0.7333928571428572
0.10571428571428572
0.13339285714285715
0.2355357142857143
0.3469642857142857
0.4592857142857143
0.5567857142857143
0.6425
0.7269642857142857
0.12428571428571429
0.15178571428571427
0.27785714285714286
0.3530357142857143
0.4667857142857143
0.5585714285714286
0.67125
0.7457142857142857
0.12517857142857142
0.1375
0.24946428571428572
0.36464285714285716
0.44375
0.5498214285714286
0.645
0.7230357142857143
0.13339285714285715
0.10964285714285714
0.2382142857142857
0.3603571428571429
0.42964285714285716
0.5480357142857143
0.6246428571428572
0.6930357142857143
