6.326009388333962
4.401344703665624
11.899845161649864
11.099538207345176
11.007123721996322
14.155298840351557
26.918495158684284
53.15409912064206
4.810163467676223
7.127134271664545
14.481665803332968
11.576737438367369
11.405712199979462
14.777866203008065
23.069777965312824
53.041024090334155
4.643098632009544
6.033867903985083
13.705073979004132
12.397331095009577
11.363168094675833
14.779903073659321
24.376284913664374
49.909420861358136
5.48693303434023
6.944829288346227
13.90875567732534
10.487174828342782
11.822057759331074
15.370414428665148
25.663326053336885
59.59490299766185
6.341756463341881
6.112260661320761
12.560046501341276
10.266231394993762
12.548352441983297
13.532455368995821
25.613212511350866
53.091726882674266
6.071198237322581
6.935941724320098
13.60720151067168
10.800856654338228
12.520456339678882
14.787779435670624
25.64018165168818
53.07067777534636
4.787778588981989
5.864520068649047
13.963867240662998
11.061433731326057
11.710794603316268
14.750430799322203
25.691133835663397
53.10271772934357
4.336754940683022
5.4423301826658035
14.234970434335992
11.260711794990735
10.999430558353197
14.772844281008778
25.721358831991285
53.18085332434081
5.653042097343132
5.1847532363220425
14.101470576676851
11.964416272686018
12.089680617345342
15.362537326019568
25.613888909671612
56.30106583831366
6.863298981334083
5.1872669636504725
13.635135902654534
11.57548622067164
10.98893700966922
14.67643529700581
24.33724491368048
59.49305426131468
5.437054188980255
6.079031492350623
12.649567295680754
11.618970741323816
12.098349810674941
14.139304639655165
25.706497287668753
53.03199587498481
4.765463723354817
5.720801550991989
10.818259721020391
11.850003432676507
12.805786647368222
15.406215187006941
26.992574553665083
53.16748809498191
5.45603175201298
5.022610600998935
11.528471896347279
11.837324087003557
11.429701097678238
15.386394371996479
24.288023411335114
49.85618465500496
5.464690529644334
4.976647120337778
13.084404113003984
10.21367683201485
12.10002054933769
15.427733262321757
25.66204622865189
59.57615744832825
6.839945989001232
5.57975172100123
13.538499040005263
11.823763019696344
12.462988593343956
14.773447692665892
26.135372686355065
56.914403382999204
5.366274164640345
5.967733970998476
13.391738481315164
11.263332923020547
12.138594418667102
14.795950775015323
25.67503910467106
56.28308495832607
5.237919550971128
4.986512073335082
12.159237937361468
11.541999694658443
11.423411574660955
14.136432183013918
25.60505899800531
59.46889781367887
6.630462337324086
5.026892484340351
13.391916712319167
12.308410702001614
11.754679035337176
15.980404515673095
25.639681630321622
63.50307998965339
6.223625031668537
5.786136941654452
12.47062419434466
12.048358485665327
11.41764140400725
15.35323276068084
26.96853246097453
59.55835050334766
6.802117310347967
5.565010717662517
12.610612053676354
12.097300395679971
10.980895230003322
14.743068326672073
26.993321880659398
56.34949086532773
6.592768759001046
4.7569317956610275
14.276586345979013
11.77936719903179
12.115118740320517
15.310821022004044
25.67207325634081
59.562402576964814
6.18529417400714
8.458230668989321
14.478202168014832
11.561862517652722
11.412215081683826
14.13311195934269
24.31430451630149
49.9529572710162
5.829948867671192
5.216248474995761
14.784973363004005
12.668739354005083
12.108552880662804
15.415434031689074
24.380787831323687
50.034834895651635
7.906094147008844
6.008052515001812
15.911940402642358
10.782085991309335
12.162224518659059
14.192470324322736
25.810474422003608
56.613449653009106
5.473871743985607
5.458677854679991
13.763866845013885
10.466897112336786
11.777571493992582
15.386679850014238
24.42612162504035
56.434239984024316
6.02193096835011
5.396883003685313
15.227653595657708
12.085482457691493
11.391627772012725
16.594577278010547
28.390977110325668
59.81071688432712
5.6522486836959915
5.583190131699666
13.84602664570169
12.676346087983498
12.11687190970406
14.73015998195236
27.04273296702498
56.570198181046486
5.988595475054656
6.267826210319375
12.58918381164161
13.582563941677412
13.591601766684713
15.448651721390585
25.695139885647222
56.53503697800139
6.467878273649451
4.985551886338119
12.41841308233173
10.741267930638665
11.387592948313491
14.181118432742855
25.721795570338145
49.90711193729658
5.622902185966571
4.323737067674908
13.506951295305043
10.217513082316145
10.990534872010661
14.122177233725475
21.733805132991012
53.26931915769819
6.806099248002283
5.809150402667001
11.93571666496185
10.733646739002628
10.997001496648105
14.362519531976432
24.995903589995578
50.09912455167311
5.24510548368562
6.634087141991283
13.575267999665812
11.540115520358086
11.417282893671654
14.155016582032355
25.686583477344055
53.160812625273444
5.592208025317329
5.152322992643652
15.688775199349038
10.724482256996756
11.040527770994231
15.985264116316102
25.737066186654072
56.59912813505313
4.807399506020981
7.005177945985149
13.110864455307214
12.396994208334945
11.795859146358756
14.177861045386331
24.38290906235731
49.978276966993384
5.826933453363988
7.207245182672826
14.7396087636007
11.089797644332672
11.035394663689658
14.777047592680901
25.693745131681982
59.587475604300074
5.446391599640871
4.756506148958579
14.762647850012096
12.106058439007029
11.380108853336424
14.796028630342335
25.688529770006426
56.46179266266214
4.611823735642247
6.015371645684354
12.151010091921004
11.554794164025225
11.374056911328807
14.047821620983692
23.006117210335407
50.1132870829509
7.848809434295011
7.311753720976412
14.283269430006234
11.042495481320657
10.638769115010897
14.141614579673236
23.0422026362891
53.151992509995274
5.004752466649127
4.948053190329422
13.579104768655574
12.152097776027707
12.87138732363625
15.375572575993525
24.410953783313744
59.74663661633773
5.766996510055226
4.758180282311514
12.377398610309077
10.493062123966714
12.085032741966037
15.341483543665769
25.670250063335214
56.35739692537269
5.998255867666255
6.441358603343057
12.841439073362077
12.880841976691348
12.890912056046849
16.476316875312477
27.954406970956672
53.13496712599105
6.407535462640226
6.089376186331113
13.804152186998786
12.423304950624393
13.252387605956756
14.759995506688332
24.327563448265817
56.34783439862076
5.420630985327686
6.209243706311099
13.315161375290094
12.642845266692651
11.808416933674986
14.178797751354674
25.66429264098406
53.12247856434745
4.802968406622919
6.0056290439485265
13.164237345025564
11.3016020123614
11.401344393069545
14.116522311698645
25.643967938337784
50.652415735685885
5.985726083046757
4.96397484629415
10.829116418686075
12.702401430656513
12.822086643660441
14.178174936717065
26.92943913466297
49.9763199420025
