0.40394879700033925
0.8067995000164956
1.9684553090191912
5.1484947230201215
14.22771141899284
47.92010544400546
161.56318225699943
679.375418538024
0.4028685109806247
0.8119233960169367
1.9391695700178389
5.160321867006132
14.262859610986197
46.21237289000419
158.9306550619949
651.8121225649957
0.4064703749900218
0.8034291460062377
1.9355490159941837
5.176588155009085
14.263117569003953
46.660033542022575
157.89907643100014
659.4030123119883
0.4090522729966324
0.8021743050194345
1.9604545820038766
5.133532703999663
14.189167975011514
48.11254339799052
156.73302846201113
663.8426692459907
0.411756546003744
0.8120142239786219
1.9413567229930777
5.169099090999225
14.264040923997527
49.019005759007996
162.61954732099548
672.9992478929926
0.40917827500379644
0.8037698059924878
1.9417123830062337
5.147819731995696
14.315487560990732
46.22114907100331
155.97820524699637
649.878127176984
0.42175707197748125
0.8121987899939995
1.9316061739809811
5.132950739993248
14.05235470898333
46.11061000000336
158.21119058900513
648.079229933006
0.41235380500438623
0.8075637820002157
1.9486729959899094
5.14927245801664
14.184037590021035
48.0614975829958
160.686326533003
662.3242095449823
0.40639428701251745
0.8059078980004415
1.949344647990074
5.1218311070115305
14.16909212002065
47.24261568300426
156.5550815690076
647.2351643870061
0.40231327700894326
0.8303954500006512
1.9347061929875053
5.126298313000007
14.199262291978812
46.60981462599011
156.730484677013
649.8643438399886
0.41169213299872354
0.8136214060068596
1.953735188988503
5.126999941014219
14.202858395001385
46.2818076289841
159.05971205499372
649.2189299400197
0.4041685830161441
0.8102960670075845
1.9471395699947607
5.18037715999526
14.189824830013094
46.639720276987646
159.58123418100877
659.75356736299
0.402444651001133
0.8089500850182958
1.9347056749975309
5.1382137589971535
14.208685731020523
46.54508942499524
157.21620274000452
635.749230935995
0.4032477430009749
0.8080921120126732
1.9745061790163163
5.119061447010608
14.255436665000161
46.71346624600119
159.3596606409992
645.8226394069789
0.4011453759740107
0.8099998230172787
1.9349066029826645
5.120600763999391
14.204412211984163
46.02742020599544
155.5993115209858
632.2033619899885
0.41105016801157035
0.8069439000100829
1.9295126690121833
5.129839781002374
14.145461476990022
46.238706567994086
158.60475232999306
638.0241486520099
0.41440644999966025
0.8000937219767366
1.9685948900005314
5.108279236010276
14.241000781999901
46.38821406898205
160.3094167149975
653.9692616119864
0.42123687200364657
0.823836117022438
1.9443646049767267
5.152039490989409
14.224878469016403
46.29241966200061
157.2690941110195
626.2689963319863
0.4072327989852056
0.8041853409959003
1.9407295909768436
5.127603372005979
14.211121203989023
46.11504952001269
156.0252279349952
643.8215977159853
0.40705024599446915
0.8031384330242872
1.9442488820059225
5.094743929017568
14.153527733986266
46.44485573598649
156.23594698600937
641.5926489080011
0.4009542469866574
0.798964205023367
1.9424537880113348
5.161040910985321
14.223518276005052
46.37252646801062
153.878350924002
626.5112191019871
0.4062503250024747
0.8045409920159727
1.946013833017787
5.120147163979709
14.254617519996827
45.86083904799307
157.70885333500337
642.4634797970066
0.40297859598649666
0.8125165429955814
1.9392878480139188
5.120951254997635
14.11899848500616
46.409711360000074
157.70553581000422
651.9551026409899
0.4007646459795069
0.7951800159935374
1.9418575750023592
5.089187153993407
14.063366101996507
46.750954646995524
159.47363296500407
631.364538785012
0.40386064900667407
0.7994828399969265
1.9402786169957835
5.150758682982996
14.135708935995353
46.15040105598746
155.79500378802186
643.0360095140059
0.4025299980130512
0.8064649909792934
1.9385479069896974
5.126018640003167
14.204185492009856
46.22734825700172
155.58498481599963
627.080728003988
0.40749865799443796
0.801714550005272
1.9657113809953444
5.165310540003702
14.16446465998888
46.06924268399598
152.8022874080052
627.6561531369807
0.4077509410271887
0.8031551309977658
1.9408433960052207
5.139051459002076
14.165107244014507
46.35604934798903
155.29609777999576
624.0911844079965
0.4286819910048507
0.8007571449852549
1.9381453249952756
5.140194223989965
14.115381451003486
46.44668231101241
159.52474670298398
676.9173993419972
0.406773673981661
0.8017970989749301
1.9528764199931175
5.138892218994442
14.306055088003632
46.18467326101381
159.25012007699115
679.3384259460145
0.40664729999843985
0.804800834011985
1.9341233080194797
5.146200363000389
14.13631152099697
45.94503577600699
157.56643770699156
651.8948835179908
0.40553269698284566
0.8038516239903402
1.9506364080007188
5.153750954021234
14.209041619993513
46.47930767197977
155.58980732300552
653.1180523820221
0.4128807650122326
0.8097745979903266
1.929894791013794
5.166741291002836
14.151214042009087
47.35925511500682
158.23572714900365
645.8717602319957
0.4073078889923636
0.8381353790173307
1.9437322329904418
5.164479000988649
14.21701676401426
46.790640496998094
155.14141913401545
643.4842952329782
0.401746611983981
0.8066802110115532
1.947980214987183
5.148353367985692
14.08486061898293
46.22219148502336
155.88541200599866
632.8995052999817
0.40561316299135797
0.8059807810059283
1.9523785150086042
5.142746389989043
14.12958191902726
46.104889710986754
155.1955854880216
637.7747414550104
0.4063615560007747
0.8066263259970583
1.9455090489936993
5.1667849920049775
14.22582958600833
46.3255206719914
160.89968100501574
659.5416079740098
0.40509864399791695
0.8193677550007124
1.9451361429819372
5.211686144990381
14.325780923012644
48.74806795400218
161.01115226501133
689.807965037995
0.431560074997833
0.8058175659971312
1.9426740870112553
5.147977922984865
14.17306056097732
46.325009697000496
158.57996266099508
652.2901482640009
0.4032072380068712
0.8020195799763314
1.936268707999261
5.139651039004093
14.12874032300897
46.84123970501241
162.5323504859989
661.4482656980108
0.41488271299749613
0.805032813019352
1.9769991060020402
5.143902599986177
14.151690761995269
46.70562017397606
158.7434261990129
646.23946574601
0.40443971898639575
0.8213731920113787
1.9508651880023535
5.073287296982016
14.247047833981924
46.64689789499971
157.36988108500373
642.3746232599951
0.4103610340098385
0.8012934589933138
1.9501125520037021
5.125362294988008
14.204981258983025
46.34334993400262
160.78478248399915
640.6188433200005
0.41471682701376267
0.8027061320026405
1.9555050740018487
5.141957122978056
14.121472787024686
46.53903761901893
157.19310501401196
646.4137821439945
0.40552060000482015
0.8063838650123216
1.932398306002142
5.184294482023688
14.135966136993375
46.70512018701993
159.2085967049934
665.2205067950126
