0.5478100659966003
1.027503492005053
2.5505962719907984
6.5974034419923555
17.76613654200628
58.410658946988406
199.93756032700185
818.1060738429951
0.48646675699274056
0.9969584950013086
2.4682520530041074
6.5055312539916486
19.751408524010913
59.75280028299312
214.28745969600277
831.3384418479982
0.5181687279982725
1.032274230994517
2.4976571459992556
6.549047926993808
19.928244595997967
62.3970102470048
213.30931973500992
844.8055173600005
0.49715870700310916
0.9865258559875656
2.36007437799708
6.411137508999673
18.944553466993966
58.05293768701085
200.9124414370017
838.8902608979988
0.5353288759943098
1.0149348929990083
2.48304248599743
6.636011442999006
17.540142726997146
58.610840384004405
209.32288259499182
831.3972614720115
0.48803242000576574
0.9647073709929828
2.4682178299990483
6.487432355002966
17.981383550009923
56.54288011700555
208.41386621100537
843.4368195260031
0.4818319839978358
0.9610601479944307
2.3668846499931533
6.38160606699239
17.21856499799469
55.59847183700185
195.63055425899802
823.6340779940074
0.4792883080081083
1.0310012589907274
2.7396277180087054
6.390167401987128
18.37285546401108
56.740191700999276
200.57676190999337
848.774664548997
0.5080952250136761
0.9994403470045654
2.5869905829895288
6.544418089004466
18.345846647003782
57.15785531800066
206.263609378002
855.3830059269967
0.5024345490091946
1.0581246969959466
2.494047835993115
6.684953190997476
18.061833013998694
59.316220187
215.93639427500602
849.850646781997
0.508199596995837
1.018393942998955
2.549825561000034
6.6274582619953435
18.21195397200063
58.9416100679955
208.79283320199465
794.2059757329989
0.5197612729971297
0.9753024609963177
2.452467241004342
6.1994110780069605
17.537559955002507
53.659066126012476
197.50803857299616
817.4239878320077
0.528120711009251
0.990573110000696
2.461703127992223
6.3904779920121655
18.924429822000093
57.508507902995916
213.27361943299184
846.9480129360018
0.5096831139962887
1.0687504269881174
2.422773790996871
6.592111520003527
20.221351307001896
59.06720042300003
214.52090076399327
837.7072219380061
0.5092638400092255
1.0161068720044568
2.373856613005046
6.380283267993946
18.758699685989995
58.705586484997184
210.28563965600915
844.7560378859926
0.47463643600349315
0.9773552849947009
2.338362129012239
6.212180906004505
17.033292456006166
50.5128676519962
217.87520619599673
853.6887872509978
0.4839145419973647
0.9923331780009903
2.415413491995423
6.285969231990748
17.931293568995898
55.24228288700397
201.68827998598863
869.0025726530002
0.48769787199853454
0.9723988280020421
2.573502652012394
6.048394557990832
15.914216892007971
54.95384862400533
189.66668109901366
804.3038786990073
0.4667595149949193
0.9473219810024602
2.293241649007541
5.828292795995367
15.475459863999276
55.102884537001955
190.04366517299786
826.293016554002
0.5106322850042488
0.961996462996467
2.505251288996078
6.447888716007583
19.33467349500279
61.184977448006975
221.88464605799527
889.2571116659965
0.4963338450033916
0.9668188240029849
2.401427545992192
6.455913539000903
17.981547246003174
58.258155269999406
209.7386615780124
787.0858232470055
0.4623479840083746
0.9036451440042583
2.012799221003661
6.206350460997783
17.07462636299897
55.86583473300561
177.73451127199223
754.4051604560082
0.48500125600548927
0.901604059006786
2.3398100679914933
6.007839412995963
16.32111950700346
51.89821873400069
189.26461910999205
811.6219688840065
0.4926673649897566
1.0051841389940819
2.2534436940040905
6.375616504999925
16.100352246998227
53.7743530759908
189.0689174069994
775.1865298049961
0.4604598720034119
0.9219734590005828
2.3956230730109382
5.930885855996166
16.31154720199993
45.98090094399231
180.5570793930092
750.2918128839956
0.48253638700407464
0.9576010089949705
2.1435095479973825
5.603463220002595
14.695196011001826
51.5753777029895
186.58453009500226
798.6240324710088
0.44651784900634084
0.9895863679994363
2.124366044998169
5.2731821539928205
15.354744393000146
47.50893007800914
180.8076049240044
729.0837470050028
0.4663124219950987
0.7784454889915651
1.9986994339997182
5.05422096500115
14.585020218990394
59.56549500899564
203.90446877200156
863.9916938590031
0.4741634050005814
0.9719846219959436
2.3691933259979123
6.189364612000645
17.56202568099252
57.58682029800548
208.12248443999852
771.3101596150082
0.4954032149980776
1.009728819000884
2.4146841850015335
6.300674047990469
19.050122836997616
57.3940535599977
204.95026730200334
757.7104754710017
0.4803197079891106
0.9418890329980059
2.37489901400113
6.309425582992844
18.88635986999725
57.24856062499748
207.67063623201102
827.0779637740052
0.47881809300452005
0.9587922119972063
2.3450350310013164
5.905183278999175
17.096784794994164
50.18760352200479
172.40515716899245
712.8848572739953
0.4656376449856907
0.8763194549974287
2.0810763649933506
5.060150139004691
14.066437091998523
44.26848439499736
171.16169637898565
697.0544230370142
0.4242829230206553
0.8397248119872529
2.0529937419923954
5.958408116013743
14.169218196009751
44.341096391988685
166.6723122249823
669.4171442519873
0.4050278500071727
0.8264107670111116
1.9998701470030937
5.463541756995255
13.86636968899984
41.96527226298349
163.80435025901534
708.5550722070038
0.4553048860107083
0.8818164650001563
1.829517901991494
5.191840275016148
13.766605487006018
43.87966272898484
168.64636414599954
702.5246832309931
0.46848288000910543
0.7715505970118102
1.8600470679812133
5.533081820001826
15.034830221004086
44.49920642399229
175.80731487399316
748.0425256240123
0.43012780600111
0.8917983369901776
2.2524817420053296
5.776459282002179
15.300943139009178
52.141241032019025
202.54185953800334
807.3565052140038
0.4772719729808159
0.9098698180168867
2.0840781570004765
5.758072743017692
15.830238752998412
47.08342128500226
183.45521254700725
755.2081458769972
0.47098593099508435
0.9447415749891661
2.1763829110132065
5.758112206007354
15.994330840010662
50.01240695899469
186.04727736199857
764.9580733039766
0.5035195240052417
0.9531342739937827
2.319095394021133
6.091762761003338
16.495633202022873
49.891410734999226
185.13285673499922
776.2930328030197
0.46497435300261714
0.9066610700101592
2.3061127650144044
5.609937786997762
15.419801231997553
48.77262683000299
192.31104450699058
782.6636317149969
0.4828959659789689
0.9062441290006973
2.2370731310220435
5.731913224008167
15.394285685993964
49.836395403021015
189.84151830000337
727.6823479890008
0.39012371900025755
0.7575296779978089
1.9004197900067084
5.007831744995201
14.537042703013867
45.20344749902142
159.03581124800257
696.099088286981
0.4607579310250003
0.7739219710056204
1.8684705109917559
5.070215758983977
13.947303794004256
42.8154699440056
165.81169979297556
685.6258220769814
